begin_time_stamp: 1588330711.1999998
data_header:
  time_stamp: [x, y, z, R11, R12, R13, R21, R22, R23, R31, R32, R33]
trajectory_data:
  '000.0000': ['0.172', '0.624', '0.080', '-0.02162', '0.99977', '-0.00018', '-0.99977',
    '-0.02162', '-0.00011', '-0.00011', '0.00018', '1.00000']
  '000.0667': ['0.173', '0.624', '0.080', '-0.02202', '0.99976', '-0.00022', '-0.99976',
    '-0.02202', '-0.00008', '-0.00009', '0.00022', '1.00000']
  '000.1333': ['0.172', '0.624', '0.080', '-0.02191', '0.99976', '-0.00017', '-0.99976',
    '-0.02191', '-0.00011', '-0.00012', '0.00017', '1.00000']
  '000.2000': ['0.172', '0.624', '0.080', '-0.02179', '0.99976', '-0.00016', '-0.99976',
    '-0.02179', '-0.00012', '-0.00012', '0.00016', '1.00000']
  '000.2667': ['0.172', '0.624', '0.080', '-0.02210', '0.99976', '-0.00019', '-0.99976',
    '-0.02210', '-0.00009', '-0.00009', '0.00018', '1.00000']
  '000.3333': ['0.172', '0.624', '0.080', '-0.02237', '0.99975', '-0.00018', '-0.99975',
    '-0.02237', '-0.00009', '-0.00009', '0.00018', '1.00000']
  '005.0000': ['0.411', '0.171', '0.080', '0.89417', '0.44773', '0.00002', '-0.44773',
    '0.89417', '0.00049', '0.00020', '-0.00045', '1.00000']
  '005.0667': ['0.434', '0.162', '0.080', '0.91632', '0.40045', '0.00009', '-0.40045',
    '0.91632', '0.00059', '0.00016', '-0.00057', '1.00000']
  '005.1333': ['0.456', '0.154', '0.080', '0.93765', '0.34757', '0.00014', '-0.34757',
    '0.93765', '0.00067', '0.00010', '-0.00067', '1.00000']
  '005.2000': ['0.484', '0.146', '0.080', '0.96030', '0.27897', '0.00021', '-0.27897',
    '0.96030', '0.00081', '0.00003', '-0.00084', '1.00000']
  '005.2667': ['0.509', '0.138', '0.080', '0.97746', '0.21113', '0.00026', '-0.21113',
    '0.97746', '0.00089', '-0.00007', '-0.00092', '1.00000']
  '005.3333': ['0.532', '0.133', '0.080', '0.98946', '0.14480', '0.00034', '-0.14480',
    '0.98946', '0.00092', '-0.00020', '-0.00096', '1.00000']
  '005.4000': ['0.558', '0.129', '0.080', '0.99671', '0.08109', '0.00038', '-0.08109',
    '0.99671', '0.00100', '-0.00030', '-0.00102', '1.00000']
  '005.4667': ['0.573', '0.127', '0.080', '0.99915', '0.04120', '0.00043', '-0.04120',
    '0.99915', '0.00097', '-0.00039', '-0.00099', '1.00000']
  '005.5333': ['0.588', '0.125', '0.080', '0.99997', '0.00749', '0.00048', '-0.00749',
    '0.99997', '0.00099', '-0.00047', '-0.00099', '1.00000']
  '005.6000': ['0.605', '0.126', '0.080', '0.99980', '-0.01982', '0.00047', '0.01982',
    '0.99980', '0.00092', '-0.00049', '-0.00091', '1.00000']
  '005.6667': ['0.617', '0.127', '0.080', '0.99956', '-0.02975', '0.00047', '0.02975',
    '0.99956', '0.00086', '-0.00050', '-0.00085', '1.00000']
  '005.7333': ['0.632', '0.127', '0.080', '0.99952', '-0.03084', '0.00046', '0.03084',
    '0.99952', '0.00083', '-0.00048', '-0.00082', '1.00000']
  '008.5333': ['1.089', '0.091', '0.080', '0.99711', '-0.07593', '0.00094', '0.07593',
    '0.99711', '0.00089', '-0.00100', '-0.00082', '1.00000']
  '008.6000': ['1.117', '0.101', '0.080', '0.99348', '-0.11404', '-0.00053', '0.11404',
    '0.99348', '-0.00009', '0.00054', '0.00003', '1.00000']
  '008.6667': ['1.128', '0.101', '0.080', '0.99211', '-0.12533', '-0.00055', '0.12533',
    '0.99212', '-0.00009', '0.00056', '0.00002', '1.00000']
  '008.7333': ['1.144', '0.105', '0.080', '0.99111', '-0.13308', '-0.00055', '0.13308',
    '0.99111', '-0.00014', '0.00056', '0.00007', '1.00000']
  '008.8000': ['1.158', '0.111', '0.080', '0.99248', '-0.12240', '-0.00047', '0.12240',
    '0.99248', '-0.00013', '0.00049', '0.00007', '1.00000']
  '008.8667': ['1.174', '0.116', '0.080', '0.99104', '-0.13359', '-0.00049', '0.13359',
    '0.99104', '-0.00014', '0.00050', '0.00007', '1.00000']
  '008.9333': ['1.186', '0.117', '0.080', '0.99155', '-0.12971', '-0.00036', '0.12971',
    '0.99155', '-0.00016', '0.00037', '0.00011', '1.00000']
  '009.0000': ['1.195', '0.114', '0.080', '0.99008', '-0.14053', '-0.00033', '0.14053',
    '0.99008', '-0.00012', '0.00035', '0.00007', '1.00000']
  '009.0667': ['1.208', '0.115', '0.080', '0.98772', '-0.15625', '-0.00036', '0.15625',
    '0.98772', '-0.00013', '0.00037', '0.00008', '1.00000']
  '009.1333': ['1.220', '0.118', '0.080', '0.98528', '-0.17092', '-0.00036', '0.17092',
    '0.98528', '-0.00014', '0.00037', '0.00008', '1.00000']
  '009.2000': ['1.233', '0.121', '0.080', '0.98463', '-0.17465', '-0.00029', '0.17465',
    '0.98463', '-0.00017', '0.00031', '0.00012', '1.00000']
  '009.2667': ['1.247', '0.126', '0.080', '0.98016', '-0.19822', '-0.00033', '0.19822',
    '0.98016', '-0.00019', '0.00036', '0.00012', '1.00000']
  '009.3333': ['1.255', '0.125', '0.080', '0.97135', '-0.23764', '-0.00042', '0.23764',
    '0.97135', '-0.00016', '0.00044', '0.00006', '1.00000']
  '009.4000': ['1.268', '0.130', '0.080', '0.94926', '-0.31449', '-0.00048', '0.31449',
    '0.94926', '-0.00017', '0.00051', '0.00001', '1.00000']
  '009.4667': ['1.282', '0.137', '0.080', '0.92634', '-0.37668', '-0.00051', '0.37668',
    '0.92634', '-0.00021', '0.00055', '0.00000', '1.00000']
  '009.5333': ['1.291', '0.140', '0.080', '0.91073', '-0.41301', '-0.00052', '0.41301',
    '0.91073', '-0.00019', '0.00055', '-0.00005', '1.00000']
  '009.6000': ['1.301', '0.146', '0.080', '0.90252', '-0.43065', '-0.00049', '0.43065',
    '0.90252', '-0.00021', '0.00053', '-0.00002', '1.00000']
  '009.6667': ['1.310', '0.150', '0.080', '0.89848', '-0.43901', '-0.00045', '0.43901',
    '0.89848', '-0.00022', '0.00050', '-0.00000', '1.00000']
  '009.7333': ['1.318', '0.154', '0.080', '0.89437', '-0.44732', '-0.00042', '0.44732',
    '0.89437', '-0.00022', '0.00047', '0.00001', '1.00000']
  '009.8000': ['1.330', '0.160', '0.080', '0.88532', '-0.46497', '-0.00049', '0.46497',
    '0.88532', '-0.00025', '0.00055', '-0.00000', '1.00000']
  '009.8667': ['1.339', '0.165', '0.080', '0.87859', '-0.47758', '-0.00052', '0.47758',
    '0.87859', '-0.00028', '0.00060', '0.00000', '1.00000']
  '009.9333': ['1.345', '0.168', '0.080', '0.88056', '-0.47393', '-0.00039', '0.47393',
    '0.88056', '-0.00024', '0.00046', '0.00002', '1.00000']
  '010.0000': ['1.355', '0.174', '0.080', '0.87653', '-0.48134', '-0.00043', '0.48134',
    '0.87653', '-0.00026', '0.00050', '0.00002', '1.00000']
  '010.0667': ['1.363', '0.178', '0.080', '0.87041', '-0.49233', '-0.00047', '0.49233',
    '0.87041', '-0.00029', '0.00055', '0.00003', '1.00000']
  '010.1333': ['1.370', '0.181', '0.080', '0.87252', '-0.48858', '-0.00040', '0.48858',
    '0.87252', '-0.00026', '0.00048', '0.00003', '1.00000']
  '010.2000': ['1.379', '0.186', '0.080', '0.87106', '-0.49117', '-0.00038', '0.49117',
    '0.87106', '-0.00024', '0.00045', '0.00003', '1.00000']
  '010.2667': ['1.389', '0.193', '0.080', '0.86700', '-0.49831', '-0.00037', '0.49831',
    '0.86700', '-0.00027', '0.00046', '0.00005', '1.00000']
  '010.3333': ['1.399', '0.198', '0.080', '0.86224', '-0.50650', '-0.00042', '0.50650',
    '0.86224', '-0.00028', '0.00051', '0.00003', '1.00000']
  '010.4000': ['1.407', '0.203', '0.080', '0.85886', '-0.51221', '-0.00036', '0.51221',
    '0.85886', '-0.00027', '0.00045', '0.00005', '1.00000']
  '010.4667': ['1.417', '0.209', '0.080', '0.85288', '-0.52211', '-0.00034', '0.52211',
    '0.85288', '-0.00027', '0.00043', '0.00006', '1.00000']
  '010.5333': ['1.426', '0.214', '0.080', '0.84368', '-0.53684', '-0.00034', '0.53684',
    '0.84368', '-0.00027', '0.00043', '0.00004', '1.00000']
  '010.6000': ['1.436', '0.222', '0.080', '0.83663', '-0.54777', '-0.00035', '0.54777',
    '0.83663', '-0.00029', '0.00045', '0.00005', '1.00000']
  '010.6667': ['1.446', '0.228', '0.080', '0.82732', '-0.56173', '-0.00035', '0.56173',
    '0.82732', '-0.00028', '0.00045', '0.00004', '1.00000']
  '010.7333': ['1.455', '0.234', '0.080', '0.81940', '-0.57322', '-0.00035', '0.57322',
    '0.81940', '-0.00028', '0.00045', '0.00003', '1.00000']
  '010.8000': ['1.465', '0.243', '0.080', '0.81028', '-0.58604', '-0.00035', '0.58604',
    '0.81028', '-0.00029', '0.00045', '0.00003', '1.00000']
  '010.8667': ['1.474', '0.249', '0.080', '0.79678', '-0.60427', '-0.00036', '0.60427',
    '0.79678', '-0.00028', '0.00045', '0.00001', '1.00000']
  '010.9333': ['1.483', '0.256', '0.080', '0.78151', '-0.62390', '-0.00035', '0.62390',
    '0.78151', '-0.00027', '0.00044', '-0.00001', '1.00000']
  '011.0000': ['1.492', '0.264', '0.080', '0.76740', '-0.64117', '-0.00033', '0.64117',
    '0.76740', '-0.00029', '0.00044', '0.00001', '1.00000']
  '011.0667': ['1.500', '0.271', '0.080', '0.75289', '-0.65815', '-0.00031', '0.65815',
    '0.75289', '-0.00029', '0.00042', '0.00001', '1.00000']
  '011.1333': ['1.509', '0.278', '0.080', '0.74085', '-0.67167', '-0.00030', '0.67167',
    '0.74085', '-0.00028', '0.00041', '0.00001', '1.00000']
  '011.2000': ['1.517', '0.287', '0.080', '0.73525', '-0.67780', '-0.00028', '0.67780',
    '0.73525', '-0.00033', '0.00043', '0.00005', '1.00000']
  '011.2667': ['1.525', '0.294', '0.080', '0.72683', '-0.68681', '-0.00028', '0.68681',
    '0.72683', '-0.00031', '0.00041', '0.00004', '1.00000']
  '011.3333': ['1.533', '0.301', '0.080', '0.72128', '-0.69264', '-0.00027', '0.69264',
    '0.72128', '-0.00034', '0.00043', '0.00006', '1.00000']
  '011.4000': ['1.541', '0.309', '0.080', '0.71016', '-0.70404', '-0.00025', '0.70404',
    '0.71016', '-0.00032', '0.00041', '0.00005', '1.00000']
  '011.4667': ['1.549', '0.316', '0.080', '0.70006', '-0.71409', '-0.00023', '0.71409',
    '0.70006', '-0.00032', '0.00039', '0.00006', '1.00000']
  '011.5333': ['1.556', '0.324', '0.080', '0.69111', '-0.72275', '-0.00023', '0.72275',
    '0.69111', '-0.00031', '0.00038', '0.00005', '1.00000']
  '011.6000': ['1.565', '0.334', '0.080', '0.68253', '-0.73085', '-0.00023', '0.73085',
    '0.68253', '-0.00031', '0.00039', '0.00004', '1.00000']
  '011.6667': ['1.573', '0.343', '0.080', '0.67429', '-0.73847', '-0.00022', '0.73847',
    '0.67429', '-0.00031', '0.00038', '0.00004', '1.00000']
  '011.7333': ['1.581', '0.352', '0.080', '0.66039', '-0.75092', '-0.00022', '0.75092',
    '0.66039', '-0.00029', '0.00036', '0.00003', '1.00000']
  '011.8000': ['1.589', '0.361', '0.080', '0.64123', '-0.76735', '-0.00022', '0.76735',
    '0.64123', '-0.00029', '0.00037', '0.00002', '1.00000']
  '011.8667': ['1.597', '0.371', '0.080', '0.61081', '-0.79178', '-0.00024', '0.79178',
    '0.61081', '-0.00026', '0.00035', '-0.00003', '1.00000']
  '011.9333': ['1.604', '0.382', '0.080', '0.58228', '-0.81299', '-0.00021', '0.81299',
    '0.58228', '-0.00030', '0.00037', '-0.00000', '1.00000']
  '012.0000': ['1.611', '0.393', '0.080', '0.54946', '-0.83552', '-0.00019', '0.83552',
    '0.54946', '-0.00031', '0.00036', '0.00001', '1.00000']
  '012.0667': ['1.617', '0.403', '0.080', '0.51571', '-0.85677', '-0.00013', '0.85677',
    '0.51571', '-0.00027', '0.00029', '0.00003', '1.00000']
  '012.1333': ['1.623', '0.415', '0.080', '0.47573', '-0.87959', '-0.00015', '0.87959',
    '0.47573', '-0.00028', '0.00032', '0.00000', '1.00000']
  '012.2000': ['1.628', '0.425', '0.080', '0.44147', '-0.89728', '-0.00015', '0.89728',
    '0.44147', '-0.00027', '0.00030', '-0.00001', '1.00000']
  '012.2667': ['1.634', '0.436', '0.080', '0.41007', '-0.91205', '-0.00016', '0.91205',
    '0.41007', '-0.00022', '0.00027', '-0.00006', '1.00000']
  '012.3333': ['1.639', '0.447', '0.080', '0.38115', '-0.92451', '-0.00014', '0.92451',
    '0.38115', '-0.00020', '0.00024', '-0.00006', '1.00000']
  '012.4000': ['1.643', '0.459', '0.080', '0.35750', '-0.93391', '-0.00008', '0.93391',
    '0.35750', '-0.00020', '0.00022', '0.00000', '1.00000']
  '012.4667': ['1.648', '0.471', '0.080', '0.32806', '-0.94466', '-0.00011', '0.94466',
    '0.32806', '-0.00020', '0.00023', '-0.00004', '1.00000']
  '012.5333': ['1.651', '0.483', '0.080', '0.30295', '-0.95301', '-0.00005', '0.95301',
    '0.30295', '-0.00020', '0.00021', '0.00002', '1.00000']
  '012.6000': ['1.655', '0.495', '0.080', '0.26694', '-0.96371', '-0.00007', '0.96371',
    '0.26694', '-0.00018', '0.00020', '-0.00002', '1.00000']
  '012.6667': ['1.657', '0.508', '0.080', '0.23544', '-0.97189', '-0.00000', '0.97189',
    '0.23544', '-0.00019', '0.00018', '0.00004', '1.00000']
  '012.7333': ['1.659', '0.520', '0.080', '0.19714', '-0.98038', '-0.00001', '0.98038',
    '0.19714', '-0.00012', '0.00012', '0.00001', '1.00000']
  '012.8000': ['1.661', '0.533', '0.080', '0.15695', '-0.98761', '-0.00003', '0.98761',
    '0.15695', '-0.00012', '0.00013', '-0.00001', '1.00000']
  '012.8667': ['1.662', '0.546', '0.080', '0.11686', '-0.99315', '0.00003', '0.99315',
    '0.11686', '-0.00011', '0.00010', '0.00004', '1.00000']
  '012.9333': ['1.661', '0.558', '0.080', '0.07255', '-0.99736', '0.00014', '0.99736',
    '0.07255', '0.00007', '-0.00008', '0.00014', '1.00000']
  '013.0000': ['1.662', '0.573', '0.080', '0.03491', '-0.99939', '0.00012', '0.99939',
    '0.03491', '-0.00006', '0.00005', '0.00012', '1.00000']
  '013.0667': ['1.661', '0.584', '0.080', '-0.00353', '-0.99999', '0.00021', '0.99999',
    '-0.00353', '0.00015', '-0.00015', '0.00021', '1.00000']
  '013.1333': ['1.659', '0.596', '0.080', '-0.03790', '-0.99928', '0.00029', '0.99928',
    '-0.03790', '0.00020', '-0.00019', '0.00029', '1.00000']
  '013.2000': ['1.663', '0.610', '0.080', '-0.05052', '-0.99872', '-0.00000', '0.99872',
    '-0.05052', '0.00013', '-0.00013', '0.00000', '1.00000']
  '013.2667': ['1.664', '0.623', '0.080', '-0.06136', '-0.99812', '-0.00013', '0.99812',
    '-0.06136', '0.00011', '-0.00012', '-0.00012', '1.00000']
  '013.3333': ['1.662', '0.635', '0.080', '-0.07527', '-0.99716', '0.00001', '0.99716',
    '-0.07527', '0.00016', '-0.00016', '0.00002', '1.00000']
  '013.4000': ['1.662', '0.647', '0.080', '-0.09306', '-0.99566', '-0.00004', '0.99566',
    '-0.09306', '0.00028', '-0.00028', '-0.00002', '1.00000']
  '013.4667': ['1.660', '0.660', '0.080', '-0.10565', '-0.99440', '-0.00002', '0.99440',
    '-0.10565', '0.00031', '-0.00031', '0.00001', '1.00000']
  '013.5333': ['1.658', '0.674', '0.080', '-0.12363', '-0.99233', '0.00005', '0.99233',
    '-0.12363', '0.00028', '-0.00027', '0.00009', '1.00000']
  '013.6000': ['1.657', '0.688', '0.080', '-0.13367', '-0.99103', '0.00001', '0.99103',
    '-0.13367', '0.00028', '-0.00028', '0.00005', '1.00000']
  '013.6667': ['1.655', '0.702', '0.080', '-0.15203', '-0.98838', '0.00001', '0.98838',
    '-0.15203', '0.00036', '-0.00036', '0.00006', '1.00000']
  '013.7333': ['1.653', '0.715', '0.080', '-0.17312', '-0.98490', '-0.00006', '0.98490',
    '-0.17312', '0.00040', '-0.00040', '0.00001', '1.00000']
  '013.8000': ['1.652', '0.729', '0.080', '-0.19093', '-0.98160', '-0.00014', '0.98160',
    '-0.19093', '0.00037', '-0.00039', '-0.00007', '1.00000']
  '013.8667': ['1.649', '0.742', '0.080', '-0.20671', '-0.97840', '-0.00013', '0.97840',
    '-0.20671', '0.00040', '-0.00042', '-0.00005', '1.00000']
  '013.9333': ['1.645', '0.756', '0.080', '-0.22002', '-0.97550', '-0.00013', '0.97550',
    '-0.22002', '0.00038', '-0.00040', '-0.00005', '1.00000']
  '014.0000': ['1.641', '0.770', '0.080', '-0.23970', '-0.97085', '-0.00011', '0.97085',
    '-0.23970', '0.00040', '-0.00041', '-0.00002', '1.00000']
  '014.0667': ['1.639', '0.783', '0.080', '-0.25100', '-0.96799', '-0.00013', '0.96799',
    '-0.25100', '0.00042', '-0.00044', '-0.00002', '1.00000']
  '014.1333': ['1.635', '0.796', '0.080', '-0.26086', '-0.96538', '-0.00013', '0.96538',
    '-0.26086', '0.00043', '-0.00045', '-0.00001', '1.00000']
  '014.2000': ['1.633', '0.809', '0.080', '-0.26677', '-0.96376', '-0.00017', '0.96376',
    '-0.26677', '0.00044', '-0.00047', '-0.00005', '1.00000']
  '014.2667': ['1.629', '0.821', '0.080', '-0.27253', '-0.96215', '-0.00015', '0.96215',
    '-0.27253', '0.00043', '-0.00046', '-0.00002', '1.00000']
  '014.3333': ['1.626', '0.833', '0.080', '-0.27663', '-0.96098', '-0.00017', '0.96098',
    '-0.27663', '0.00044', '-0.00047', '-0.00004', '1.00000']
  '014.4000': ['1.623', '0.845', '0.080', '-0.28062', '-0.95982', '-0.00015', '0.95982',
    '-0.28062', '0.00046', '-0.00049', '-0.00001', '1.00000']
  '014.4667': ['1.619', '0.857', '0.080', '-0.28401', '-0.95882', '-0.00017', '0.95882',
    '-0.28401', '0.00047', '-0.00050', '-0.00002', '1.00000']
  '014.5333': ['1.615', '0.869', '0.080', '-0.29477', '-0.95557', '-0.00016', '0.95557',
    '-0.29477', '0.00048', '-0.00051', '-0.00001', '1.00000']
  '014.6000': ['1.612', '0.881', '0.080', '-0.31743', '-0.94828', '-0.00018', '0.94828',
    '-0.31743', '0.00050', '-0.00053', '-0.00001', '1.00000']
  '014.6667': ['1.607', '0.893', '0.080', '-0.33992', '-0.94045', '-0.00018', '0.94045',
    '-0.33992', '0.00048', '-0.00052', '-0.00001', '1.00000']
  '014.7333': ['1.603', '0.905', '0.080', '-0.36688', '-0.93027', '-0.00023', '0.93027',
    '-0.36688', '0.00046', '-0.00051', '-0.00004', '1.00000']
  '014.8000': ['1.599', '0.917', '0.080', '-0.39968', '-0.91665', '-0.00030', '0.91665',
    '-0.39968', '0.00042', '-0.00050', '-0.00011', '1.00000']
  '014.8667': ['1.593', '0.930', '0.080', '-0.43060', '-0.90254', '-0.00032', '0.90254',
    '-0.43060', '0.00040', '-0.00049', '-0.00012', '1.00000']
  '014.9333': ['1.588', '0.941', '0.080', '-0.45387', '-0.89107', '-0.00036', '0.89107',
    '-0.45387', '0.00037', '-0.00049', '-0.00015', '1.00000']
  '015.0000': ['1.583', '0.953', '0.080', '-0.47328', '-0.88091', '-0.00038', '0.88091',
    '-0.47328', '0.00034', '-0.00048', '-0.00017', '1.00000']
  '015.0667': ['1.575', '0.966', '0.080', '-0.50366', '-0.86390', '-0.00032', '0.86390',
    '-0.50366', '0.00032', '-0.00044', '-0.00011', '1.00000']
  '015.1333': ['1.568', '0.974', '0.080', '-0.53413', '-0.84540', '-0.00024', '0.84540',
    '-0.53413', '0.00041', '-0.00048', '0.00002', '1.00000']
  '015.2000': ['1.561', '0.985', '0.080', '-0.54507', '-0.83839', '-0.00024', '0.83839',
    '-0.54507', '0.00040', '-0.00047', '0.00002', '1.00000']
  '015.2667': ['1.555', '0.994', '0.080', '-0.56414', '-0.82568', '-0.00024', '0.82568',
    '-0.56414', '0.00042', '-0.00049', '0.00004', '1.00000']
  '015.3333': ['1.548', '1.002', '0.080', '-0.58700', '-0.80959', '-0.00024', '0.80959',
    '-0.58700', '0.00045', '-0.00050', '0.00007', '1.00000']
  '015.4000': ['1.541', '1.011', '0.080', '-0.61410', '-0.78923', '-0.00025', '0.78923',
    '-0.61410', '0.00046', '-0.00052', '0.00009', '1.00000']
  '015.4667': ['1.534', '1.020', '0.080', '-0.64681', '-0.76265', '-0.00028', '0.76265',
    '-0.64681', '0.00046', '-0.00053', '0.00009', '1.00000']
  '015.5333': ['1.526', '1.029', '0.080', '-0.68231', '-0.73107', '-0.00030', '0.73107',
    '-0.68231', '0.00047', '-0.00055', '0.00010', '1.00000']
  '015.6000': ['1.518', '1.039', '0.080', '-0.71852', '-0.69550', '-0.00034', '0.69550',
    '-0.71852', '0.00042', '-0.00054', '0.00006', '1.00000']
  '015.6667': ['1.508', '1.049', '0.080', '-0.75260', '-0.65848', '-0.00039', '0.65848',
    '-0.75260', '0.00039', '-0.00055', '0.00003', '1.00000']
  '015.7333': ['1.498', '1.056', '0.080', '-0.78366', '-0.62119', '-0.00042', '0.62119',
    '-0.78366', '0.00037', '-0.00056', '0.00003', '1.00000']
  '015.8000': ['1.486', '1.068', '0.080', '-0.81030', '-0.58601', '-0.00045', '0.58601',
    '-0.81030', '0.00029', '-0.00054', '-0.00004', '1.00000']
  '015.8667': ['1.475', '1.076', '0.080', '-0.83544', '-0.54958', '-0.00048', '0.54958',
    '-0.83544', '0.00028', '-0.00055', '-0.00003', '1.00000']
  '015.9333': ['1.464', '1.083', '0.080', '-0.85795', '-0.51373', '-0.00048', '0.51373',
    '-0.85795', '0.00027', '-0.00055', '-0.00002', '1.00000']
  '016.0000': ['1.452', '1.089', '0.080', '-0.87990', '-0.47515', '-0.00045', '0.47515',
    '-0.87990', '0.00030', '-0.00054', '0.00005', '1.00000']
  '016.0667': ['1.442', '1.092', '0.080', '-0.89854', '-0.43888', '-0.00047', '0.43888',
    '-0.89854', '0.00033', '-0.00056', '0.00009', '1.00000']
  '016.1333': ['1.428', '1.101', '0.080', '-0.91378', '-0.40621', '-0.00047', '0.40621',
    '-0.91378', '0.00030', '-0.00055', '0.00008', '1.00000']
  '016.2000': ['1.419', '1.103', '0.080', '-0.93165', '-0.36336', '-0.00047', '0.36336',
    '-0.93165', '0.00033', '-0.00056', '0.00013', '1.00000']
  '016.2667': ['1.406', '1.109', '0.080', '-0.94317', '-0.33232', '-0.00048', '0.33232',
    '-0.94317', '0.00030', '-0.00055', '0.00013', '1.00000']
  '016.3333': ['1.395', '1.111', '0.080', '-0.95743', '-0.28868', '-0.00049', '0.28868',
    '-0.95743', '0.00033', '-0.00056', '0.00018', '1.00000']
  '016.4000': ['1.409', '1.083', '0.080', '-0.96253', '-0.27117', '0.00015', '0.27117',
    '-0.96253', '0.00017', '0.00010', '0.00021', '1.00000']
  '016.4667': ['1.395', '1.088', '0.080', '-0.97289', '-0.23128', '0.00015', '0.23128',
    '-0.97289', '0.00014', '0.00011', '0.00017', '1.00000']
  '016.5333': ['1.382', '1.088', '0.080', '-0.98154', '-0.19126', '0.00013', '0.19126',
    '-0.98154', '0.00015', '0.00010', '0.00017', '1.00000']
  '016.6000': ['1.367', '1.092', '0.080', '-0.98827', '-0.15274', '0.00011', '0.15274',
    '-0.98827', '0.00014', '0.00009', '0.00015', '1.00000']
  '016.6667': ['1.351', '1.096', '0.080', '-0.99410', '-0.10843', '0.00009', '0.10843',
    '-0.99410', '0.00008', '0.00008', '0.00009', '1.00000']
  '016.7333': ['1.336', '1.097', '0.080', '-0.99836', '-0.05720', '0.00012', '0.05720',
    '-0.99836', '0.00006', '0.00011', '0.00007', '1.00000']
  '016.8000': ['1.322', '1.095', '0.080', '-0.99998', '-0.00618', '0.00008', '0.00618',
    '-0.99998', '0.00011', '0.00008', '0.00011', '1.00000']
  '016.8667': ['1.305', '1.096', '0.080', '-0.99923', '0.03929', '0.00007', '-0.03929',
    '-0.99923', '0.00009', '0.00007', '0.00009', '1.00000']
  '016.9333': ['1.291', '1.094', '0.080', '-0.99654', '0.08308', '0.00005', '-0.08308',
    '-0.99654', '0.00011', '0.00006', '0.00010', '1.00000']
  '017.0000': ['1.279', '1.089', '0.080', '-0.99162', '0.12922', '-0.00002', '-0.12922',
    '-0.99162', '0.00018', '0.00000', '0.00018', '1.00000']
  '017.0667': ['1.262', '1.089', '0.080', '-0.98900', '0.14788', '-0.00001', '-0.14788',
    '-0.98900', '0.00010', '0.00000', '0.00010', '1.00000']
  '017.1333': ['1.252', '1.083', '0.080', '-0.97958', '0.20104', '-0.00004', '-0.20104',
    '-0.97958', '0.00019', '-0.00000', '0.00020', '1.00000']
  '017.2000': ['1.259', '1.055', '0.080', '-0.98275', '0.18492', '0.00058', '-0.18492',
    '-0.98275', '0.00003', '0.00057', '-0.00008', '1.00000']
  '017.2667': ['1.244', '1.052', '0.080', '-0.97904', '0.20367', '0.00057', '-0.20367',
    '-0.97904', '0.00003', '0.00057', '-0.00009', '1.00000']
  '017.3333': ['1.230', '1.048', '0.080', '-0.97689', '0.21376', '0.00057', '-0.21376',
    '-0.97689', '0.00007', '0.00057', '-0.00005', '1.00000']
  '017.4000': ['1.217', '1.044', '0.080', '-0.97631', '0.21640', '0.00054', '-0.21640',
    '-0.97631', '0.00011', '0.00056', '-0.00001', '1.00000']
  '017.4667': ['1.201', '1.042', '0.080', '-0.97552', '0.21991', '0.00054', '-0.21991',
    '-0.97552', '0.00003', '0.00053', '-0.00009', '1.00000']
  '017.5333': ['1.188', '1.037', '0.080', '-0.97669', '0.21464', '0.00056', '-0.21464',
    '-0.97669', '0.00007', '0.00056', '-0.00006', '1.00000']
  '017.6000': ['1.175', '1.034', '0.080', '-0.97796', '0.20881', '0.00055', '-0.20881',
    '-0.97796', '0.00006', '0.00055', '-0.00005', '1.00000']
  '017.6666': ['1.161', '1.031', '0.080', '-0.97760', '0.21046', '0.00053', '-0.21046',
    '-0.97760', '0.00008', '0.00054', '-0.00003', '1.00000']
  '017.7333': ['1.148', '1.028', '0.080', '-0.97751', '0.21087', '0.00052', '-0.21087',
    '-0.97751', '0.00009', '0.00052', '-0.00002', '1.00000']
  '017.8000': ['1.135', '1.025', '0.080', '-0.97655', '0.21528', '0.00051', '-0.21528',
    '-0.97655', '0.00011', '0.00052', '0.00000', '1.00000']
  '017.8666': ['1.121', '1.023', '0.080', '-0.97771', '0.20998', '0.00049', '-0.20998',
    '-0.97771', '0.00008', '0.00050', '-0.00002', '1.00000']
  '017.9333': ['1.109', '1.020', '0.080', '-0.97997', '0.19912', '0.00045', '-0.19912',
    '-0.97997', '0.00008', '0.00045', '-0.00001', '1.00000']
  '018.0000': ['1.098', '1.017', '0.080', '-0.98685', '0.16166', '0.00037', '-0.16166',
    '-0.98685', '0.00014', '0.00039', '0.00007', '1.00000']
  '018.0666': ['1.087', '1.015', '0.080', '-0.99119', '0.13244', '0.00036', '-0.13244',
    '-0.99119', '0.00015', '0.00038', '0.00010', '1.00000']
  '018.1333': ['1.073', '1.016', '0.080', '-0.99508', '0.09903', '0.00038', '-0.09903',
    '-0.99508', '0.00011', '0.00039', '0.00007', '1.00000']
  '018.2000': ['1.059', '1.014', '0.080', '-0.99846', '0.05541', '0.00042', '-0.05540',
    '-0.99846', '0.00016', '0.00043', '0.00013', '1.00000']
  '018.2666': ['1.045', '1.014', '0.080', '-0.99950', '0.03153', '0.00041', '-0.03153',
    '-0.99950', '0.00014', '0.00041', '0.00013', '1.00000']
  '018.3333': ['1.031', '1.015', '0.080', '-0.99971', '0.02394', '0.00037', '-0.02394',
    '-0.99971', '0.00012', '0.00038', '0.00011', '1.00000']
  '018.4000': ['1.017', '1.016', '0.080', '-0.99965', '0.02641', '0.00036', '-0.02641',
    '-0.99965', '0.00009', '0.00037', '0.00008', '1.00000']
  '018.4666': ['1.003', '1.015', '0.080', '-0.99963', '0.02721', '0.00034', '-0.02721',
    '-0.99963', '0.00012', '0.00035', '0.00011', '1.00000']
  '018.5333': ['0.990', '1.014', '0.080', '-0.99937', '0.03539', '0.00027', '-0.03539',
    '-0.99937', '0.00016', '0.00028', '0.00015', '1.00000']
  '018.6000': ['0.979', '1.015', '0.080', '-0.99916', '0.04107', '0.00028', '-0.04107',
    '-0.99916', '0.00005', '0.00028', '0.00004', '1.00000']
  '018.6666': ['0.963', '1.014', '0.080', '-0.99909', '0.04258', '0.00027', '-0.04258',
    '-0.99909', '0.00004', '0.00028', '0.00003', '1.00000']
  '018.7333': ['0.950', '1.013', '0.080', '-0.99906', '0.04336', '0.00023', '-0.04336',
    '-0.99906', '0.00006', '0.00023', '0.00005', '1.00000']
  '018.8000': ['0.938', '1.013', '0.080', '-0.99896', '0.04554', '0.00018', '-0.04554',
    '-0.99896', '0.00005', '0.00018', '0.00004', '1.00000']
  '018.8666': ['0.924', '1.012', '0.080', '-0.99906', '0.04331', '0.00019', '-0.04331',
    '-0.99906', '0.00008', '0.00020', '0.00007', '1.00000']
  '018.9333': ['0.912', '1.012', '0.080', '-0.99891', '0.04678', '0.00019', '-0.04678',
    '-0.99891', '0.00008', '0.00019', '0.00007', '1.00000']
  '019.0000': ['0.897', '1.012', '0.080', '-0.99871', '0.05076', '0.00017', '-0.05076',
    '-0.99871', '0.00010', '0.00018', '0.00009', '1.00000']
  '019.0666': ['0.883', '1.012', '0.080', '-0.99884', '0.04825', '0.00015', '-0.04825',
    '-0.99884', '0.00003', '0.00015', '0.00002', '1.00000']
  '019.1333': ['0.871', '1.013', '0.080', '-0.99870', '0.05091', '0.00007', '-0.05091',
    '-0.99870', '-0.00001', '0.00007', '-0.00002', '1.00000']
  '019.2000': ['0.857', '1.011', '0.080', '-0.99893', '0.04630', '0.00011', '-0.04630',
    '-0.99893', '0.00009', '0.00011', '0.00009', '1.00000']
  '019.2666': ['0.846', '1.011', '0.080', '-0.99869', '0.05116', '-0.00002', '-0.05116',
    '-0.99869', '0.00008', '-0.00001', '0.00008', '1.00000']
  '019.3333': ['0.833', '1.009', '0.080', '-0.99841', '0.05639', '-0.00001', '-0.05639',
    '-0.99841', '0.00015', '-0.00000', '0.00015', '1.00000']
  '019.4000': ['0.819', '1.009', '0.080', '-0.99826', '0.05902', '-0.00001', '-0.05902',
    '-0.99826', '0.00010', '-0.00001', '0.00010', '1.00000']
  '019.4666': ['0.804', '1.008', '0.080', '-0.99807', '0.06215', '0.00003', '-0.06215',
    '-0.99807', '0.00012', '0.00004', '0.00012', '1.00000']
  '019.5333': ['0.790', '1.007', '0.080', '-0.99743', '0.07164', '-0.00004', '-0.07164',
    '-0.99743', '0.00011', '-0.00003', '0.00011', '1.00000']
  '019.6000': ['0.776', '1.006', '0.080', '-0.99706', '0.07669', '-0.00009', '-0.07669',
    '-0.99706', '0.00006', '-0.00008', '0.00007', '1.00000']
  '019.6666': ['0.762', '1.006', '0.080', '-0.99711', '0.07599', '-0.00012', '-0.07599',
    '-0.99711', '0.00001', '-0.00012', '0.00002', '1.00000']
  '019.7333': ['0.748', '1.004', '0.080', '-0.99656', '0.08287', '-0.00013', '-0.08287',
    '-0.99656', '0.00000', '-0.00013', '0.00002', '1.00000']
  '019.8000': ['0.734', '1.003', '0.080', '-0.99632', '0.08572', '-0.00016', '-0.08572',
    '-0.99632', '0.00003', '-0.00016', '0.00005', '1.00000']
  '019.8666': ['0.720', '1.003', '0.080', '-0.99654', '0.08314', '-0.00022', '-0.08314',
    '-0.99654', '0.00001', '-0.00022', '0.00002', '1.00000']
  '019.9333': ['0.705', '1.001', '0.080', '-0.99753', '0.07024', '-0.00019', '-0.07024',
    '-0.99753', '-0.00000', '-0.00019', '0.00001', '1.00000']
  '020.0000': ['0.690', '0.999', '0.080', '-0.99776', '0.06692', '-0.00021', '-0.06692',
    '-0.99776', '0.00006', '-0.00020', '0.00008', '1.00000']
  '020.0666': ['0.677', '0.999', '0.080', '-0.99814', '0.06093', '-0.00022', '-0.06093',
    '-0.99814', '0.00007', '-0.00022', '0.00009', '1.00000']
  '020.1333': ['0.664', '0.998', '0.080', '-0.99876', '0.04987', '-0.00027', '-0.04987',
    '-0.99876', '0.00011', '-0.00027', '0.00012', '1.00000']
  '020.2000': ['0.579', '0.926', '0.080', '-0.99983', '-0.01840', '0.00001', '0.01840',
    '-0.99983', '0.00013', '0.00001', '0.00013', '1.00000']
  '020.2666': ['0.570', '0.929', '0.080', '-0.99974', '-0.02277', '0.00000', '0.02277',
    '-0.99974', '0.00015', '0.00000', '0.00015', '1.00000']
  '020.3333': ['0.559', '0.932', '0.080', '-0.99946', '-0.03293', '0.00000', '0.03293',
    '-0.99946', '0.00015', '-0.00000', '0.00015', '1.00000']
  '020.4000': ['0.549', '0.935', '0.080', '-0.99948', '-0.03224', '-0.00001', '0.03224',
    '-0.99948', '0.00016', '-0.00001', '0.00016', '1.00000']
  '020.4666': ['0.535', '0.936', '0.080', '-0.99925', '-0.03884', '-0.00002', '0.03884',
    '-0.99925', '0.00015', '-0.00002', '0.00015', '1.00000']
  '020.5333': ['0.523', '0.939', '0.080', '-0.99936', '-0.03567', '-0.00004', '0.03567',
    '-0.99936', '0.00017', '-0.00004', '0.00016', '1.00000']
  '020.6000': ['0.510', '0.940', '0.080', '-0.99964', '-0.02693', '-0.00005', '0.02693',
    '-0.99964', '0.00015', '-0.00005', '0.00015', '1.00000']
  '020.6666': ['0.498', '0.941', '0.080', '-0.99998', '-0.00563', '-0.00005', '0.00563',
    '-0.99998', '0.00016', '-0.00005', '0.00016', '1.00000']
  '020.7333': ['0.485', '0.941', '0.080', '-0.99977', '0.02121', '-0.00006', '-0.02121',
    '-0.99977', '0.00015', '-0.00006', '0.00015', '1.00000']
  '020.8000': ['0.471', '0.943', '0.080', '-0.99870', '0.05100', '-0.00007', '-0.05100',
    '-0.99870', '0.00015', '-0.00006', '0.00015', '1.00000']
  '020.8666': ['0.457', '0.944', '0.080', '-0.99683', '0.07954', '-0.00008', '-0.07954',
    '-0.99683', '0.00013', '-0.00007', '0.00014', '1.00000']
  '020.9333': ['0.443', '0.945', '0.080', '-0.99306', '0.11762', '-0.00009', '-0.11762',
    '-0.99306', '0.00014', '-0.00007', '0.00015', '1.00000']
  '021.0000': ['0.431', '0.946', '0.080', '-0.98762', '0.15685', '-0.00010', '-0.15685',
    '-0.98762', '0.00013', '-0.00008', '0.00014', '1.00000']
  '021.0666': ['0.418', '0.945', '0.080', '-0.98247', '0.18640', '-0.00012', '-0.18640',
    '-0.98247', '0.00012', '-0.00010', '0.00014', '1.00000']
  '021.1333': ['0.405', '0.944', '0.080', '-0.97600', '0.21776', '-0.00012', '-0.21776',
    '-0.97600', '0.00012', '-0.00009', '0.00014', '1.00000']
  '021.2000': ['0.393', '0.944', '0.080', '-0.97019', '0.24235', '-0.00015', '-0.24235',
    '-0.97019', '0.00011', '-0.00012', '0.00014', '1.00000']
  '021.2666': ['0.382', '0.943', '0.080', '-0.96235', '0.27182', '-0.00017', '-0.27182',
    '-0.96235', '0.00009', '-0.00013', '0.00013', '1.00000']
  '021.3333': ['0.370', '0.940', '0.080', '-0.95184', '0.30659', '-0.00019', '-0.30659',
    '-0.95184', '0.00010', '-0.00015', '0.00015', '1.00000']
  '021.4000': ['0.358', '0.938', '0.080', '-0.94760', '0.31946', '-0.00019', '-0.31946',
    '-0.94760', '0.00007', '-0.00016', '0.00013', '1.00000']
  '021.4666': ['0.344', '0.934', '0.080', '-0.94473', '0.32785', '-0.00018', '-0.32785',
    '-0.94473', '0.00004', '-0.00015', '0.00010', '1.00000']
  '021.5333': ['0.333', '0.931', '0.080', '-0.94269', '0.33367', '-0.00016', '-0.33367',
    '-0.94269', '0.00003', '-0.00014', '0.00008', '1.00000']
  '021.6000': ['0.318', '0.926', '0.080', '-0.94167', '0.33653', '-0.00015', '-0.33653',
    '-0.94167', '0.00001', '-0.00014', '0.00006', '1.00000']
  '021.6666': ['0.307', '0.922', '0.080', '-0.93823', '0.34602', '-0.00014', '-0.34602',
    '-0.93823', '-0.00001', '-0.00013', '0.00004', '1.00000']
  '021.7333': ['0.293', '0.916', '0.080', '-0.92841', '0.37155', '-0.00012', '-0.37155',
    '-0.92841', '0.00002', '-0.00011', '0.00006', '1.00000']
  '021.8000': ['0.280', '0.909', '0.080', '-0.91671', '0.39955', '-0.00016', '-0.39955',
    '-0.91671', '0.00006', '-0.00012', '0.00012', '1.00000']
  '021.8666': ['0.270', '0.904', '0.080', '-0.90210', '0.43153', '-0.00016', '-0.43153',
    '-0.90210', '0.00008', '-0.00011', '0.00015', '1.00000']
  '021.9333': ['0.259', '0.899', '0.080', '-0.89111', '0.45379', '-0.00020', '-0.45379',
    '-0.89111', '0.00008', '-0.00014', '0.00016', '1.00000']
  '022.0000': ['0.250', '0.893', '0.080', '-0.87874', '0.47731', '-0.00022', '-0.47731',
    '-0.87874', '0.00008', '-0.00016', '0.00017', '1.00000']
  '022.0666': ['0.240', '0.888', '0.080', '-0.86251', '0.50604', '-0.00022', '-0.50604',
    '-0.86251', '0.00006', '-0.00016', '0.00017', '1.00000']
  '022.1333': ['0.229', '0.882', '0.080', '-0.84585', '0.53343', '-0.00024', '-0.53343',
    '-0.84585', '0.00004', '-0.00019', '0.00016', '1.00000']
  '022.2000': ['-0.050', '0.619', '0.080', '-0.84198', '0.53951', '0.00046', '-0.53951',
    '-0.84198', '0.00050', '0.00066', '0.00017', '1.00000']
  '022.2666': ['-0.058', '0.614', '0.080', '-0.81507', '0.57936', '0.00044', '-0.57936',
    '-0.81507', '0.00049', '0.00065', '0.00015', '1.00000']
  '022.3333': ['-0.066', '0.609', '0.080', '-0.78172', '0.62362', '0.00043', '-0.62362',
    '-0.78172', '0.00049', '0.00064', '0.00012', '1.00000']
  '022.4000': ['-0.070', '0.606', '0.080', '-0.76000', '0.64993', '0.00041', '-0.64993',
    '-0.76000', '0.00049', '0.00063', '0.00010', '1.00000']
  '022.4666': ['0.160', '0.829', '0.080', '-0.62850', '0.77781', '-0.00019', '-0.77781',
    '-0.62850', '-0.00004', '-0.00015', '0.00013', '1.00000']
  '022.5333': ['-0.089', '0.592', '0.080', '-0.65121', '0.75889', '0.00038', '-0.75889',
    '-0.65121', '0.00044', '0.00058', '-0.00000', '1.00000']
  '027.2666': ['0.459', '0.161', '0.080', '0.99072', '0.13595', '0.00012', '-0.13595',
    '0.99072', '0.00067', '-0.00003', '-0.00068', '1.00000']
  '027.3333': ['0.482', '0.156', '0.080', '0.99485', '0.10136', '0.00021', '-0.10136',
    '0.99485', '0.00076', '-0.00013', '-0.00078', '1.00000']
  '027.4000': ['0.505', '0.151', '0.080', '0.99691', '0.07856', '0.00026', '-0.07856',
    '0.99691', '0.00085', '-0.00019', '-0.00087', '1.00000']
  '027.4666': ['0.526', '0.146', '0.080', '0.99786', '0.06536', '0.00032', '-0.06536',
    '0.99786', '0.00093', '-0.00025', '-0.00095', '1.00000']
  '027.5333': ['0.543', '0.144', '0.080', '0.99834', '0.05753', '0.00036', '-0.05753',
    '0.99834', '0.00097', '-0.00031', '-0.00099', '1.00000']
  '027.6000': ['0.560', '0.141', '0.080', '0.99854', '0.05400', '0.00037', '-0.05400',
    '0.99854', '0.00100', '-0.00032', '-0.00102', '1.00000']
  '027.6666': ['0.574', '0.140', '0.080', '0.99872', '0.05066', '0.00039', '-0.05066',
    '0.99872', '0.00097', '-0.00034', '-0.00099', '1.00000']
  '027.7333': ['0.587', '0.138', '0.080', '0.99864', '0.05207', '0.00038', '-0.05207',
    '0.99864', '0.00093', '-0.00033', '-0.00095', '1.00000']
  '027.8000': ['0.596', '0.137', '0.080', '0.99872', '0.05055', '0.00043', '-0.05055',
    '0.99872', '0.00093', '-0.00038', '-0.00095', '1.00000']
  '027.8666': ['0.607', '0.137', '0.080', '0.99885', '0.04796', '0.00042', '-0.04796',
    '0.99885', '0.00093', '-0.00037', '-0.00094', '1.00000']
  '027.9333': ['0.617', '0.137', '0.080', '0.99855', '0.05381', '0.00042', '-0.05381',
    '0.99855', '0.00089', '-0.00038', '-0.00091', '1.00000']
  '028.0000': ['0.628', '0.137', '0.080', '0.99846', '0.05541', '0.00040', '-0.05541',
    '0.99846', '0.00085', '-0.00035', '-0.00087', '1.00000']
  '028.0666': ['0.638', '0.138', '0.080', '0.99819', '0.06007', '0.00041', '-0.06007',
    '0.99819', '0.00079', '-0.00036', '-0.00081', '1.00000']
  '028.1333': ['0.649', '0.138', '0.080', '0.99775', '0.06706', '0.00038', '-0.06706',
    '0.99775', '0.00072', '-0.00033', '-0.00075', '1.00000']
  '028.2000': ['0.662', '0.137', '0.080', '0.99767', '0.06816', '0.00035', '-0.06816',
    '0.99767', '0.00069', '-0.00031', '-0.00072', '1.00000']
  '028.2666': ['0.672', '0.139', '0.080', '0.99731', '0.07327', '0.00032', '-0.07327',
    '0.99731', '0.00059', '-0.00027', '-0.00062', '1.00000']
  '028.3333': ['0.685', '0.138', '0.080', '0.99747', '0.07114', '0.00034', '-0.07114',
    '0.99747', '0.00055', '-0.00030', '-0.00057', '1.00000']
  '028.4000': ['0.698', '0.138', '0.080', '0.99742', '0.07173', '0.00034', '-0.07173',
    '0.99742', '0.00045', '-0.00030', '-0.00047', '1.00000']
  '028.4666': ['0.710', '0.138', '0.080', '0.99711', '0.07594', '0.00033', '-0.07594',
    '0.99711', '0.00040', '-0.00030', '-0.00042', '1.00000']
  '028.5333': ['0.723', '0.138', '0.080', '0.99660', '0.08237', '0.00035', '-0.08237',
    '0.99660', '0.00031', '-0.00032', '-0.00034', '1.00000']
  '028.6000': ['0.736', '0.137', '0.080', '0.99633', '0.08556', '0.00036', '-0.08556',
    '0.99633', '0.00026', '-0.00033', '-0.00029', '1.00000']
  '028.6666': ['0.751', '0.136', '0.080', '0.99616', '0.08759', '0.00041', '-0.08759',
    '0.99616', '0.00022', '-0.00039', '-0.00026', '1.00000']
  '028.7333': ['0.763', '0.135', '0.080', '0.99603', '0.08900', '0.00043', '-0.08900',
    '0.99603', '0.00019', '-0.00041', '-0.00023', '1.00000']
  '028.8000': ['0.777', '0.135', '0.080', '0.99566', '0.09303', '0.00043', '-0.09303',
    '0.99566', '0.00012', '-0.00042', '-0.00016', '1.00000']
  '028.8666': ['0.789', '0.134', '0.080', '0.99535', '0.09636', '0.00046', '-0.09636',
    '0.99535', '0.00007', '-0.00046', '-0.00011', '1.00000']
  '028.9333': ['0.802', '0.132', '0.080', '0.99560', '0.09369', '0.00048', '-0.09369',
    '0.99560', '0.00007', '-0.00047', '-0.00011', '1.00000']
  '029.0000': ['0.817', '0.130', '0.080', '0.99653', '0.08320', '0.00050', '-0.08320',
    '0.99653', '0.00004', '-0.00049', '-0.00008', '1.00000']
  '029.0666': ['0.829', '0.130', '0.080', '0.99717', '0.07520', '0.00054', '-0.07520',
    '0.99717', '-0.00005', '-0.00054', '0.00001', '1.00000']
  '029.1333': ['0.842', '0.129', '0.080', '0.99767', '0.06817', '0.00058', '-0.06817',
    '0.99767', '-0.00008', '-0.00059', '0.00004', '1.00000']
  '029.2000': ['0.856', '0.127', '0.080', '0.99819', '0.06014', '0.00061', '-0.06014',
    '0.99819', '-0.00006', '-0.00062', '0.00002', '1.00000']
  '029.2666': ['0.871', '0.126', '0.080', '0.99837', '0.05712', '0.00062', '-0.05712',
    '0.99837', '-0.00005', '-0.00062', '0.00001', '1.00000']
  '029.3333': ['0.883', '0.124', '0.080', '0.99885', '0.04795', '0.00069', '-0.04795',
    '0.99885', '-0.00002', '-0.00069', '-0.00001', '1.00000']
  '029.4000': ['0.898', '0.123', '0.080', '0.99937', '0.03539', '0.00068', '-0.03539',
    '0.99937', '-0.00004', '-0.00068', '0.00001', '1.00000']
  '029.4666': ['0.911', '0.123', '0.080', '0.99951', '0.03121', '0.00072', '-0.03121',
    '0.99951', '-0.00007', '-0.00072', '0.00004', '1.00000']
  '029.5333': ['0.924', '0.121', '0.080', '0.99956', '0.02970', '0.00068', '-0.02970',
    '0.99956', '-0.00005', '-0.00068', '0.00003', '1.00000']
  '029.6000': ['0.938', '0.119', '0.080', '0.99974', '0.02283', '0.00067', '-0.02283',
    '0.99974', '0.00003', '-0.00067', '-0.00005', '1.00000']
  '029.6666': ['0.951', '0.117', '0.080', '0.99968', '0.02513', '0.00063', '-0.02513',
    '0.99968', '0.00002', '-0.00062', '-0.00003', '1.00000']
  '029.7333': ['0.964', '0.116', '0.080', '0.99970', '0.02447', '0.00058', '-0.02447',
    '0.99970', '0.00005', '-0.00058', '-0.00006', '1.00000']
  '029.8000': ['0.976', '0.113', '0.080', '0.99982', '0.01913', '0.00059', '-0.01913',
