begin_time_stamp: 1588332671.5999923
data_header:
  time_stamp: [x, y, z, R11, R12, R13, R21, R22, R23, R31, R32, R33]
trajectory_data:
  '000.0000': ['0.676', '0.114', '0.080', '0.99908', '0.04287', '0.00027', '-0.04287',
    '0.99908', '-0.00028', '-0.00028', '0.00027', '1.00000']
  '000.0667': ['0.681', '0.118', '0.080', '0.99924', '0.03892', '0.00028', '-0.03892',
    '0.99924', '-0.00027', '-0.00029', '0.00026', '1.00000']
  '000.1333': ['0.699', '0.111', '0.080', '0.99970', '0.02439', '0.00025', '-0.02439',
    '0.99970', '-0.00023', '-0.00026', '0.00022', '1.00000']
  '000.2000': ['0.707', '0.115', '0.080', '0.99983', '0.01856', '0.00027', '-0.01856',
    '0.99983', '-0.00024', '-0.00028', '0.00023', '1.00000']
  '000.2667': ['0.716', '0.115', '0.080', '0.99978', '0.02097', '0.00030', '-0.02097',
    '0.99978', '-0.00023', '-0.00030', '0.00022', '1.00000']
  '000.3333': ['0.734', '0.111', '0.080', '0.99996', '0.00928', '0.00028', '-0.00928',
    '0.99996', '-0.00022', '-0.00028', '0.00021', '1.00000']
  '000.4000': ['0.739', '0.117', '0.080', '1.00000', '0.00035', '0.00038', '-0.00035',
    '1.00000', '-0.00029', '-0.00038', '0.00029', '1.00000']
  '000.4667': ['0.749', '0.116', '0.080', '0.99998', '-0.00677', '0.00038', '0.00677',
    '0.99998', '-0.00033', '-0.00038', '0.00033', '1.00000']
  '000.5333': ['0.765', '0.115', '0.080', '0.99998', '-0.00622', '0.00039', '0.00622',
    '0.99998', '-0.00032', '-0.00039', '0.00032', '1.00000']
  '000.6000': ['0.773', '0.115', '0.080', '0.99998', '-0.00644', '0.00041', '0.00644',
    '0.99998', '-0.00033', '-0.00040', '0.00034', '1.00000']
  '000.6667': ['0.783', '0.115', '0.080', '0.99998', '-0.00660', '0.00042', '0.00660',
    '0.99998', '-0.00036', '-0.00042', '0.00036', '1.00000']
  '000.7333': ['0.796', '0.116', '0.080', '0.99997', '-0.00777', '0.00043', '0.00777',
    '0.99997', '-0.00038', '-0.00043', '0.00039', '1.00000']
  '000.8000': ['0.808', '0.115', '0.080', '0.99997', '-0.00716', '0.00043', '0.00716',
    '0.99997', '-0.00037', '-0.00043', '0.00038', '1.00000']
  '000.8667': ['0.821', '0.114', '0.080', '0.99995', '-0.01002', '0.00045', '0.01002',
    '0.99995', '-0.00039', '-0.00044', '0.00039', '1.00000']
  '000.9333': ['0.833', '0.114', '0.080', '0.99992', '-0.01303', '0.00045', '0.01303',
    '0.99992', '-0.00040', '-0.00045', '0.00040', '1.00000']
  '001.0000': ['0.847', '0.114', '0.080', '1.00000', '-0.00060', '0.00070', '0.00060',
    '1.00000', '-0.00057', '-0.00070', '0.00057', '1.00000']
  '001.0667': ['0.861', '0.112', '0.080', '0.99998', '-0.00546', '0.00072', '0.00546',
    '0.99998', '-0.00050', '-0.00072', '0.00050', '1.00000']
  '001.1333': ['0.874', '0.111', '0.080', '0.99998', '-0.00653', '0.00069', '0.00653',
    '0.99998', '-0.00045', '-0.00069', '0.00045', '1.00000']
  '001.2000': ['0.888', '0.110', '0.080', '0.99996', '-0.00939', '0.00068', '0.00939',
    '0.99996', '-0.00042', '-0.00068', '0.00043', '1.00000']
  '001.2667': ['0.896', '0.113', '0.080', '0.99980', '-0.01982', '0.00049', '0.01982',
    '0.99980', '-0.00037', '-0.00048', '0.00038', '1.00000']
  '001.3333': ['0.912', '0.110', '0.080', '0.99963', '-0.02722', '0.00048', '0.02722',
    '0.99963', '-0.00028', '-0.00047', '0.00029', '1.00000']
  '001.4000': ['0.927', '0.109', '0.080', '0.99943', '-0.03375', '0.00048', '0.03375',
    '0.99943', '-0.00022', '-0.00047', '0.00024', '1.00000']
  '001.4667': ['0.941', '0.105', '0.080', '0.99971', '-0.02413', '0.00068', '0.02413',
    '0.99971', '-0.00033', '-0.00067', '0.00035', '1.00000']
  '001.5333': ['0.948', '0.128', '0.080', '0.99981', '0.01924', '0.00123', '-0.01923',
    '0.99981', '-0.00236', '-0.00127', '0.00234', '1.00000']
  '001.6000': ['0.967', '0.099', '0.080', '0.99920', '-0.03998', '0.00071', '0.03998',
    '0.99920', '-0.00007', '-0.00071', '0.00009', '1.00000']
  '001.6667': ['0.980', '0.100', '0.080', '0.99945', '-0.03324', '0.00059', '0.03324',
    '0.99945', '-0.00013', '-0.00058', '0.00015', '1.00000']
  '001.7333': ['0.987', '0.127', '0.080', '0.99989', '0.01507', '0.00084', '-0.01507',
    '0.99988', '-0.00245', '-0.00088', '0.00244', '1.00000']
  '001.8000': ['1.000', '0.112', '0.080', '0.99990', '-0.01408', '0.00052', '0.01408',
    '0.99990', '-0.00100', '-0.00051', '0.00101', '1.00000']
  '001.8667': ['1.010', '0.117', '0.080', '0.99996', '-0.00878', '0.00051', '0.00878',
    '0.99996', '-0.00139', '-0.00049', '0.00140', '1.00000']
  '001.9333': ['1.022', '0.110', '0.080', '0.99976', '-0.02168', '0.00041', '0.02169',
    '0.99976', '-0.00083', '-0.00039', '0.00083', '1.00000']
  '002.0000': ['1.034', '0.103', '0.080', '0.99924', '-0.03890', '0.00034', '0.03890',
    '0.99924', '-0.00034', '-0.00033', '0.00035', '1.00000']
  '002.0667': ['1.046', '0.108', '0.080', '0.99909', '-0.04274', '0.00026', '0.04274',
    '0.99909', '-0.00063', '-0.00023', '0.00064', '1.00000']
  '002.1333': ['1.056', '0.110', '0.080', '0.99871', '-0.05086', '0.00033', '0.05087',
    '0.99871', '-0.00073', '-0.00030', '0.00074', '1.00000']
  '002.2000': ['1.069', '0.111', '0.080', '0.99857', '-0.05350', '0.00016', '0.05350',
    '0.99857', '-0.00073', '-0.00012', '0.00073', '1.00000']
  '002.2667': ['1.079', '0.119', '0.080', '0.99822', '-0.05972', '0.00022', '0.05972',
    '0.99821', '-0.00124', '-0.00014', '0.00125', '1.00000']
  '002.3333': ['1.089', '0.113', '0.080', '0.99736', '-0.07257', '0.00030', '0.07257',
    '0.99736', '-0.00072', '-0.00025', '0.00074', '1.00000']
  '002.4000': ['1.099', '0.121', '0.080', '0.99661', '-0.08226', '0.00036', '0.08226',
    '0.99661', '-0.00120', '-0.00026', '0.00123', '1.00000']
  '002.4667': ['1.112', '0.118', '0.080', '0.99665', '-0.08180', '0.00022', '0.08180',
    '0.99665', '-0.00084', '-0.00015', '0.00085', '1.00000']
  '002.5333': ['1.122', '0.126', '0.080', '0.99564', '-0.09329', '0.00033', '0.09329',
    '0.99564', '-0.00127', '-0.00021', '0.00129', '1.00000']
  '002.6000': ['1.133', '0.128', '0.080', '0.99490', '-0.10089', '0.00039', '0.10089',
    '0.99490', '-0.00120', '-0.00027', '0.00124', '1.00000']
  '002.6667': ['1.143', '0.130', '0.080', '0.99344', '-0.11432', '0.00048', '0.11432',
    '0.99344', '-0.00121', '-0.00034', '0.00126', '1.00000']
  '002.7333': ['1.154', '0.130', '0.080', '0.99230', '-0.12382', '0.00053', '0.12382',
    '0.99230', '-0.00112', '-0.00039', '0.00117', '1.00000']
  '002.8000': ['1.164', '0.134', '0.080', '0.99096', '-0.13417', '0.00059', '0.13417',
    '0.99096', '-0.00121', '-0.00042', '0.00128', '1.00000']
  '002.8667': ['1.174', '0.135', '0.080', '0.98998', '-0.14120', '0.00073', '0.14120',
    '0.98998', '-0.00122', '-0.00055', '0.00131', '1.00000']
  '002.9333': ['1.184', '0.137', '0.080', '0.98935', '-0.14556', '0.00079', '0.14556',
    '0.98935', '-0.00122', '-0.00061', '0.00132', '1.00000']
  '003.0000': ['1.193', '0.139', '0.080', '0.98771', '-0.15628', '0.00086', '0.15628',
    '0.98771', '-0.00128', '-0.00065', '0.00140', '1.00000']
  '003.0667': ['1.204', '0.141', '0.080', '0.98764', '-0.15677', '0.00095', '0.15677',
    '0.98763', '-0.00129', '-0.00074', '0.00143', '1.00000']
  '003.1333': ['1.213', '0.142', '0.080', '0.98717', '-0.15964', '0.00105', '0.15964',
    '0.98717', '-0.00123', '-0.00084', '0.00138', '1.00000']
  '003.2000': ['1.223', '0.143', '0.080', '0.98638', '-0.16450', '0.00122', '0.16450',
    '0.98638', '-0.00132', '-0.00099', '0.00150', '1.00000']
  '003.2667': ['1.210', '0.136', '0.080', '0.98131', '-0.19241', '0.00039', '0.19241',
    '0.98131', '-0.00073', '-0.00024', '0.00079', '1.00000']
  '003.3333': ['1.221', '0.139', '0.080', '0.98126', '-0.19268', '0.00046', '0.19268',
    '0.98126', '-0.00064', '-0.00033', '0.00071', '1.00000']
  '003.4000': ['1.232', '0.141', '0.080', '0.97994', '-0.19930', '0.00045', '0.19930',
    '0.97994', '-0.00062', '-0.00032', '0.00070', '1.00000']
  '003.4667': ['1.246', '0.146', '0.080', '0.97801', '-0.20857', '0.00045', '0.20857',
    '0.97801', '-0.00064', '-0.00031', '0.00072', '1.00000']
  '003.5333': ['1.256', '0.148', '0.080', '0.97956', '-0.20116', '0.00039', '0.20116',
    '0.97956', '-0.00056', '-0.00026', '0.00063', '1.00000']
  '003.6000': ['1.265', '0.149', '0.080', '0.98072', '-0.19544', '0.00043', '0.19544',
    '0.98072', '-0.00055', '-0.00032', '0.00062', '1.00000']
  '003.6667': ['1.277', '0.151', '0.080', '0.97911', '-0.20334', '0.00035', '0.20334',
    '0.97911', '-0.00054', '-0.00023', '0.00060', '1.00000']
  '003.7333': ['1.284', '0.152', '0.080', '0.98139', '-0.19200', '0.00032', '0.19200',
    '0.98139', '-0.00056', '-0.00020', '0.00061', '1.00000']
  '003.8000': ['1.294', '0.154', '0.080', '0.98001', '-0.19892', '0.00028', '0.19892',
    '0.98001', '-0.00052', '-0.00017', '0.00056', '1.00000']
  '003.8667': ['1.304', '0.157', '0.080', '0.98033', '-0.19739', '0.00028', '0.19739',
    '0.98033', '-0.00051', '-0.00017', '0.00055', '1.00000']
  '003.9333': ['1.315', '0.160', '0.080', '0.97910', '-0.20339', '0.00028', '0.20339',
    '0.97910', '-0.00051', '-0.00017', '0.00055', '1.00000']
  '004.0000': ['1.325', '0.162', '0.080', '0.97227', '-0.23385', '0.00022', '0.23385',
    '0.97227', '-0.00049', '-0.00010', '0.00052', '1.00000']
  '004.0667': ['1.334', '0.164', '0.080', '0.96877', '-0.24798', '0.00025', '0.24798',
    '0.96876', '-0.00045', '-0.00013', '0.00050', '1.00000']
  '004.1333': ['1.345', '0.167', '0.080', '0.96089', '-0.27693', '0.00024', '0.27693',
    '0.96089', '-0.00044', '-0.00011', '0.00049', '1.00000']
  '004.2000': ['1.354', '0.169', '0.080', '0.95341', '-0.30166', '0.00020', '0.30166',
    '0.95341', '-0.00041', '-0.00007', '0.00045', '1.00000']
  '004.2667': ['1.365', '0.174', '0.080', '0.94583', '-0.32467', '0.00020', '0.32467',
    '0.94583', '-0.00042', '-0.00006', '0.00046', '1.00000']
  '004.3333': ['1.376', '0.178', '0.080', '0.92965', '-0.36845', '0.00013', '0.36845',
    '0.92965', '-0.00043', '0.00004', '0.00045', '1.00000']
  '004.4000': ['1.385', '0.182', '0.080', '0.92118', '-0.38914', '0.00015', '0.38914',
    '0.92118', '-0.00041', '0.00002', '0.00043', '1.00000']
  '004.4667': ['1.393', '0.185', '0.080', '0.91263', '-0.40879', '0.00017', '0.40879',
    '0.91263', '-0.00037', '-0.00001', '0.00041', '1.00000']
  '004.5333': ['1.403', '0.189', '0.080', '0.89626', '-0.44352', '0.00010', '0.44352',
    '0.89626', '-0.00037', '0.00007', '0.00037', '1.00000']
  '004.6000': ['1.414', '0.196', '0.080', '0.88277', '-0.46981', '0.00011', '0.46981',
    '0.88277', '-0.00037', '0.00007', '0.00038', '1.00000']
  '004.6667': ['1.422', '0.200', '0.080', '0.87089', '-0.49147', '0.00015', '0.49147',
    '0.87089', '-0.00033', '0.00003', '0.00036', '1.00000']
  '004.7333': ['1.431', '0.206', '0.080', '0.85887', '-0.51219', '0.00014', '0.51219',
    '0.85887', '-0.00035', '0.00006', '0.00037', '1.00000']
  '004.8000': ['1.441', '0.213', '0.080', '0.84774', '-0.53042', '0.00015', '0.53042',
    '0.84774', '-0.00034', '0.00005', '0.00037', '1.00000']
  '004.8667': ['1.450', '0.219', '0.080', '0.83591', '-0.54886', '0.00015', '0.54886',
    '0.83591', '-0.00034', '0.00006', '0.00037', '1.00000']
  '004.9333': ['1.459', '0.225', '0.080', '0.82805', '-0.56066', '0.00014', '0.56066',
    '0.82805', '-0.00034', '0.00007', '0.00036', '1.00000']
  '005.0000': ['1.468', '0.232', '0.080', '0.81566', '-0.57853', '0.00016', '0.57853',
    '0.81566', '-0.00033', '0.00006', '0.00037', '1.00000']
  '005.0667': ['1.476', '0.239', '0.080', '0.79857', '-0.60190', '0.00017', '0.60190',
    '0.79857', '-0.00034', '0.00007', '0.00038', '1.00000']
  '005.1333': ['1.483', '0.245', '0.080', '0.78279', '-0.62229', '0.00021', '0.62229',
    '0.78279', '-0.00036', '0.00006', '0.00041', '1.00000']
  '005.2000': ['1.492', '0.252', '0.080', '0.76863', '-0.63969', '0.00020', '0.63969',
    '0.76863', '-0.00034', '0.00006', '0.00039', '1.00000']
  '005.2667': ['1.500', '0.259', '0.080', '0.75247', '-0.65862', '0.00020', '0.65862',
    '0.75247', '-0.00033', '0.00007', '0.00038', '1.00000']
  '005.3333': ['1.507', '0.266', '0.080', '0.73618', '-0.67679', '0.00023', '0.67679',
    '0.73618', '-0.00032', '0.00004', '0.00039', '1.00000']
  '005.4000': ['1.514', '0.273', '0.080', '0.72371', '-0.69010', '0.00022', '0.69010',
    '0.72371', '-0.00031', '0.00005', '0.00038', '1.00000']
  '005.4667': ['1.521', '0.280', '0.080', '0.71338', '-0.70077', '0.00023', '0.70078',
    '0.71338', '-0.00030', '0.00004', '0.00037', '1.00000']
  '011.0000': ['1.393', '1.066', '0.080', '-0.98485', '-0.17343', '0.00075', '0.17343',
    '-0.98485', '0.00001', '0.00074', '0.00014', '1.00000']
  '011.0667': ['1.378', '1.068', '0.080', '-0.99112', '-0.13300', '0.00073', '0.13300',
    '-0.99112', '0.00000', '0.00072', '0.00010', '1.00000']
  '011.1333': ['1.362', '1.070', '0.080', '-0.99602', '-0.08908', '0.00072', '0.08908',
    '-0.99602', '-0.00001', '0.00072', '0.00006', '1.00000']
  '011.2000': ['1.346', '1.072', '0.080', '-0.99920', '-0.04010', '0.00071', '0.04010',
    '-0.99920', '-0.00000', '0.00071', '0.00003', '1.00000']
  '011.2667': ['1.330', '1.072', '0.080', '-0.99997', '-0.00717', '0.00068', '0.00717',
    '-0.99997', '0.00002', '0.00068', '0.00002', '1.00000']
  '011.3333': ['1.316', '1.071', '0.080', '-0.99974', '0.02291', '0.00066', '-0.02291',
    '-0.99974', '0.00003', '0.00066', '0.00002', '1.00000']
  '011.4000': ['1.302', '1.071', '0.080', '-0.99908', '0.04298', '0.00063', '-0.04298',
    '-0.99908', '0.00005', '0.00063', '0.00002', '1.00000']
  '011.4667': ['1.289', '1.070', '0.080', '-0.99857', '0.05352', '0.00062', '-0.05352',
    '-0.99857', '0.00006', '0.00062', '0.00003', '1.00000']
  '011.5333': ['1.274', '1.069', '0.080', '-0.99806', '0.06221', '0.00060', '-0.06221',
    '-0.99806', '0.00008', '0.00060', '0.00004', '1.00000']
  '011.6000': ['1.259', '1.067', '0.080', '-0.99767', '0.06828', '0.00058', '-0.06828',
    '-0.99767', '0.00007', '0.00058', '0.00003', '1.00000']
  '011.6667': ['1.244', '1.066', '0.080', '-0.99709', '0.07624', '0.00059', '-0.07624',
    '-0.99709', '0.00007', '0.00059', '0.00003', '1.00000']
  '011.7333': ['1.229', '1.065', '0.080', '-0.99622', '0.08689', '0.00058', '-0.08689',
    '-0.99622', '0.00009', '0.00059', '0.00004', '1.00000']
  '011.8000': ['1.215', '1.063', '0.080', '-0.99504', '0.09945', '0.00055', '-0.09945',
    '-0.99504', '0.00008', '0.00055', '0.00003', '1.00000']
  '011.8667': ['1.202', '1.060', '0.080', '-0.99367', '0.11230', '0.00056', '-0.11230',
    '-0.99367', '0.00009', '0.00057', '0.00003', '1.00000']
  '011.9333': ['1.188', '1.059', '0.080', '-0.99165', '0.12894', '0.00055', '-0.12894',
    '-0.99165', '0.00009', '0.00056', '0.00002', '1.00000']
  '012.0000': ['1.173', '1.057', '0.080', '-0.99040', '0.13824', '0.00056', '-0.13824',
    '-0.99040', '0.00009', '0.00057', '0.00001', '1.00000']
  '012.0667': ['1.161', '1.054', '0.080', '-0.98961', '0.14380', '0.00052', '-0.14380',
    '-0.98961', '0.00013', '0.00054', '0.00006', '1.00000']
  '012.1333': ['1.149', '1.052', '0.080', '-0.98915', '0.14692', '0.00050', '-0.14692',
    '-0.98915', '0.00017', '0.00052', '0.00009', '1.00000']
  '012.2000': ['1.136', '1.051', '0.080', '-0.98778', '0.15585', '0.00050', '-0.15585',
    '-0.98778', '0.00014', '0.00052', '0.00006', '1.00000']
  '012.2667': ['1.123', '1.048', '0.080', '-0.98730', '0.15886', '0.00047', '-0.15886',
    '-0.98730', '0.00017', '0.00049', '0.00009', '1.00000']
  '012.3333': ['1.111', '1.047', '0.080', '-0.98737', '0.15843', '0.00042', '-0.15843',
    '-0.98737', '0.00014', '0.00044', '0.00008', '1.00000']
  '012.4000': ['1.098', '1.045', '0.080', '-0.98781', '0.15564', '0.00039', '-0.15564',
    '-0.98781', '0.00017', '0.00041', '0.00010', '1.00000']
  '012.4667': ['1.087', '1.043', '0.080', '-0.98868', '0.15001', '0.00038', '-0.15001',
    '-0.98868', '0.00021', '0.00041', '0.00015', '1.00000']
  '012.5333': ['1.075', '1.041', '0.080', '-0.98863', '0.15036', '0.00036', '-0.15036',
    '-0.98863', '0.00023', '0.00039', '0.00018', '1.00000']
  '012.6000': ['1.063', '1.039', '0.080', '-0.98893', '0.14837', '0.00031', '-0.14837',
    '-0.98893', '0.00025', '0.00034', '0.00020', '1.00000']
  '012.6667': ['1.051', '1.037', '0.080', '-0.98824', '0.15291', '0.00029', '-0.15291',
    '-0.98824', '0.00026', '0.00032', '0.00021', '1.00000']
  '012.7333': ['1.038', '1.035', '0.080', '-0.98771', '0.15631', '0.00025', '-0.15631',
    '-0.98771', '0.00021', '0.00028', '0.00017', '1.00000']
  '012.8000': ['1.024', '1.033', '0.080', '-0.98791', '0.15504', '0.00029', '-0.15504',
    '-0.98791', '0.00020', '0.00032', '0.00015', '1.00000']
  '012.8667': ['1.010', '1.032', '0.080', '-0.98756', '0.15723', '0.00029', '-0.15723',
    '-0.98756', '0.00018', '0.00031', '0.00013', '1.00000']
  '012.9333': ['0.996', '1.030', '0.080', '-0.98838', '0.15203', '0.00027', '-0.15203',
    '-0.98838', '0.00019', '0.00029', '0.00014', '1.00000']
  '013.0000': ['0.982', '1.028', '0.080', '-0.98865', '0.15024', '0.00024', '-0.15024',
    '-0.98865', '0.00016', '0.00027', '0.00012', '1.00000']
  '013.0667': ['0.970', '1.025', '0.080', '-0.98836', '0.15212', '0.00012', '-0.15212',
    '-0.98836', '0.00024', '0.00016', '0.00022', '1.00000']
  '013.1333': ['0.956', '1.023', '0.080', '-0.98880', '0.14927', '0.00009', '-0.14927',
    '-0.98880', '0.00023', '0.00012', '0.00021', '1.00000']
  '013.2000': ['0.942', '1.023', '0.080', '-0.98876', '0.14949', '0.00010', '-0.14949',
    '-0.98876', '0.00012', '0.00011', '0.00011', '1.00000']
  '013.2667': ['0.928', '1.022', '0.080', '-0.98897', '0.14812', '0.00012', '-0.14812',
    '-0.98897', '0.00012', '0.00014', '0.00010', '1.00000']
  '013.3333': ['0.915', '1.020', '0.080', '-0.98964', '0.14357', '0.00012', '-0.14357',
    '-0.98964', '0.00014', '0.00014', '0.00012', '1.00000']
  '013.4000': ['0.901', '1.020', '0.080', '-0.99013', '0.14018', '0.00011', '-0.14018',
    '-0.99013', '0.00009', '0.00012', '0.00008', '1.00000']
  '013.4667': ['0.890', '1.019', '0.080', '-0.99009', '0.14041', '0.00000', '-0.14041',
    '-0.99009', '0.00004', '0.00001', '0.00004', '1.00000']
  '013.5333': ['0.877', '1.017', '0.080', '-0.99099', '0.13396', '0.00001', '-0.13396',
    '-0.99099', '0.00009', '0.00002', '0.00008', '1.00000']
  '013.6000': ['0.864', '1.016', '0.080', '-0.99063', '0.13658', '-0.00001', '-0.13658',
    '-0.99063', '0.00009', '0.00001', '0.00009', '1.00000']
  '013.6667': ['0.851', '1.015', '0.080', '-0.99055', '0.13713', '0.00001', '-0.13713',
    '-0.99055', '0.00003', '0.00001', '0.00003', '1.00000']
  '013.7333': ['0.838', '1.013', '0.080', '-0.99132', '0.13150', '0.00002', '-0.13150',
    '-0.99132', '0.00006', '0.00003', '0.00005', '1.00000']
  '013.8000': ['0.825', '1.011', '0.080', '-0.99069', '0.13612', '-0.00003', '-0.13612',
    '-0.99069', '0.00007', '-0.00002', '0.00008', '1.00000']
  '013.8667': ['0.820', '1.022', '0.080', '-0.98556', '0.16935', '0.00012', '-0.16935',
    '-0.98556', '0.00031', '0.00017', '0.00028', '1.00000']
  '013.9333': ['0.805', '1.020', '0.080', '-0.98551', '0.16965', '0.00007', '-0.16965',
    '-0.98551', '0.00029', '0.00012', '0.00027', '1.00000']
  '014.0000': ['0.794', '1.018', '0.080', '-0.98504', '0.17235', '0.00008', '-0.17235',
    '-0.98504', '0.00029', '0.00012', '0.00027', '1.00000']
  '014.0667': ['0.782', '1.016', '0.080', '-0.98403', '0.17800', '0.00007', '-0.17800',
    '-0.98403', '0.00027', '0.00012', '0.00026', '1.00000']
  '014.1333': ['0.765', '1.012', '0.080', '-0.98373', '0.17967', '0.00003', '-0.17967',
    '-0.98373', '0.00027', '0.00008', '0.00026', '1.00000']
  '014.2000': ['0.751', '1.010', '0.080', '-0.98292', '0.18404', '0.00004', '-0.18404',
    '-0.98292', '0.00026', '0.00008', '0.00025', '1.00000']
  '014.2667': ['0.738', '1.008', '0.080', '-0.98133', '0.19231', '0.00002', '-0.19231',
    '-0.98133', '0.00027', '0.00007', '0.00026', '1.00000']
  '014.3333': ['0.725', '1.006', '0.080', '-0.98068', '0.19560', '0.00002', '-0.19560',
    '-0.98068', '0.00026', '0.00007', '0.00025', '1.00000']
  '014.4000': ['0.712', '1.003', '0.080', '-0.98104', '0.19379', '0.00000', '-0.19379',
    '-0.98104', '0.00030', '0.00006', '0.00030', '1.00000']
  '014.4667': ['0.700', '1.001', '0.080', '-0.98132', '0.19239', '-0.00001', '-0.19239',
    '-0.98132', '0.00029', '0.00005', '0.00029', '1.00000']
  '014.5333': ['0.686', '0.999', '0.080', '-0.98165', '0.19069', '-0.00003', '-0.19069',
    '-0.98165', '0.00028', '0.00003', '0.00028', '1.00000']
  '014.6000': ['0.672', '0.995', '0.080', '-0.98416', '0.17727', '-0.00001', '-0.17727',
    '-0.98416', '0.00033', '0.00005', '0.00032', '1.00000']
  '014.6667': ['0.657', '0.992', '0.080', '-0.98697', '0.16090', '-0.00002', '-0.16090',
    '-0.98697', '0.00035', '0.00004', '0.00035', '1.00000']
  '014.7333': ['0.644', '0.991', '0.080', '-0.99001', '0.14098', '-0.00005', '-0.14098',
    '-0.99001', '0.00033', '-0.00000', '0.00034', '1.00000']
  '014.8000': ['0.633', '0.990', '0.080', '-0.99135', '0.13124', '-0.00009', '-0.13124',
    '-0.99135', '0.00032', '-0.00005', '0.00033', '1.00000']
  '014.8667': ['0.617', '0.987', '0.080', '-0.99251', '0.12219', '-0.00008', '-0.12219',
    '-0.99251', '0.00036', '-0.00004', '0.00037', '1.00000']
  '014.9333': ['0.604', '0.986', '0.080', '-0.99308', '0.11746', '-0.00012', '-0.11746',
    '-0.99308', '0.00036', '-0.00007', '0.00037', '1.00000']
  '015.0000': ['0.587', '0.984', '0.080', '-0.99283', '0.11951', '-0.00013', '-0.11951',
    '-0.99283', '0.00035', '-0.00008', '0.00037', '1.00000']
  '015.0667': ['0.573', '0.982', '0.080', '-0.99234', '0.12350', '-0.00015', '-0.12350',
    '-0.99234', '0.00033', '-0.00011', '0.00035', '1.00000']
  '015.1333': ['0.563', '0.981', '0.080', '-0.99237', '0.12326', '-0.00015', '-0.12326',
    '-0.99237', '0.00034', '-0.00011', '0.00035', '1.00000']
  '015.2000': ['0.551', '0.980', '0.080', '-0.99287', '0.11917', '-0.00016', '-0.11917',
    '-0.99287', '0.00033', '-0.00012', '0.00034', '1.00000']
  '015.2667': ['0.538', '0.979', '0.080', '-0.99352', '0.11362', '-0.00019', '-0.11362',
    '-0.99352', '0.00029', '-0.00016', '0.00031', '1.00000']
  '015.3333': ['0.524', '0.977', '0.080', '-0.99462', '0.10356', '-0.00019', '-0.10356',
    '-0.99462', '0.00030', '-0.00016', '0.00032', '1.00000']
  '015.4000': ['0.510', '0.975', '0.080', '-0.99525', '0.09739', '-0.00019', '-0.09739',
    '-0.99525', '0.00032', '-0.00016', '0.00034', '1.00000']
  '015.4667': ['0.494', '0.974', '0.080', '-0.99652', '0.08331', '-0.00021', '-0.08331',
    '-0.99652', '0.00035', '-0.00018', '0.00036', '1.00000']
  '015.5333': ['0.480', '0.973', '0.080', '-0.99738', '0.07228', '-0.00022', '-0.07228',
    '-0.99738', '0.00035', '-0.00020', '0.00037', '1.00000']
  '015.6000': ['0.467', '0.973', '0.080', '-0.99836', '0.05721', '-0.00021', '-0.05721',
    '-0.99836', '0.00036', '-0.00019', '0.00037', '1.00000']
  '015.6667': ['0.451', '0.972', '0.080', '-0.99905', '0.04359', '-0.00022', '-0.04359',
    '-0.99905', '0.00036', '-0.00021', '0.00037', '1.00000']
  '015.7333': ['0.437', '0.970', '0.080', '-0.99936', '0.03568', '-0.00023', '-0.03568',
    '-0.99936', '0.00037', '-0.00022', '0.00038', '1.00000']
  '015.8000': ['0.424', '0.971', '0.080', '-0.99947', '0.03262', '-0.00025', '-0.03262',
    '-0.99947', '0.00036', '-0.00023', '0.00037', '1.00000']
  '015.8667': ['0.407', '0.970', '0.080', '-0.99932', '0.03677', '-0.00027', '-0.03677',
    '-0.99932', '0.00036', '-0.00026', '0.00037', '1.00000']
  '015.9333': ['0.396', '0.970', '0.080', '-0.99891', '0.04677', '-0.00030', '-0.04677',
    '-0.99891', '0.00036', '-0.00028', '0.00038', '1.00000']
  '016.0000': ['0.384', '0.970', '0.080', '-0.99814', '0.06094', '-0.00029', '-0.06094',
    '-0.99814', '0.00033', '-0.00027', '0.00035', '1.00000']
  '016.0667': ['0.373', '0.970', '0.080', '-0.99683', '0.07960', '-0.00031', '-0.07960',
    '-0.99683', '0.00029', '-0.00028', '0.00031', '1.00000']
  '016.1333': ['0.360', '0.968', '0.080', '-0.99381', '0.11105', '-0.00031', '-0.11105',
    '-0.99381', '0.00028', '-0.00027', '0.00031', '1.00000']
  '016.2000': ['0.346', '0.967', '0.080', '-0.98799', '0.15449', '-0.00029', '-0.15450',
    '-0.98799', '0.00025', '-0.00025', '0.00030', '1.00000']
  '016.2667': ['0.332', '0.963', '0.080', '-0.97859', '0.20583', '-0.00029', '-0.20583',
    '-0.97859', '0.00026', '-0.00023', '0.00032', '1.00000']
  '016.3333': ['0.316', '0.958', '0.080', '-0.96397', '0.26602', '-0.00030', '-0.26602',
    '-0.96397', '0.00032', '-0.00020', '0.00039', '1.00000']
  '016.4000': ['0.304', '0.954', '0.080', '-0.94650', '0.32269', '-0.00035', '-0.32269',
    '-0.94650', '0.00034', '-0.00022', '0.00043', '1.00000']
  '016.4667': ['0.292', '0.949', '0.080', '-0.92295', '0.38492', '-0.00041', '-0.38492',
    '-0.92295', '0.00034', '-0.00025', '0.00047', '1.00000']
  '016.5333': ['0.283', '0.945', '0.080', '-0.90276', '0.43015', '-0.00042', '-0.43015',
    '-0.90276', '0.00031', '-0.00025', '0.00047', '1.00000']
  '016.6000': ['0.272', '0.939', '0.080', '-0.87697', '0.48055', '-0.00045', '-0.48055',
    '-0.87697', '0.00028', '-0.00026', '0.00047', '1.00000']
  '016.6667': ['0.262', '0.933', '0.080', '-0.84407', '0.53623', '-0.00046', '-0.53623',
    '-0.84407', '0.00026', '-0.00025', '0.00047', '1.00000']
  '016.7333': ['0.252', '0.926', '0.080', '-0.80758', '0.58976', '-0.00047', '-0.58976',
    '-0.80758', '0.00023', '-0.00025', '0.00046', '1.00000']
  '016.8000': ['0.243', '0.919', '0.080', '-0.77039', '0.63758', '-0.00047', '-0.63758',
    '-0.77039', '0.00019', '-0.00024', '0.00045', '1.00000']
  '016.8667': ['0.231', '0.909', '0.080', '-0.72562', '0.68809', '-0.00046', '-0.68809',
    '-0.72562', '0.00016', '-0.00022', '0.00043', '1.00000']
  '016.9333': ['0.220', '0.899', '0.080', '-0.69433', '0.71966', '-0.00044', '-0.71966',
    '-0.69433', '0.00014', '-0.00021', '0.00042', '1.00000']
  '017.0000': ['0.209', '0.888', '0.080', '-0.65772', '0.75327', '-0.00044', '-0.75327',
    '-0.65772', '0.00011', '-0.00021', '0.00040', '1.00000']
  '017.0667': ['0.200', '0.877', '0.080', '-0.62077', '0.78399', '-0.00044', '-0.78399',
    '-0.62077', '0.00010', '-0.00020', '0.00041', '1.00000']
  '017.1333': ['0.192', '0.866', '0.080', '-0.58058', '0.81421', '-0.00046', '-0.81421',
    '-0.58058', '0.00009', '-0.00019', '0.00042', '1.00000']
  '017.2000': ['0.172', '0.836', '0.080', '-0.51232', '0.85879', '-0.00061', '-0.85879',
    '-0.51232', '-0.00037', '-0.00063', '0.00034', '1.00000']
  '017.2667': ['0.162', '0.822', '0.080', '-0.47488', '0.88005', '-0.00062', '-0.88005',
    '-0.47488', '-0.00037', '-0.00062', '0.00037', '1.00000']
  '017.3333': ['0.166', '0.814', '0.080', '-0.44106', '0.89748', '-0.00069', '-0.89748',
    '-0.44106', '-0.00033', '-0.00060', '0.00047', '1.00000']
  '023.6666': ['0.715', '0.125', '0.080', '0.99821', '-0.05974', '0.00029', '0.05974',
    '0.99821', '-0.00027', '-0.00027', '0.00028', '1.00000']
  '023.7333': ['0.730', '0.118', '0.080', '0.99826', '-0.05893', '0.00027', '0.05893',
    '0.99826', '-0.00024', '-0.00026', '0.00026', '1.00000']
  '023.8000': ['0.736', '0.118', '0.080', '0.99829', '-0.05838', '0.00028', '0.05838',
    '0.99829', '-0.00024', '-0.00026', '0.00026', '1.00000']
  '023.8666': ['0.741', '0.122', '0.080', '0.99813', '-0.06114', '0.00029', '0.06114',
    '0.99813', '-0.00026', '-0.00027', '0.00027', '1.00000']
  '023.9333': ['0.750', '0.122', '0.080', '0.99754', '-0.07012', '0.00029', '0.07012',
    '0.99754', '-0.00025', '-0.00027', '0.00027', '1.00000']
  '024.0000': ['0.766', '0.121', '0.080', '0.99685', '-0.07936', '0.00029', '0.07936',
    '0.99685', '-0.00024', '-0.00027', '0.00026', '1.00000']
  '024.0666': ['0.780', '0.121', '0.080', '0.99529', '-0.09694', '0.00029', '0.09694',
    '0.99529', '-0.00023', '-0.00027', '0.00026', '1.00000']
  '024.1333': ['0.787', '0.125', '0.080', '0.99403', '-0.10907', '0.00030', '0.10907',
    '0.99403', '-0.00025', '-0.00027', '0.00028', '1.00000']
  '024.2000': ['0.813', '0.121', '0.080', '0.99358', '-0.11317', '0.00027', '0.11317',
    '0.99358', '-0.00023', '-0.00025', '0.00026', '1.00000']
  '024.2666': ['0.821', '0.122', '0.080', '0.99310', '-0.11723', '0.00027', '0.11723',
    '0.99310', '-0.00023', '-0.00024', '0.00026', '1.00000']
  '024.3333': ['0.828', '0.125', '0.080', '0.99299', '-0.11821', '0.00029', '0.11821',
    '0.99299', '-0.00021', '-0.00026', '0.00024', '1.00000']
  '024.4000': ['0.842', '0.126', '0.080', '0.99312', '-0.11706', '0.00027', '0.11706',
    '0.99312', '-0.00020', '-0.00025', '0.00023', '1.00000']
  '024.4666': ['0.855', '0.127', '0.080', '0.99326', '-0.11590', '0.00026', '0.11590',
    '0.99326', '-0.00019', '-0.00024', '0.00022', '1.00000']
  '024.5333': ['0.865', '0.128', '0.080', '0.99289', '-0.11904', '0.00025', '0.11904',
    '0.99289', '-0.00017', '-0.00023', '0.00020', '1.00000']
  '024.6000': ['0.878', '0.127', '0.080', '0.99138', '-0.13102', '0.00025', '0.13102',
    '0.99138', '-0.00017', '-0.00022', '0.00020', '1.00000']
  '024.6666': ['0.888', '0.130', '0.080', '0.99142', '-0.13071', '0.00027', '0.13071',
    '0.99142', '-0.00017', '-0.00025', '0.00020', '1.00000']
  '024.7333': ['0.893', '0.134', '0.080', '0.99222', '-0.12447', '0.00030', '0.12447',
    '0.99222', '-0.00017', '-0.00028', '0.00020', '1.00000']
  '024.8000': ['0.906', '0.134', '0.080', '0.99173', '-0.12836', '0.00029', '0.12836',
    '0.99173', '-0.00016', '-0.00026', '0.00019', '1.00000']
  '024.8666': ['0.919', '0.135', '0.080', '0.99100', '-0.13389', '0.00029', '0.13389',
    '0.99100', '-0.00016', '-0.00027', '0.00020', '1.00000']
  '026.1333': ['1.085', '0.154', '0.080', '0.98684', '-0.16167', '-0.00054', '0.16167',
    '0.98684', '-0.00024', '0.00058', '0.00015', '1.00000']
  '026.2000': ['1.096', '0.155', '0.080', '0.98442', '-0.17585', '-0.00057', '0.17585',
    '0.98442', '-0.00023', '0.00060', '0.00012', '1.00000']
  '026.2666': ['1.102', '0.153', '0.080', '0.98521', '-0.17133', '-0.00062', '0.17133',
    '0.98521', '-0.00019', '0.00065', '0.00008', '1.00000']
  '026.3333': ['1.112', '0.153', '0.080', '0.98746', '-0.15788', '-0.00060', '0.15788',
    '0.98746', '-0.00020', '0.00063', '0.00010', '1.00000']
  '026.4000': ['1.122', '0.154', '0.080', '0.98954', '-0.14427', '-0.00058', '0.14427',
    '0.98954', '-0.00021', '0.00061', '0.00012', '1.00000']
  '026.7333': ['1.171', '0.155', '0.080', '0.99496', '-0.10027', '-0.00053', '0.10027',
    '0.99496', '-0.00007', '0.00054', '0.00002', '1.00000']
  '026.8000': ['1.186', '0.157', '0.080', '0.99779', '-0.06651', '-0.00031', '0.06651',
    '0.99779', '-0.00024', '0.00033', '0.00022', '1.00000']
  '026.8666': ['1.197', '0.156', '0.080', '0.99655', '-0.08296', '-0.00040', '0.08296',
    '0.99655', '-0.00018', '0.00042', '0.00015', '1.00000']
  '026.9333': ['1.214', '0.160', '0.080', '0.99528', '-0.09701', '-0.00048', '0.09701',
    '0.99528', '-0.00023', '0.00050', '0.00018', '1.00000']
  '027.0000': ['1.223', '0.160', '0.080', '0.99763', '-0.06888', '-0.00036', '0.06888',
    '0.99763', '-0.00021', '0.00038', '0.00019', '1.00000']
  '027.0666': ['1.233', '0.160', '0.080', '0.99699', '-0.07751', '-0.00036', '0.07751',
    '0.99699', '-0.00020', '0.00037', '0.00017', '1.00000']
  '027.1333': ['1.246', '0.161', '0.080', '0.99593', '-0.09015', '-0.00047', '0.09015',
    '0.99593', '-0.00021', '0.00049', '0.00017', '1.00000']
  '027.2000': ['1.254', '0.161', '0.080', '0.99513', '-0.09855', '-0.00046', '0.09855',
    '0.99513', '-0.00021', '0.00048', '0.00016', '1.00000']
  '027.2666': ['1.270', '0.166', '0.080', '0.99499', '-0.09999', '-0.00048', '0.09999',
    '0.99499', '-0.00025', '0.00050', '0.00020', '1.00000']
  '027.3333': ['1.277', '0.164', '0.080', '0.99470', '-0.10283', '-0.00047', '0.10283',
    '0.99470', '-0.00024', '0.00049', '0.00019', '1.00000']
  '027.4000': ['1.285', '0.163', '0.080', '0.99481', '-0.10178', '-0.00045', '0.10178',
    '0.99481', '-0.00022', '0.00047', '0.00018', '1.00000']
  '027.4666': ['1.297', '0.166', '0.080', '0.99474', '-0.10242', '-0.00045', '0.10242',
    '0.99474', '-0.00027', '0.00047', '0.00022', '1.00000']
  '027.5333': ['1.305', '0.166', '0.080', '0.99173', '-0.12837', '-0.00045', '0.12837',
    '0.99173', '-0.00024', '0.00048', '0.00018', '1.00000']
  '027.6000': ['1.315', '0.168', '0.080', '0.98701', '-0.16066', '-0.00044', '0.16066',
    '0.98701', '-0.00026', '0.00048', '0.00019', '1.00000']
  '027.6666': ['1.328', '0.172', '0.080', '0.98138', '-0.19209', '-0.00044', '0.19209',
    '0.98138', '-0.00028', '0.00048', '0.00019', '1.00000']
  '027.7333': ['1.336', '0.172', '0.080', '0.97593', '-0.21807', '-0.00043', '0.21807',
    '0.97593', '-0.00027', '0.00048', '0.00017', '1.00000']
  '027.8000': ['1.348', '0.176', '0.080', '0.96723', '-0.25390', '-0.00042', '0.25390',
    '0.96723', '-0.00028', '0.00047', '0.00016', '1.00000']
  '027.8666': ['1.359', '0.179', '0.080', '0.95659', '-0.29142', '-0.00043', '0.29142',
    '0.95659', '-0.00026', '0.00049', '0.00012', '1.00000']
  '027.9333': ['1.371', '0.184', '0.080', '0.94719', '-0.32068', '-0.00045', '0.32068',
    '0.94719', '-0.00029', '0.00052', '0.00013', '1.00000']
  '028.0000': ['1.380', '0.185', '0.080', '0.93426', '-0.35660', '-0.00042', '0.35660',
    '0.93426', '-0.00024', '0.00048', '0.00008', '1.00000']
  '028.0666': ['1.392', '0.193', '0.080', '0.92746', '-0.37392', '-0.00044', '0.37392',
    '0.92746', '-0.00029', '0.00051', '0.00011', '1.00000']
  '028.1333': ['1.402', '0.196', '0.080', '0.91929', '-0.39359', '-0.00044', '0.39359',
    '0.91929', '-0.00027', '0.00051', '0.00007', '1.00000']
  '028.2000': ['1.412', '0.201', '0.080', '0.90585', '-0.42360', '-0.00043', '0.42360',
    '0.90585', '-0.00028', '0.00051', '0.00007', '1.00000']
  '028.2666': ['1.422', '0.206', '0.080', '0.89363', '-0.44881', '-0.00043', '0.44881',
    '0.89363', '-0.00027', '0.00050', '0.00005', '1.00000']
  '028.3333': ['1.432', '0.210', '0.080', '0.87958', '-0.47575', '-0.00040', '0.47575',
    '0.87958', '-0.00027', '0.00047', '0.00005', '1.00000']
  '028.4000': ['1.443', '0.219', '0.080', '0.86831', '-0.49602', '-0.00040', '0.49602',
    '0.86831', '-0.00033', '0.00051', '0.00008', '1.00000']
  '028.4666': ['1.452', '0.224', '0.080', '0.85309', '-0.52176', '-0.00036', '0.52176',
    '0.85309', '-0.00033', '0.00048', '0.00009', '1.00000']
  '028.5333': ['1.461', '0.229', '0.080', '0.83969', '-0.54307', '-0.00037', '0.54307',
    '0.83969', '-0.00030', '0.00047', '0.00005', '1.00000']
  '028.6000': ['1.470', '0.235', '0.080', '0.83036', '-0.55723', '-0.00033', '0.55723',
    '0.83036', '-0.00030', '0.00044', '0.00007', '1.00000']
  '028.6666': ['1.479', '0.242', '0.080', '0.82330', '-0.56761', '-0.00034', '0.56761',
    '0.82330', '-0.00031', '0.00045', '0.00006', '1.00000']
  '028.8666': ['1.504', '0.260', '0.080', '0.78427', '-0.62041', '-0.00029', '0.62041',
    '0.78427', '-0.00028', '0.00040', '0.00004', '1.00000']
  '029.0000': ['1.518', '0.274', '0.080', '0.72199', '-0.69190', '-0.00030', '0.69190',
    '0.72199', '-0.00030', '0.00042', '0.00001', '1.00000']
  '029.0666': ['1.525', '0.281', '0.080', '0.70784', '-0.70637', '-0.00029', '0.70637',
    '0.70784', '-0.00032', '0.00043', '0.00002', '1.00000']
  '029.2000': ['1.540', '0.298', '0.080', '0.67567', '-0.73721', '-0.00029', '0.73721',
    '0.67567', '-0.00030', '0.00042', '-0.00001', '1.00000']
  '029.2666': ['1.548', '0.306', '0.080', '0.65999', '-0.75127', '-0.00029', '0.75127',
    '0.65999', '-0.00033', '0.00044', '0.00000', '1.00000']
  '029.4666': ['1.568', '0.331', '0.080', '0.59556', '-0.80331', '-0.00023', '0.80331',
    '0.59556', '-0.00029', '0.00037', '-0.00001', '1.00000']
  '029.5333': ['1.576', '0.343', '0.080', '0.56210', '-0.82707', '-0.00025', '0.82707',
    '0.56210', '-0.00034', '0.00042', '-0.00001', '1.00000']
  '029.7333': ['1.593', '0.371', '0.080', '0.48035', '-0.87708', '-0.00013', '0.87708',
    '0.48035', '-0.00029', '0.00032', '0.00002', '1.00000']
  '029.8000': ['1.598', '0.381', '0.080', '0.45066', '-0.89269', '-0.00017', '0.89269',
    '0.45066', '-0.00025', '0.00030', '-0.00004', '1.00000']
  '029.9333': ['1.607', '0.401', '0.080', '0.40204', '-0.91562', '-0.00012', '0.91562',
    '0.40204', '-0.00026', '0.00029', '-0.00001', '1.00000']
  '030.0000': ['1.612', '0.413', '0.080', '0.38230', '-0.92404', '-0.00013', '0.92404',
    '0.38230', '-0.00025', '0.00028', '-0.00003', '1.00000']
  '030.1333': ['1.621', '0.436', '0.080', '0.34041', '-0.94028', '-0.00015', '0.94028',
    '0.34041', '-0.00023', '0.00026', '-0.00006', '1.00000']
  '030.2666': ['1.628', '0.459', '0.080', '0.27272', '-0.96209', '-0.00015', '0.96209',
    '0.27272', '-0.00017', '0.00020', '-0.00010', '1.00000']
  '030.3333': ['1.631', '0.471', '0.080', '0.23787', '-0.97130', '-0.00015', '0.97130',
    '0.23787', '-0.00014', '0.00017', '-0.00011', '1.00000']
  '030.4666': ['1.634', '0.494', '0.080', '0.16807', '-0.98577', '-0.00004', '0.98577',
    '0.16807', '-0.00009', '0.00010', '-0.00002', '1.00000']
  '030.6666': ['1.638', '0.531', '0.080', '0.07903', '-0.99687', '-0.00001', '0.99687',
    '0.07903', '0.00000', '-0.00000', '-0.00001', '1.00000']
  '030.8000': ['1.641', '0.553', '0.080', '0.03861', '-0.99925', '-0.00008', '0.99925',
    '0.03861', '0.00015', '-0.00015', '-0.00008', '1.00000']
  '030.9333': ['1.641', '0.576', '0.080', '0.00693', '-0.99998', '-0.00008', '0.99998',
    '0.00693', '0.00020', '-0.00020', '-0.00008', '1.00000']
  '031.0666': ['1.636', '0.602', '0.080', '-0.02344', '-0.99973', '0.00038', '0.99973',
    '-0.02344', '0.00008', '-0.00008', '0.00038', '1.00000']
  '031.1333': ['1.640', '0.614', '0.080', '-0.03881', '-0.99925', '-0.00001', '0.99925',
    '-0.03881', '0.00017', '-0.00017', '-0.00000', '1.00000']
  '031.2000': ['1.640', '0.626', '0.080', '-0.05288', '-0.99860', '-0.00004', '0.99860',
    '-0.05288', '0.00026', '-0.00026', '-0.00003', '1.00000']
  '031.2666': ['1.639', '0.640', '0.080', '-0.06381', '-0.99796', '-0.00010', '0.99796',
    '-0.06381', '0.00019', '-0.00019', '-0.00009', '1.00000']
  '031.3333': ['1.638', '0.653', '0.080', '-0.07342', '-0.99730', '-0.00008', '0.99730',
    '-0.07342', '0.00019', '-0.00019', '-0.00006', '1.00000']
  '031.4000': ['1.637', '0.664', '0.080', '-0.08864', '-0.99606', '-0.00011', '0.99606',
    '-0.08864', '0.00030', '-0.00031', '-0.00008', '1.00000']
  '031.4666': ['1.636', '0.677', '0.080', '-0.10388', '-0.99459', '-0.00011', '0.99459',
    '-0.10388', '0.00030', '-0.00031', '-0.00008', '1.00000']
  '031.5333': ['1.635', '0.690', '0.080', '-0.11644', '-0.99320', '-0.00012', '0.99320',
    '-0.11644', '0.00032', '-0.00033', '-0.00008', '1.00000']
  '031.6000': ['1.633', '0.703', '0.080', '-0.13145', '-0.99132', '-0.00013', '0.99132',
    '-0.13145', '0.00032', '-0.00033', '-0.00009', '1.00000']
  '031.6666': ['1.632', '0.716', '0.080', '-0.13505', '-0.99084', '-0.00014', '0.99084',
    '-0.13505', '0.00033', '-0.00035', '-0.00009', '1.00000']
  '031.7333': ['1.631', '0.728', '0.080', '-0.14056', '-0.99007', '-0.00019', '0.99007',
    '-0.14056', '0.00037', '-0.00039', '-0.00014', '1.00000']
  '031.8000': ['1.628', '0.741', '0.080', '-0.15079', '-0.98857', '-0.00012', '0.98857',
    '-0.15079', '0.00036', '-0.00037', '-0.00006', '1.00000']
  '031.8666': ['1.626', '0.753', '0.080', '-0.15858', '-0.98735', '-0.00014', '0.98735',
    '-0.15858', '0.00036', '-0.00038', '-0.00008', '1.00000']
  '031.9333': ['1.624', '0.766', '0.080', '-0.17222', '-0.98506', '-0.00010', '0.98506',
    '-0.17222', '0.00037', '-0.00038', '-0.00004', '1.00000']
  '032.0666': ['1.621', '0.790', '0.080', '-0.19201', '-0.98139', '-0.00016', '0.98139',
    '-0.19201', '0.00042', '-0.00045', '-0.00008', '1.00000']
  '032.2000': ['1.616', '0.815', '0.080', '-0.21035', '-0.97763', '-0.00018', '0.97763',
    '-0.21035', '0.00044', '-0.00047', '-0.00008', '1.00000']
  '032.3333': ['1.610', '0.840', '0.080', '-0.22955', '-0.97330', '-0.00020', '0.97330',
    '-0.22955', '0.00042', '-0.00045', '-0.00010', '1.00000']
