begin_time_stamp: 1588330711.1999998
data_header:
  time_stamp: [x, y, z, R11, R12, R13, R21, R22, R23, R31, R32, R33]
trajectory_data:
  '000.0000': ['0.172', '0.624', '0.080', '-0.02162', '0.99977', '-0.00018', '-0.99977',
    '-0.02162', '-0.00011', '-0.00011', '0.00018', '1.00000']
  '000.0667': ['0.173', '0.624', '0.080', '-0.02202', '0.99976', '-0.00022', '-0.99976',
    '-0.02202', '-0.00008', '-0.00009', '0.00022', '1.00000']
  '000.1333': ['0.172', '0.624', '0.080', '-0.02191', '0.99976', '-0.00017', '-0.99976',
    '-0.02191', '-0.00011', '-0.00012', '0.00017', '1.00000']
  '000.2000': ['0.172', '0.624', '0.080', '-0.02179', '0.99976', '-0.00016', '-0.99976',
    '-0.02179', '-0.00012', '-0.00012', '0.00016', '1.00000']
  '000.2667': ['0.172', '0.624', '0.080', '-0.02210', '0.99976', '-0.00019', '-0.99976',
    '-0.02210', '-0.00009', '-0.00009', '0.00018', '1.00000']
  '000.3333': ['0.172', '0.624', '0.080', '-0.02237', '0.99975', '-0.00018', '-0.99975',
    '-0.02237', '-0.00009', '-0.00009', '0.00018', '1.00000']
  '005.0000': ['0.400', '0.182', '0.080', '0.88609', '0.46352', '-0.00017', '-0.46351',
    '0.88609', '0.00080', '0.00052', '-0.00063', '1.00000']
  '005.0667': ['0.423', '0.174', '0.080', '0.90863', '0.41761', '-0.00010', '-0.41761',
    '0.90863', '0.00090', '0.00046', '-0.00078', '1.00000']
  '005.1333': ['0.443', '0.167', '0.080', '0.93065', '0.36591', '-0.00004', '-0.36591',
    '0.93065', '0.00098', '0.00040', '-0.00089', '1.00000']
  '005.2000': ['0.470', '0.159', '0.080', '0.95424', '0.29905', '0.00003', '-0.29905',
    '0.95424', '0.00112', '0.00031', '-0.00108', '1.00000']
  '005.2667': ['0.495', '0.152', '0.080', '0.97263', '0.23237', '0.00008', '-0.23237',
    '0.97263', '0.00119', '0.00019', '-0.00118', '1.00000']
  '005.3333': ['0.518', '0.147', '0.080', '0.98594', '0.16712', '0.00014', '-0.16712',
    '0.98594', '0.00106', '0.00004', '-0.00107', '1.00000']
  '005.4000': ['0.543', '0.143', '0.080', '0.99454', '0.10437', '0.00016', '-0.10437',
    '0.99454', '0.00096', '-0.00005', '-0.00097', '1.00000']
  '005.4667': ['0.558', '0.141', '0.080', '0.99790', '0.06475', '0.00018', '-0.06475',
    '0.99790', '0.00092', '-0.00012', '-0.00093', '1.00000']
  '005.5333': ['0.573', '0.139', '0.080', '0.99950', '0.03161', '0.00021', '-0.03161',
    '0.99950', '0.00089', '-0.00018', '-0.00090', '1.00000']
  '005.6000': ['0.590', '0.139', '0.080', '0.99999', '0.00389', '0.00021', '-0.00389',
    '0.99999', '0.00085', '-0.00020', '-0.00085', '1.00000']
  '005.6667': ['0.602', '0.140', '0.080', '0.99998', '-0.00635', '0.00022', '0.00635',
    '0.99998', '0.00084', '-0.00022', '-0.00084', '1.00000']
  '005.7333': ['0.617', '0.140', '0.080', '0.99997', '-0.00775', '0.00020', '0.00775',
    '0.99997', '0.00082', '-0.00021', '-0.00081', '1.00000']
  '008.5333': ['1.081', '0.076', '0.080', '0.99813', '-0.06118', '0.00094', '0.06117',
    '0.99813', '0.00086', '-0.00100', '-0.00080', '1.00000']
  '008.6000': ['1.109', '0.087', '0.080', '0.99512', '-0.09871', '-0.00054', '0.09871',
    '0.99512', '-0.00010', '0.00055', '0.00004', '1.00000']
  '008.6667': ['1.120', '0.086', '0.080', '0.99393', '-0.11001', '-0.00056', '0.11001',
    '0.99393', '-0.00010', '0.00057', '0.00004', '1.00000']
  '008.7333': ['1.135', '0.090', '0.080', '0.99304', '-0.11779', '-0.00056', '0.11779',
    '0.99304', '-0.00015', '0.00057', '0.00009', '1.00000']
  '008.8000': ['1.150', '0.095', '0.080', '0.99425', '-0.10712', '-0.00048', '0.10712',
    '0.99425', '-0.00014', '0.00050', '0.00009', '1.00000']
  '008.8667': ['1.167', '0.101', '0.080', '0.99297', '-0.11833', '-0.00050', '0.11833',
    '0.99297', '-0.00015', '0.00051', '0.00009', '1.00000']
  '008.9333': ['1.178', '0.101', '0.080', '0.99342', '-0.11451', '-0.00037', '0.11451',
    '0.99342', '-0.00017', '0.00038', '0.00013', '1.00000']
  '009.0000': ['1.187', '0.098', '0.080', '0.99211', '-0.12536', '-0.00034', '0.12536',
    '0.99211', '-0.00014', '0.00036', '0.00009', '1.00000']
  '009.0667': ['1.200', '0.099', '0.080', '0.99000', '-0.14110', '-0.00036', '0.14110',
    '0.99000', '-0.00015', '0.00038', '0.00010', '1.00000']
  '009.1333': ['1.212', '0.101', '0.080', '0.98779', '-0.15581', '-0.00036', '0.15581',
    '0.98779', '-0.00016', '0.00038', '0.00010', '1.00000']
  '009.2000': ['1.225', '0.105', '0.080', '0.98718', '-0.15959', '-0.00030', '0.15959',
    '0.98718', '-0.00018', '0.00032', '0.00014', '1.00000']
  '009.2667': ['1.239', '0.109', '0.080', '0.98307', '-0.18321', '-0.00034', '0.18321',
    '0.98307', '-0.00020', '0.00037', '0.00014', '1.00000']
  '009.3333': ['1.247', '0.108', '0.080', '0.97488', '-0.22271', '-0.00042', '0.22271',
    '0.97488', '-0.00018', '0.00045', '0.00008', '1.00000']
  '009.4000': ['1.260', '0.113', '0.080', '0.95398', '-0.29986', '-0.00049', '0.29986',
    '0.95398', '-0.00019', '0.00053', '0.00003', '1.00000']
  '009.4667': ['1.274', '0.120', '0.080', '0.93203', '-0.36238', '-0.00052', '0.36238',
    '0.93203', '-0.00022', '0.00057', '0.00002', '1.00000']
  '009.5333': ['1.283', '0.122', '0.080', '0.91698', '-0.39894', '-0.00053', '0.39894',
    '0.91698', '-0.00020', '0.00056', '-0.00003', '1.00000']
  '009.6000': ['1.293', '0.128', '0.080', '0.90903', '-0.41673', '-0.00050', '0.41673',
    '0.90903', '-0.00023', '0.00055', '-0.00000', '1.00000']
  '009.6667': ['1.302', '0.132', '0.080', '0.90512', '-0.42516', '-0.00046', '0.42516',
    '0.90512', '-0.00023', '0.00052', '0.00001', '1.00000']
  '009.7333': ['1.311', '0.137', '0.080', '0.90113', '-0.43355', '-0.00043', '0.43355',
    '0.90113', '-0.00023', '0.00049', '0.00002', '1.00000']
  '009.8000': ['1.322', '0.142', '0.080', '0.89236', '-0.45132', '-0.00050', '0.45132',
    '0.89236', '-0.00026', '0.00056', '0.00001', '1.00000']
  '009.8667': ['1.332', '0.147', '0.080', '0.88583', '-0.46401', '-0.00053', '0.46401',
    '0.88583', '-0.00030', '0.00061', '0.00002', '1.00000']
  '009.9333': ['1.337', '0.150', '0.080', '0.88772', '-0.46039', '-0.00040', '0.46039',
    '0.88772', '-0.00025', '0.00047', '0.00004', '1.00000']
  '010.0000': ['1.348', '0.155', '0.080', '0.88381', '-0.46785', '-0.00044', '0.46784',
    '0.88381', '-0.00027', '0.00051', '0.00003', '1.00000']
  '010.0667': ['1.356', '0.159', '0.080', '0.87786', '-0.47891', '-0.00048', '0.47891',
    '0.87786', '-0.00031', '0.00057', '0.00004', '1.00000']
  '010.1333': ['1.363', '0.162', '0.080', '0.87990', '-0.47515', '-0.00041', '0.47515',
    '0.87990', '-0.00028', '0.00049', '0.00005', '1.00000']
  '010.2000': ['1.372', '0.168', '0.080', '0.87848', '-0.47778', '-0.00039', '0.47778',
    '0.87848', '-0.00026', '0.00046', '0.00004', '1.00000']
  '010.2667': ['1.382', '0.174', '0.080', '0.87452', '-0.48499', '-0.00038', '0.48499',
    '0.87452', '-0.00029', '0.00047', '0.00007', '1.00000']
  '010.3333': ['1.392', '0.179', '0.080', '0.86990', '-0.49323', '-0.00043', '0.49323',
    '0.86990', '-0.00030', '0.00052', '0.00005', '1.00000']
  '010.4000': ['1.400', '0.184', '0.080', '0.86659', '-0.49902', '-0.00037', '0.49902',
    '0.86659', '-0.00029', '0.00046', '0.00006', '1.00000']
  '010.4667': ['1.410', '0.190', '0.080', '0.86076', '-0.50901', '-0.00035', '0.50901',
    '0.86076', '-0.00029', '0.00045', '0.00007', '1.00000']
  '010.5333': ['1.420', '0.195', '0.080', '0.85179', '-0.52388', '-0.00035', '0.52388',
    '0.85179', '-0.00028', '0.00045', '0.00006', '1.00000']
  '010.6000': ['1.430', '0.202', '0.080', '0.84491', '-0.53491', '-0.00036', '0.53491',
    '0.84491', '-0.00030', '0.00047', '0.00006', '1.00000']
  '010.6667': ['1.440', '0.208', '0.080', '0.83581', '-0.54902', '-0.00036', '0.54902',
    '0.83581', '-0.00030', '0.00047', '0.00005', '1.00000']
  '010.7333': ['1.448', '0.214', '0.080', '0.82807', '-0.56063', '-0.00036', '0.56063',
    '0.82807', '-0.00029', '0.00046', '0.00004', '1.00000']
  '010.8000': ['1.459', '0.222', '0.080', '0.81914', '-0.57359', '-0.00036', '0.57359',
    '0.81914', '-0.00030', '0.00047', '0.00004', '1.00000']
  '010.8667': ['1.468', '0.228', '0.080', '0.80593', '-0.59202', '-0.00037', '0.59201',
    '0.80593', '-0.00029', '0.00047', '0.00002', '1.00000']
  '010.9333': ['1.477', '0.235', '0.080', '0.79096', '-0.61187', '-0.00036', '0.61187',
    '0.79096', '-0.00028', '0.00046', '0.00000', '1.00000']
  '011.0000': ['1.486', '0.243', '0.080', '0.77710', '-0.62938', '-0.00034', '0.62938',
    '0.77710', '-0.00030', '0.00045', '0.00002', '1.00000']
  '011.0667': ['1.495', '0.250', '0.080', '0.76285', '-0.64658', '-0.00032', '0.64658',
    '0.76285', '-0.00030', '0.00044', '0.00002', '1.00000']
  '011.1333': ['1.503', '0.257', '0.080', '0.75101', '-0.66029', '-0.00031', '0.66029',
    '0.75101', '-0.00030', '0.00043', '0.00002', '1.00000']
  '011.2000': ['1.512', '0.266', '0.080', '0.74550', '-0.66651', '-0.00030', '0.66651',
    '0.74550', '-0.00035', '0.00045', '0.00006', '1.00000']
  '011.2667': ['1.520', '0.272', '0.080', '0.73722', '-0.67565', '-0.00029', '0.67565',
    '0.73722', '-0.00033', '0.00043', '0.00005', '1.00000']
  '011.3333': ['1.528', '0.280', '0.080', '0.73175', '-0.68157', '-0.00028', '0.68157',
    '0.73175', '-0.00035', '0.00044', '0.00007', '1.00000']
  '011.4000': ['1.536', '0.288', '0.080', '0.72080', '-0.69314', '-0.00026', '0.69314',
    '0.72080', '-0.00034', '0.00042', '0.00006', '1.00000']
  '011.4667': ['1.544', '0.295', '0.080', '0.71084', '-0.70335', '-0.00024', '0.70335',
    '0.71084', '-0.00033', '0.00040', '0.00007', '1.00000']
  '011.5333': ['1.551', '0.303', '0.080', '0.70203', '-0.71214', '-0.00024', '0.71214',
    '0.70203', '-0.00033', '0.00040', '0.00006', '1.00000']
  '011.6000': ['1.560', '0.312', '0.080', '0.69358', '-0.72038', '-0.00024', '0.72038',
    '0.69358', '-0.00033', '0.00041', '0.00005', '1.00000']
  '011.6667': ['1.569', '0.321', '0.080', '0.68545', '-0.72812', '-0.00023', '0.72812',
    '0.68545', '-0.00032', '0.00040', '0.00005', '1.00000']
  '011.7333': ['1.577', '0.330', '0.080', '0.67174', '-0.74079', '-0.00023', '0.74079',
    '0.67174', '-0.00031', '0.00038', '0.00004', '1.00000']
  '011.8000': ['1.584', '0.339', '0.080', '0.65283', '-0.75750', '-0.00023', '0.75750',
    '0.65283', '-0.00031', '0.00039', '0.00003', '1.00000']
  '011.8667': ['1.593', '0.349', '0.080', '0.62280', '-0.78238', '-0.00025', '0.78238',
    '0.62280', '-0.00028', '0.00037', '-0.00002', '1.00000']
  '011.9333': ['1.600', '0.360', '0.080', '0.59458', '-0.80404', '-0.00022', '0.80404',
    '0.59458', '-0.00031', '0.00039', '0.00001', '1.00000']
  '012.0000': ['1.607', '0.371', '0.080', '0.56209', '-0.82707', '-0.00020', '0.82707',
    '0.56209', '-0.00033', '0.00038', '0.00002', '1.00000']
  '012.0667': ['1.613', '0.380', '0.080', '0.52865', '-0.84884', '-0.00014', '0.84884',
    '0.52865', '-0.00029', '0.00031', '0.00004', '1.00000']
  '012.1333': ['1.620', '0.392', '0.080', '0.48903', '-0.87226', '-0.00016', '0.87226',
    '0.48903', '-0.00030', '0.00034', '0.00001', '1.00000']
  '012.2000': ['1.625', '0.402', '0.080', '0.45504', '-0.89047', '-0.00016', '0.89047',
    '0.45504', '-0.00028', '0.00032', '-0.00001', '1.00000']
  '012.2667': ['1.631', '0.413', '0.080', '0.42389', '-0.90571', '-0.00017', '0.90571',
    '0.42389', '-0.00024', '0.00029', '-0.00006', '1.00000']
  '012.3333': ['1.636', '0.424', '0.080', '0.39515', '-0.91862', '-0.00015', '0.91862',
    '0.39515', '-0.00022', '0.00026', '-0.00006', '1.00000']
  '012.4000': ['1.640', '0.436', '0.080', '0.37162', '-0.92839', '-0.00009', '0.92839',
    '0.37162', '-0.00022', '0.00024', '0.00000', '1.00000']
  '012.4667': ['1.645', '0.448', '0.080', '0.34236', '-0.93957', '-0.00012', '0.93957',
    '0.34236', '-0.00022', '0.00025', '-0.00004', '1.00000']
  '012.5333': ['1.648', '0.459', '0.080', '0.31735', '-0.94831', '-0.00006', '0.94831',
    '0.31735', '-0.00022', '0.00023', '0.00002', '1.00000']
  '012.6000': ['1.652', '0.472', '0.080', '0.28152', '-0.95956', '-0.00008', '0.95956',
    '0.28152', '-0.00020', '0.00022', '-0.00002', '1.00000']
  '012.6667': ['1.655', '0.484', '0.080', '0.25011', '-0.96822', '-0.00001', '0.96822',
    '0.25011', '-0.00021', '0.00020', '0.00004', '1.00000']
  '012.7333': ['1.657', '0.496', '0.080', '0.21195', '-0.97728', '-0.00002', '0.97728',
    '0.21195', '-0.00014', '0.00014', '0.00001', '1.00000']
  '012.8000': ['1.659', '0.510', '0.080', '0.17189', '-0.98512', '-0.00004', '0.98512',
    '0.17189', '-0.00014', '0.00015', '-0.00001', '1.00000']
  '012.8667': ['1.660', '0.523', '0.080', '0.13186', '-0.99127', '0.00002', '0.99127',
    '0.13186', '-0.00013', '0.00012', '0.00004', '1.00000']
  '012.9333': ['1.659', '0.535', '0.080', '0.08759', '-0.99616', '0.00014', '0.99616',
    '0.08759', '0.00005', '-0.00006', '0.00013', '1.00000']
  '013.0000': ['1.661', '0.550', '0.080', '0.04997', '-0.99875', '0.00011', '0.99875',
    '0.04997', '-0.00008', '0.00007', '0.00012', '1.00000']
  '013.0667': ['1.660', '0.561', '0.080', '0.01153', '-0.99993', '0.00021', '0.99993',
    '0.01153', '0.00013', '-0.00013', '0.00021', '1.00000']
  '013.1333': ['1.658', '0.573', '0.080', '-0.02288', '-0.99974', '0.00028', '0.99974',
    '-0.02288', '0.00017', '-0.00017', '0.00029', '1.00000']
  '013.2000': ['1.663', '0.587', '0.080', '-0.03537', '-0.99937', '-0.00001', '0.99937',
    '-0.03537', '0.00011', '-0.00011', '-0.00000', '1.00000']
  '013.2667': ['1.663', '0.600', '0.080', '-0.04614', '-0.99893', '-0.00013', '0.99893',
    '-0.04614', '0.00009', '-0.00010', '-0.00013', '1.00000']
  '013.3333': ['1.662', '0.612', '0.080', '-0.06014', '-0.99819', '0.00001', '0.99819',
    '-0.06014', '0.00014', '-0.00014', '0.00002', '1.00000']
  '013.4000': ['1.662', '0.624', '0.080', '-0.07790', '-0.99696', '-0.00004', '0.99696',
    '-0.07790', '0.00026', '-0.00026', '-0.00002', '1.00000']
  '013.4667': ['1.660', '0.637', '0.080', '-0.09052', '-0.99589', '-0.00002', '0.99589',
    '-0.09052', '0.00029', '-0.00029', '0.00000', '1.00000']
  '013.5333': ['1.658', '0.651', '0.080', '-0.10856', '-0.99409', '0.00005', '0.99409',
    '-0.10856', '0.00026', '-0.00025', '0.00008', '1.00000']
  '013.6000': ['1.657', '0.665', '0.080', '-0.11861', '-0.99294', '0.00001', '0.99294',
    '-0.11861', '0.00026', '-0.00026', '0.00004', '1.00000']
  '013.6667': ['1.655', '0.678', '0.080', '-0.13699', '-0.99057', '0.00001', '0.99057',
    '-0.13699', '0.00034', '-0.00034', '0.00005', '1.00000']
  '013.7333': ['1.654', '0.692', '0.080', '-0.15809', '-0.98742', '-0.00006', '0.98742',
    '-0.15809', '0.00038', '-0.00038', '0.00000', '1.00000']
  '013.8000': ['1.653', '0.706', '0.080', '-0.17591', '-0.98441', '-0.00014', '0.98441',
    '-0.17591', '0.00035', '-0.00037', '-0.00008', '1.00000']
  '013.8667': ['1.650', '0.719', '0.080', '-0.19174', '-0.98145', '-0.00013', '0.98145',
    '-0.19174', '0.00038', '-0.00040', '-0.00006', '1.00000']
  '013.9333': ['1.647', '0.733', '0.080', '-0.20509', '-0.97874', '-0.00014', '0.97874',
    '-0.20509', '0.00036', '-0.00038', '-0.00006', '1.00000']
  '014.0000': ['1.643', '0.747', '0.080', '-0.22484', '-0.97439', '-0.00011', '0.97439',
    '-0.22485', '0.00038', '-0.00040', '-0.00003', '1.00000']
  '014.0667': ['1.641', '0.760', '0.080', '-0.23618', '-0.97171', '-0.00013', '0.97171',
    '-0.23618', '0.00040', '-0.00042', '-0.00003', '1.00000']
  '014.1333': ['1.638', '0.773', '0.080', '-0.24608', '-0.96925', '-0.00013', '0.96925',
    '-0.24608', '0.00041', '-0.00043', '-0.00002', '1.00000']
  '014.2000': ['1.635', '0.786', '0.080', '-0.25199', '-0.96773', '-0.00017', '0.96773',
    '-0.25199', '0.00042', '-0.00045', '-0.00006', '1.00000']
  '014.2667': ['1.632', '0.798', '0.080', '-0.25779', '-0.96620', '-0.00015', '0.96620',
    '-0.25779', '0.00042', '-0.00044', '-0.00003', '1.00000']
  '014.3333': ['1.629', '0.810', '0.080', '-0.26189', '-0.96510', '-0.00017', '0.96510',
    '-0.26189', '0.00042', '-0.00045', '-0.00006', '1.00000']
  '014.4000': ['1.625', '0.822', '0.080', '-0.26590', '-0.96400', '-0.00015', '0.96400',
    '-0.26590', '0.00045', '-0.00047', '-0.00002', '1.00000']
  '014.4667': ['1.622', '0.834', '0.080', '-0.26930', '-0.96306', '-0.00016', '0.96306',
    '-0.26930', '0.00046', '-0.00048', '-0.00004', '1.00000']
  '014.5333': ['1.618', '0.847', '0.080', '-0.28011', '-0.95997', '-0.00016', '0.95997',
    '-0.28011', '0.00046', '-0.00049', '-0.00002', '1.00000']
  '014.6000': ['1.615', '0.858', '0.080', '-0.30286', '-0.95303', '-0.00018', '0.95303',
    '-0.30286', '0.00048', '-0.00051', '-0.00003', '1.00000']
  '014.6667': ['1.611', '0.871', '0.080', '-0.32548', '-0.94555', '-0.00018', '0.94555',
    '-0.32548', '0.00047', '-0.00050', '-0.00002', '1.00000']
  '014.7333': ['1.607', '0.882', '0.080', '-0.35257', '-0.93579', '-0.00023', '0.93579',
    '-0.35257', '0.00045', '-0.00050', '-0.00006', '1.00000']
  '014.8000': ['1.603', '0.895', '0.080', '-0.38554', '-0.92269', '-0.00030', '0.92269',
    '-0.38554', '0.00040', '-0.00049', '-0.00013', '1.00000']
  '014.8667': ['1.598', '0.907', '0.080', '-0.41667', '-0.90906', '-0.00032', '0.90906',
    '-0.41667', '0.00038', '-0.00048', '-0.00013', '1.00000']
  '014.9333': ['1.593', '0.919', '0.080', '-0.44010', '-0.89795', '-0.00036', '0.89795',
    '-0.44010', '0.00035', '-0.00047', '-0.00017', '1.00000']
  '015.0000': ['1.587', '0.930', '0.080', '-0.45966', '-0.88810', '-0.00038', '0.88810',
    '-0.45966', '0.00033', '-0.00047', '-0.00019', '1.00000']
  '015.0667': ['1.580', '0.944', '0.080', '-0.49033', '-0.87154', '-0.00032', '0.87154',
    '-0.49033', '0.00031', '-0.00043', '-0.00013', '1.00000']
  '015.1333': ['1.573', '0.952', '0.080', '-0.52110', '-0.85349', '-0.00024', '0.85349',
    '-0.52110', '0.00040', '-0.00046', '0.00000', '1.00000']
  '015.2000': ['1.566', '0.963', '0.080', '-0.53215', '-0.84665', '-0.00024', '0.84665',
    '-0.53215', '0.00039', '-0.00046', '0.00000', '1.00000']
  '015.2667': ['1.560', '0.972', '0.080', '-0.55141', '-0.83423', '-0.00024', '0.83423',
    '-0.55141', '0.00041', '-0.00047', '0.00002', '1.00000']
  '015.3333': ['1.553', '0.981', '0.080', '-0.57451', '-0.81850', '-0.00024', '0.81850',
    '-0.57451', '0.00043', '-0.00049', '0.00005', '1.00000']
  '015.4000': ['1.547', '0.990', '0.080', '-0.60191', '-0.79856', '-0.00025', '0.79856',
    '-0.60191', '0.00045', '-0.00051', '0.00007', '1.00000']
  '015.4667': ['1.540', '0.999', '0.080', '-0.63501', '-0.77250', '-0.00028', '0.77250',
    '-0.63501', '0.00045', '-0.00052', '0.00007', '1.00000']
  '015.5333': ['1.532', '1.007', '0.080', '-0.67098', '-0.74147', '-0.00030', '0.74147',
    '-0.67098', '0.00045', '-0.00054', '0.00008', '1.00000']
  '015.6000': ['1.524', '1.017', '0.080', '-0.70773', '-0.70648', '-0.00034', '0.70648',
    '-0.70773', '0.00041', '-0.00053', '0.00004', '1.00000']
  '015.6667': ['1.514', '1.028', '0.080', '-0.74236', '-0.67001', '-0.00039', '0.67001',
    '-0.74236', '0.00038', '-0.00055', '0.00002', '1.00000']
  '015.7333': ['1.504', '1.036', '0.080', '-0.77399', '-0.63320', '-0.00042', '0.63320',
    '-0.77399', '0.00036', '-0.00055', '0.00001', '1.00000']
  '015.8000': ['1.492', '1.047', '0.080', '-0.80117', '-0.59844', '-0.00046', '0.59844',
    '-0.80117', '0.00027', '-0.00053', '-0.00006', '1.00000']
  '015.8667': ['1.481', '1.055', '0.080', '-0.82686', '-0.56241', '-0.00048', '0.56241',
    '-0.82686', '0.00027', '-0.00055', '-0.00005', '1.00000']
  '015.9333': ['1.470', '1.063', '0.080', '-0.84992', '-0.52691', '-0.00048', '0.52691',
    '-0.84992', '0.00026', '-0.00054', '-0.00004', '1.00000']
  '016.0000': ['1.459', '1.069', '0.080', '-0.87247', '-0.48867', '-0.00045', '0.48867',
    '-0.87247', '0.00029', '-0.00053', '0.00003', '1.00000']
  '016.0667': ['1.449', '1.072', '0.080', '-0.89166', '-0.45271', '-0.00047', '0.45271',
    '-0.89166', '0.00032', '-0.00056', '0.00007', '1.00000']
  '016.1333': ['1.435', '1.081', '0.080', '-0.90740', '-0.42027', '-0.00047', '0.42027',
    '-0.90740', '0.00029', '-0.00055', '0.00006', '1.00000']
  '016.2000': ['1.426', '1.083', '0.080', '-0.92593', '-0.37771', '-0.00047', '0.37771',
    '-0.92593', '0.00031', '-0.00056', '0.00011', '1.00000']
  '016.2667': ['1.413', '1.089', '0.080', '-0.93792', '-0.34685', '-0.00048', '0.34685',
    '-0.93792', '0.00029', '-0.00055', '0.00011', '1.00000']
  '016.3333': ['1.402', '1.092', '0.080', '-0.95285', '-0.30344', '-0.00049', '0.30344',
    '-0.95285', '0.00032', '-0.00056', '0.00015', '1.00000']
  '016.4000': ['1.414', '1.073', '0.080', '-0.96026', '-0.27910', '0.00017', '0.27910',
    '-0.96026', '0.00017', '0.00011', '0.00021', '1.00000']
  '016.4667': ['1.399', '1.079', '0.080', '-0.97105', '-0.23886', '0.00016', '0.23886',
    '-0.97105', '0.00014', '0.00012', '0.00017', '1.00000']
  '016.5333': ['1.386', '1.079', '0.080', '-0.98007', '-0.19863', '0.00013', '0.19863',
    '-0.98007', '0.00014', '0.00009', '0.00017', '1.00000']
  '016.6000': ['1.371', '1.084', '0.080', '-0.98709', '-0.16016', '0.00011', '0.16016',
    '-0.98709', '0.00013', '0.00008', '0.00015', '1.00000']
  '016.6667': ['1.354', '1.087', '0.080', '-0.99326', '-0.11588', '0.00009', '0.11588',
    '-0.99326', '0.00008', '0.00008', '0.00009', '1.00000']
  '016.7333': ['1.338', '1.090', '0.080', '-0.99799', '-0.06344', '0.00009', '0.06344',
    '-0.99799', '0.00007', '0.00008', '0.00007', '1.00000']
  '016.8000': ['1.325', '1.086', '0.080', '-0.99991', '-0.01368', '0.00007', '0.01368',
    '-0.99991', '0.00011', '0.00007', '0.00011', '1.00000']
  '016.8667': ['1.309', '1.088', '0.080', '-0.99949', '0.03181', '0.00006', '-0.03181',
    '-0.99949', '0.00009', '0.00006', '0.00009', '1.00000']
  '016.9333': ['1.295', '1.086', '0.080', '-0.99714', '0.07564', '0.00004', '-0.07564',
    '-0.99714', '0.00011', '0.00005', '0.00010', '1.00000']
  '017.0000': ['1.283', '1.081', '0.080', '-0.99256', '0.12177', '-0.00002', '-0.12177',
    '-0.99256', '0.00017', '-0.00000', '0.00018', '1.00000']
  '017.0667': ['1.264', '1.082', '0.080', '-0.99001', '0.14100', '-0.00004', '-0.14100',
    '-0.99001', '0.00011', '-0.00002', '0.00011', '1.00000']
  '017.1333': ['1.255', '1.075', '0.080', '-0.98106', '0.19369', '-0.00005', '-0.19369',
    '-0.98106', '0.00019', '-0.00001', '0.00019', '1.00000']
  '017.2000': ['1.259', '1.056', '0.080', '-0.98266', '0.18543', '0.00057', '-0.18543',
    '-0.98266', '0.00004', '0.00057', '-0.00007', '1.00000']
  '017.2667': ['1.244', '1.053', '0.080', '-0.97893', '0.20418', '0.00057', '-0.20418',
    '-0.97893', '0.00004', '0.00056', '-0.00008', '1.00000']
  '017.3333': ['1.230', '1.049', '0.080', '-0.97677', '0.21427', '0.00057', '-0.21427',
    '-0.97677', '0.00009', '0.00057', '-0.00004', '1.00000']
  '017.4000': ['1.217', '1.045', '0.080', '-0.97619', '0.21691', '0.00054', '-0.21691',
    '-0.97619', '0.00012', '0.00055', '0.00000', '1.00000']
  '017.4667': ['1.201', '1.043', '0.080', '-0.97540', '0.22044', '0.00053', '-0.22044',
    '-0.97540', '0.00004', '0.00053', '-0.00007', '1.00000']
  '017.5333': ['1.188', '1.038', '0.080', '-0.97658', '0.21515', '0.00055', '-0.21515',
    '-0.97658', '0.00008', '0.00055', '-0.00004', '1.00000']
  '017.6000': ['1.175', '1.035', '0.080', '-0.97785', '0.20932', '0.00055', '-0.20932',
    '-0.97785', '0.00008', '0.00055', '-0.00004', '1.00000']
  '017.6666': ['1.161', '1.032', '0.080', '-0.97749', '0.21097', '0.00053', '-0.21097',
    '-0.97749', '0.00010', '0.00054', '-0.00002', '1.00000']
  '017.7333': ['1.148', '1.028', '0.080', '-0.97740', '0.21139', '0.00051', '-0.21139',
    '-0.97740', '0.00010', '0.00052', '-0.00001', '1.00000']
  '017.8000': ['1.135', '1.026', '0.080', '-0.97644', '0.21580', '0.00050', '-0.21580',
    '-0.97644', '0.00013', '0.00052', '0.00001', '1.00000']
  '017.8666': ['1.121', '1.024', '0.080', '-0.97759', '0.21051', '0.00049', '-0.21051',
    '-0.97759', '0.00010', '0.00050', '-0.00001', '1.00000']
  '017.9333': ['1.109', '1.021', '0.080', '-0.97986', '0.19967', '0.00044', '-0.19967',
    '-0.97986', '0.00009', '0.00045', '0.00000', '1.00000']
  '018.0000': ['1.098', '1.018', '0.080', '-0.98675', '0.16222', '0.00037', '-0.16222',
    '-0.98675', '0.00015', '0.00039', '0.00009', '1.00000']
  '018.0666': ['1.087', '1.016', '0.080', '-0.99111', '0.13301', '0.00036', '-0.13301',
    '-0.99111', '0.00016', '0.00037', '0.00011', '1.00000']
  '018.1333': ['1.072', '1.017', '0.080', '-0.99503', '0.09960', '0.00038', '-0.09960',
    '-0.99503', '0.00012', '0.00039', '0.00008', '1.00000']
  '018.2000': ['1.059', '1.015', '0.080', '-0.99843', '0.05596', '0.00042', '-0.05596',
    '-0.99843', '0.00017', '0.00043', '0.00015', '1.00000']
  '018.2666': ['1.045', '1.015', '0.080', '-0.99948', '0.03209', '0.00040', '-0.03209',
    '-0.99948', '0.00015', '0.00041', '0.00014', '1.00000']
  '018.3333': ['1.031', '1.015', '0.080', '-0.99970', '0.02451', '0.00037', '-0.02451',
    '-0.99970', '0.00013', '0.00037', '0.00012', '1.00000']
  '018.4000': ['1.017', '1.017', '0.080', '-0.99964', '0.02700', '0.00036', '-0.02700',
    '-0.99964', '0.00010', '0.00036', '0.00009', '1.00000']
  '018.4666': ['1.003', '1.016', '0.080', '-0.99961', '0.02780', '0.00034', '-0.02780',
    '-0.99961', '0.00013', '0.00034', '0.00012', '1.00000']
  '018.5333': ['0.990', '1.015', '0.080', '-0.99935', '0.03599', '0.00026', '-0.03599',
    '-0.99935', '0.00017', '0.00027', '0.00016', '1.00000']
  '018.6000': ['0.978', '1.015', '0.080', '-0.99913', '0.04168', '0.00027', '-0.04168',
    '-0.99913', '0.00006', '0.00028', '0.00005', '1.00000']
  '018.6666': ['0.963', '1.015', '0.080', '-0.99907', '0.04320', '0.00027', '-0.04320',
    '-0.99907', '0.00006', '0.00027', '0.00004', '1.00000']
  '018.7333': ['0.950', '1.014', '0.080', '-0.99903', '0.04399', '0.00022', '-0.04399',
    '-0.99903', '0.00007', '0.00023', '0.00006', '1.00000']
  '018.8000': ['0.938', '1.014', '0.080', '-0.99893', '0.04619', '0.00018', '-0.04619',
    '-0.99893', '0.00006', '0.00018', '0.00005', '1.00000']
  '018.8666': ['0.924', '1.013', '0.080', '-0.99903', '0.04395', '0.00019', '-0.04395',
    '-0.99903', '0.00009', '0.00019', '0.00009', '1.00000']
  '018.9333': ['0.912', '1.013', '0.080', '-0.99888', '0.04742', '0.00018', '-0.04742',
    '-0.99888', '0.00009', '0.00018', '0.00008', '1.00000']
  '019.0000': ['0.897', '1.013', '0.080', '-0.99868', '0.05140', '0.00016', '-0.05140',
    '-0.99868', '0.00011', '0.00017', '0.00010', '1.00000']
  '019.0666': ['0.883', '1.013', '0.080', '-0.99880', '0.04890', '0.00015', '-0.04890',
    '-0.99880', '0.00004', '0.00015', '0.00004', '1.00000']
  '019.1333': ['0.871', '1.014', '0.080', '-0.99867', '0.05159', '0.00007', '-0.05159',
    '-0.99867', '-0.00000', '0.00007', '-0.00000', '1.00000']
  '019.2000': ['0.857', '1.012', '0.080', '-0.99890', '0.04696', '0.00010', '-0.04696',
    '-0.99890', '0.00010', '0.00011', '0.00010', '1.00000']
  '019.2666': ['0.846', '1.012', '0.080', '-0.99865', '0.05186', '-0.00002', '-0.05186',
    '-0.99865', '0.00009', '-0.00002', '0.00009', '1.00000']
  '019.3333': ['0.832', '1.010', '0.080', '-0.99837', '0.05708', '-0.00002', '-0.05708',
    '-0.99837', '0.00016', '-0.00001', '0.00016', '1.00000']
  '019.4000': ['0.819', '1.010', '0.080', '-0.99822', '0.05972', '-0.00002', '-0.05972',
    '-0.99822', '0.00011', '-0.00001', '0.00012', '1.00000']
  '019.4666': ['0.804', '1.009', '0.080', '-0.99802', '0.06283', '0.00002', '-0.06283',
    '-0.99802', '0.00014', '0.00003', '0.00013', '1.00000']
  '019.5333': ['0.790', '1.008', '0.080', '-0.99738', '0.07234', '-0.00004', '-0.07234',
    '-0.99738', '0.00012', '-0.00003', '0.00013', '1.00000']
  '019.6000': ['0.776', '1.007', '0.080', '-0.99700', '0.07741', '-0.00009', '-0.07741',
    '-0.99700', '0.00007', '-0.00009', '0.00008', '1.00000']
  '019.6666': ['0.762', '1.007', '0.080', '-0.99705', '0.07673', '-0.00013', '-0.07673',
    '-0.99705', '0.00002', '-0.00013', '0.00003', '1.00000']
  '019.7333': ['0.748', '1.005', '0.080', '-0.99650', '0.08362', '-0.00013', '-0.08362',
    '-0.99650', '0.00002', '-0.00013', '0.00003', '1.00000']
  '019.8000': ['0.734', '1.004', '0.080', '-0.99625', '0.08647', '-0.00017', '-0.08647',
    '-0.99625', '0.00005', '-0.00017', '0.00006', '1.00000']
  '019.8666': ['0.720', '1.003', '0.080', '-0.99647', '0.08392', '-0.00023', '-0.08392',
    '-0.99647', '0.00002', '-0.00022', '0.00004', '1.00000']
  '019.9333': ['0.705', '1.002', '0.080', '-0.99748', '0.07101', '-0.00019', '-0.07101',
    '-0.99748', '0.00001', '-0.00019', '0.00003', '1.00000']
  '020.0000': ['0.690', '1.000', '0.080', '-0.99771', '0.06768', '-0.00021', '-0.06768',
    '-0.99771', '0.00007', '-0.00021', '0.00009', '1.00000']
  '020.0666': ['0.677', '0.999', '0.080', '-0.99809', '0.06170', '-0.00023', '-0.06170',
    '-0.99809', '0.00008', '-0.00022', '0.00010', '1.00000']
  '020.1333': ['0.664', '0.999', '0.080', '-0.99872', '0.05064', '-0.00028', '-0.05064',
    '-0.99872', '0.00012', '-0.00027', '0.00013', '1.00000']
  '020.2000': ['0.578', '0.925', '0.080', '-0.99984', '-0.01811', '0.00001', '0.01811',
    '-0.99984', '0.00013', '0.00001', '0.00013', '1.00000']
  '020.2666': ['0.569', '0.929', '0.080', '-0.99975', '-0.02248', '0.00000', '0.02248',
    '-0.99975', '0.00015', '0.00000', '0.00015', '1.00000']
  '020.3333': ['0.558', '0.932', '0.080', '-0.99947', '-0.03261', '0.00000', '0.03261',
    '-0.99947', '0.00016', '-0.00000', '0.00016', '1.00000']
  '020.4000': ['0.548', '0.935', '0.080', '-0.99949', '-0.03191', '-0.00001', '0.03191',
    '-0.99949', '0.00016', '-0.00002', '0.00016', '1.00000']
  '020.4666': ['0.534', '0.936', '0.080', '-0.99926', '-0.03846', '-0.00002', '0.03846',
    '-0.99926', '0.00016', '-0.00002', '0.00016', '1.00000']
  '020.5333': ['0.523', '0.939', '0.080', '-0.99938', '-0.03526', '-0.00004', '0.03526',
    '-0.99938', '0.00017', '-0.00004', '0.00017', '1.00000']
  '020.6000': ['0.509', '0.940', '0.080', '-0.99965', '-0.02650', '-0.00005', '0.02650',
    '-0.99965', '0.00015', '-0.00005', '0.00015', '1.00000']
  '020.6666': ['0.497', '0.941', '0.080', '-0.99999', '-0.00520', '-0.00005', '0.00520',
    '-0.99999', '0.00016', '-0.00005', '0.00016', '1.00000']
  '020.7333': ['0.484', '0.942', '0.080', '-0.99977', '0.02166', '-0.00006', '-0.02166',
    '-0.99977', '0.00015', '-0.00006', '0.00015', '1.00000']
  '020.8000': ['0.471', '0.943', '0.080', '-0.99867', '0.05147', '-0.00007', '-0.05147',
    '-0.99867', '0.00015', '-0.00006', '0.00016', '1.00000']
  '020.8666': ['0.457', '0.944', '0.080', '-0.99679', '0.08006', '-0.00008', '-0.08006',
    '-0.99679', '0.00013', '-0.00007', '0.00014', '1.00000']
  '020.9333': ['0.443', '0.945', '0.080', '-0.99299', '0.11817', '-0.00009', '-0.11817',
    '-0.99299', '0.00014', '-0.00007', '0.00015', '1.00000']
  '021.0000': ['0.430', '0.946', '0.080', '-0.98753', '0.15742', '-0.00010', '-0.15742',
    '-0.98753', '0.00013', '-0.00008', '0.00014', '1.00000']
  '021.0666': ['0.418', '0.945', '0.080', '-0.98236', '0.18701', '-0.00012', '-0.18701',
    '-0.98236', '0.00012', '-0.00010', '0.00014', '1.00000']
  '021.1333': ['0.404', '0.944', '0.080', '-0.97586', '0.21840', '-0.00012', '-0.21840',
    '-0.97586', '0.00012', '-0.00009', '0.00015', '1.00000']
  '021.2000': ['0.393', '0.944', '0.080', '-0.97002', '0.24301', '-0.00015', '-0.24301',
    '-0.97002', '0.00012', '-0.00012', '0.00015', '1.00000']
  '021.2666': ['0.381', '0.943', '0.080', '-0.96216', '0.27249', '-0.00017', '-0.27249',
    '-0.96216', '0.00010', '-0.00013', '0.00014', '1.00000']
  '021.3333': ['0.370', '0.940', '0.080', '-0.95163', '0.30726', '-0.00018', '-0.30726',
    '-0.95163', '0.00011', '-0.00014', '0.00016', '1.00000']
  '021.4000': ['0.358', '0.939', '0.080', '-0.94733', '0.32027', '-0.00020', '-0.32027',
    '-0.94733', '0.00008', '-0.00016', '0.00014', '1.00000']
  '021.4666': ['0.344', '0.935', '0.080', '-0.94445', '0.32865', '-0.00018', '-0.32865',
    '-0.94445', '0.00005', '-0.00015', '0.00010', '1.00000']
  '021.5333': ['0.333', '0.931', '0.080', '-0.94241', '0.33446', '-0.00016', '-0.33446',
    '-0.94241', '0.00003', '-0.00014', '0.00009', '1.00000']
  '021.6000': ['0.318', '0.926', '0.080', '-0.94139', '0.33732', '-0.00015', '-0.33732',
    '-0.94139', '0.00002', '-0.00014', '0.00007', '1.00000']
  '021.6666': ['0.307', '0.922', '0.080', '-0.93794', '0.34681', '-0.00014', '-0.34681',
    '-0.93794', '-0.00000', '-0.00013', '0.00005', '1.00000']
  '021.7333': ['0.293', '0.916', '0.080', '-0.92810', '0.37232', '-0.00013', '-0.37232',
    '-0.92810', '0.00002', '-0.00011', '0.00007', '1.00000']
  '021.8000': ['0.280', '0.910', '0.080', '-0.91638', '0.40031', '-0.00016', '-0.40031',
    '-0.91638', '0.00007', '-0.00012', '0.00012', '1.00000']
  '021.8666': ['0.270', '0.905', '0.080', '-0.90174', '0.43228', '-0.00017', '-0.43228',
    '-0.90174', '0.00009', '-0.00011', '0.00015', '1.00000']
  '021.9333': ['0.259', '0.899', '0.080', '-0.89072', '0.45455', '-0.00020', '-0.45455',
    '-0.89072', '0.00008', '-0.00014', '0.00017', '1.00000']
  '022.0000': ['0.250', '0.894', '0.080', '-0.87832', '0.47807', '-0.00022', '-0.47807',
    '-0.87832', '0.00008', '-0.00016', '0.00018', '1.00000']
  '022.0666': ['0.240', '0.889', '0.080', '-0.86207', '0.50679', '-0.00022', '-0.50679',
    '-0.86207', '0.00007', '-0.00015', '0.00017', '1.00000']
  '022.1333': ['0.229', '0.882', '0.080', '-0.84537', '0.53418', '-0.00025', '-0.53418',
    '-0.84537', '0.00004', '-0.00018', '0.00017', '1.00000']
  '022.2000': ['-0.050', '0.619', '0.080', '-0.84198', '0.53951', '0.00046', '-0.53951',
    '-0.84198', '0.00050', '0.00066', '0.00017', '1.00000']
  '022.2666': ['-0.058', '0.614', '0.080', '-0.81507', '0.57936', '0.00044', '-0.57936',
    '-0.81507', '0.00049', '0.00065', '0.00015', '1.00000']
  '022.3333': ['-0.066', '0.609', '0.080', '-0.78173', '0.62362', '0.00043', '-0.62362',
    '-0.78173', '0.00049', '0.00064', '0.00012', '1.00000']
  '022.4000': ['-0.070', '0.606', '0.080', '-0.76000', '0.64993', '0.00041', '-0.64993',
    '-0.76000', '0.00049', '0.00063', '0.00010', '1.00000']
  '022.4666': ['0.161', '0.829', '0.080', '-0.62782', '0.77836', '-0.00019', '-0.77836',
    '-0.62782', '-0.00003', '-0.00015', '0.00013', '1.00000']
  '022.5333': ['-0.089', '0.592', '0.080', '-0.65122', '0.75889', '0.00038', '-0.75889',
    '-0.65122', '0.00044', '0.00058', '-0.00000', '1.00000']
  '027.2666': ['0.446', '0.174', '0.080', '0.98788', '0.15523', '-0.00006', '-0.15523',
    '0.98788', '0.00098', '0.00021', '-0.00096', '1.00000']
  '027.3333': ['0.469', '0.169', '0.080', '0.99254', '0.12194', '0.00003', '-0.12194',
    '0.99254', '0.00107', '0.00010', '-0.00106', '1.00000']
  '027.4000': ['0.491', '0.164', '0.080', '0.99498', '0.10004', '0.00008', '-0.10004',
    '0.99498', '0.00115', '0.00003', '-0.00115', '1.00000']
  '027.4666': ['0.511', '0.161', '0.080', '0.99614', '0.08776', '0.00012', '-0.08776',
    '0.99614', '0.00104', '-0.00003', '-0.00105', '1.00000']
  '027.5333': ['0.528', '0.158', '0.080', '0.99675', '0.08056', '0.00014', '-0.08056',
    '0.99675', '0.00097', '-0.00006', '-0.00098', '1.00000']
  '027.6000': ['0.545', '0.156', '0.080', '0.99700', '0.07735', '0.00014', '-0.07735',
    '0.99700', '0.00092', '-0.00007', '-0.00093', '1.00000']
  '027.6666': ['0.559', '0.154', '0.080', '0.99724', '0.07431', '0.00016', '-0.07431',
    '0.99723', '0.00089', '-0.00009', '-0.00090', '1.00000']
  '027.7333': ['0.572', '0.153', '0.080', '0.99714', '0.07557', '0.00015', '-0.07557',
    '0.99714', '0.00086', '-0.00009', '-0.00087', '1.00000']
  '027.8000': ['0.581', '0.151', '0.080', '0.99725', '0.07415', '0.00018', '-0.07415',
    '0.99725', '0.00085', '-0.00012', '-0.00086', '1.00000']
  '027.8666': ['0.592', '0.151', '0.080', '0.99745', '0.07130', '0.00017', '-0.07130',
    '0.99745', '0.00084', '-0.00011', '-0.00085', '1.00000']
  '027.9333': ['0.602', '0.151', '0.080', '0.99704', '0.07688', '0.00017', '-0.07688',
    '0.99704', '0.00082', '-0.00011', '-0.00083', '1.00000']
  '028.0000': ['0.613', '0.151', '0.080', '0.99695', '0.07807', '0.00016', '-0.07807',
    '0.99695', '0.00081', '-0.00009', '-0.00082', '1.00000']
  '028.0666': ['0.624', '0.151', '0.080', '0.99659', '0.08249', '0.00017', '-0.08249',
    '0.99659', '0.00079', '-0.00010', '-0.00080', '1.00000']
  '028.1333': ['0.635', '0.151', '0.080', '0.99605', '0.08884', '0.00015', '-0.08884',
    '0.99605', '0.00077', '-0.00008', '-0.00078', '1.00000']
  '028.2000': ['0.647', '0.150', '0.080', '0.99598', '0.08960', '0.00013', '-0.08960',
    '0.99598', '0.00075', '-0.00006', '-0.00076', '1.00000']
  '028.2666': ['0.658', '0.151', '0.080', '0.99558', '0.09390', '0.00011', '-0.09390',
    '0.99558', '0.00071', '-0.00004', '-0.00072', '1.00000']
  '028.3333': ['0.671', '0.150', '0.080', '0.99579', '0.09172', '0.00013', '-0.09172',
    '0.99578', '0.00069', '-0.00006', '-0.00070', '1.00000']
  '028.4000': ['0.683', '0.150', '0.080', '0.99578', '0.09176', '0.00012', '-0.09176',
    '0.99578', '0.00062', '-0.00007', '-0.00063', '1.00000']
  '028.4666': ['0.696', '0.149', '0.080', '0.99542', '0.09564', '0.00012', '-0.09564',
    '0.99542', '0.00059', '-0.00006', '-0.00059', '1.00000']
  '028.5333': ['0.709', '0.149', '0.080', '0.99481', '0.10176', '0.00013', '-0.10176',
    '0.99481', '0.00052', '-0.00008', '-0.00053', '1.00000']
  '028.6000': ['0.722', '0.148', '0.080', '0.99450', '0.10477', '0.00014', '-0.10477',
    '0.99450', '0.00048', '-0.00009', '-0.00049', '1.00000']
  '028.6666': ['0.737', '0.146', '0.080', '0.99426', '0.10700', '0.00018', '-0.10700',
    '0.99426', '0.00043', '-0.00013', '-0.00044', '1.00000']
  '028.7333': ['0.749', '0.146', '0.080', '0.99411', '0.10839', '0.00019', '-0.10839',
    '0.99411', '0.00041', '-0.00015', '-0.00043', '1.00000']
  '028.8000': ['0.763', '0.145', '0.080', '0.99370', '0.11208', '0.00019', '-0.11208',
    '0.99370', '0.00034', '-0.00015', '-0.00036', '1.00000']
  '028.8666': ['0.775', '0.144', '0.080', '0.99332', '0.11542', '0.00021', '-0.11542',
    '0.99332', '0.00030', '-0.00018', '-0.00032', '1.00000']
  '028.9333': ['0.788', '0.142', '0.080', '0.99361', '0.11284', '0.00022', '-0.11284',
    '0.99361', '0.00028', '-0.00018', '-0.00030', '1.00000']
  '029.0000': ['0.803', '0.140', '0.080', '0.99474', '0.10238', '0.00022', '-0.10238',
    '0.99474', '0.00025', '-0.00019', '-0.00027', '1.00000']
  '029.0666': ['0.815', '0.140', '0.080', '0.99555', '0.09426', '0.00024', '-0.09426',
    '0.99555', '0.00018', '-0.00023', '-0.00021', '1.00000']
  '029.1333': ['0.828', '0.139', '0.080', '0.99617', '0.08748', '0.00027', '-0.08748',
    '0.99617', '0.00016', '-0.00026', '-0.00019', '1.00000']
  '029.2000': ['0.842', '0.137', '0.080', '0.99681', '0.07978', '0.00028', '-0.07978',
    '0.99681', '0.00016', '-0.00027', '-0.00019', '1.00000']
  '029.2666': ['0.856', '0.135', '0.080', '0.99704', '0.07685', '0.00027', '-0.07685',
    '0.99704', '0.00016', '-0.00026', '-0.00018', '1.00000']
  '029.3333': ['0.868', '0.134', '0.080', '0.99765', '0.06845', '0.00031', '-0.06845',
    '0.99765', '0.00018', '-0.00030', '-0.00020', '1.00000']
  '029.4000': ['0.883', '0.133', '0.080', '0.99845', '0.05570', '0.00029', '-0.05570',
    '0.99845', '0.00016', '-0.00028', '-0.00017', '1.00000']
  '029.4666': ['0.895', '0.132', '0.080', '0.99866', '0.05169', '0.00030', '-0.05169',
    '0.99866', '0.00014', '-0.00029', '-0.00015', '1.00000']
  '029.5333': ['0.909', '0.131', '0.080', '0.99874', '0.05010', '0.00028', '-0.05010',
    '0.99874', '0.00014', '-0.00027', '-0.00015', '1.00000']
  '029.6000': ['0.922', '0.128', '0.080', '0.99903', '0.04408', '0.00029', '-0.04408',
    '0.99903', '0.00018', '-0.00028', '-0.00019', '1.00000']
  '029.6666': ['0.936', '0.127', '0.080', '0.99893', '0.04621', '0.00027', '-0.04621',
    '0.99893', '0.00016', '-0.00027', '-0.00018', '1.00000']
  '029.7333': ['0.948', '0.125', '0.080', '0.99896', '0.04562', '0.00026', '-0.04562',
    '0.99896', '0.00018', '-0.00025', '-0.00019', '1.00000']
  '029.8000': ['0.960', '0.122', '0.080', '0.99914', '0.04145', '0.00027', '-0.04145',
