begin_time_stamp: 1588334214.5999997
data_header:
  time_stamp: [x, y, z, R11, R12, R13, R21, R22, R23, R31, R32, R33]
trajectory_data:
  '000.0000': ['0.713', '0.126', '0.080', '0.99919', '-0.04029', '0.00039', '0.04029',
    '0.99919', '-0.00038', '-0.00037', '0.00039', '1.00000']
  '000.0667': ['0.728', '0.125', '0.080', '0.99890', '-0.04696', '0.00039', '0.04696',
    '0.99890', '-0.00038', '-0.00038', '0.00039', '1.00000']
  '000.1333': ['0.741', '0.126', '0.080', '0.99855', '-0.05376', '0.00043', '0.05376',
    '0.99855', '-0.00040', '-0.00041', '0.00042', '1.00000']
  '000.2000': ['0.753', '0.127', '0.080', '0.99817', '-0.06054', '0.00049', '0.06054',
    '0.99817', '-0.00045', '-0.00046', '0.00048', '1.00000']
  '000.2667': ['0.769', '0.126', '0.080', '0.99809', '-0.06183', '0.00045', '0.06183',
    '0.99809', '-0.00043', '-0.00042', '0.00045', '1.00000']
  '000.3333': ['0.782', '0.128', '0.080', '0.99807', '-0.06206', '0.00051', '0.06206',
    '0.99807', '-0.00047', '-0.00048', '0.00050', '1.00000']
  '000.4000': ['0.796', '0.127', '0.080', '0.99802', '-0.06295', '0.00052', '0.06295',
    '0.99802', '-0.00046', '-0.00049', '0.00050', '1.00000']
  '000.4667': ['0.809', '0.127', '0.080', '0.99785', '-0.06558', '0.00053', '0.06558',
    '0.99785', '-0.00045', '-0.00050', '0.00049', '1.00000']
  '000.5333': ['0.823', '0.127', '0.080', '0.99721', '-0.07462', '0.00060', '0.07462',
    '0.99721', '-0.00047', '-0.00056', '0.00052', '1.00000']
  '000.6000': ['0.836', '0.127', '0.080', '0.99707', '-0.07643', '0.00061', '0.07643',
    '0.99707', '-0.00047', '-0.00057', '0.00051', '1.00000']
  '000.6667': ['0.849', '0.127', '0.080', '0.99686', '-0.07923', '0.00062', '0.07923',
    '0.99686', '-0.00047', '-0.00058', '0.00052', '1.00000']
  '000.7333': ['0.861', '0.127', '0.080', '0.99698', '-0.07769', '0.00065', '0.07769',
    '0.99698', '-0.00049', '-0.00061', '0.00054', '1.00000']
  '000.8000': ['0.877', '0.126', '0.080', '0.99630', '-0.08588', '0.00065', '0.08588',
    '0.99631', '-0.00045', '-0.00061', '0.00050', '1.00000']
  '000.8667': ['0.889', '0.126', '0.080', '0.99611', '-0.08807', '0.00067', '0.08808',
    '0.99611', '-0.00043', '-0.00063', '0.00049', '1.00000']
  '000.9333': ['0.902', '0.126', '0.080', '0.99670', '-0.08112', '0.00071', '0.08112',
    '0.99670', '-0.00045', '-0.00067', '0.00051', '1.00000']
  '001.0000': ['0.915', '0.123', '0.080', '0.99626', '-0.08646', '0.00074', '0.08646',
    '0.99626', '-0.00030', '-0.00071', '0.00037', '1.00000']
  '001.0667': ['0.927', '0.123', '0.080', '0.99628', '-0.08615', '0.00071', '0.08615',
    '0.99628', '-0.00032', '-0.00067', '0.00038', '1.00000']
  '001.1333': ['0.940', '0.123', '0.080', '0.99671', '-0.08099', '0.00062', '0.08099',
    '0.99671', '-0.00032', '-0.00060', '0.00037', '1.00000']
  '001.2000': ['0.952', '0.126', '0.080', '0.99705', '-0.07678', '0.00061', '0.07678',
    '0.99705', '-0.00051', '-0.00057', '0.00056', '1.00000']
  '001.2667': ['0.966', '0.124', '0.080', '0.99701', '-0.07730', '0.00058', '0.07730',
    '0.99701', '-0.00043', '-0.00055', '0.00048', '1.00000']
  '001.3333': ['0.979', '0.123', '0.080', '0.99678', '-0.08023', '0.00060', '0.08023',
    '0.99678', '-0.00033', '-0.00057', '0.00038', '1.00000']
  '001.4000': ['0.993', '0.124', '0.080', '0.99742', '-0.07185', '0.00049', '0.07185',
    '0.99742', '-0.00036', '-0.00047', '0.00040', '1.00000']
  '001.4667': ['1.005', '0.123', '0.080', '0.99797', '-0.06362', '0.00044', '0.06362',
    '0.99797', '-0.00028', '-0.00042', '0.00031', '1.00000']
  '001.5333': ['1.015', '0.150', '0.080', '0.99961', '-0.02777', '0.00063', '0.02777',
    '0.99961', '-0.00253', '-0.00056', '0.00255', '1.00000']
  '001.6000': ['1.030', '0.124', '0.080', '0.99856', '-0.05356', '0.00038', '0.05356',
    '0.99856', '-0.00028', '-0.00037', '0.00030', '1.00000']
  '001.6667': ['1.041', '0.126', '0.080', '0.99872', '-0.05067', '0.00039', '0.05067',
    '0.99872', '-0.00035', '-0.00037', '0.00037', '1.00000']
  '001.7333': ['1.052', '0.129', '0.080', '0.99866', '-0.05167', '0.00037', '0.05167',
    '0.99866', '-0.00047', '-0.00035', '0.00049', '1.00000']
  '001.8000': ['1.064', '0.128', '0.080', '0.99807', '-0.06207', '0.00032', '0.06207',
    '0.99807', '-0.00040', '-0.00030', '0.00041', '1.00000']
  '001.8667': ['1.075', '0.133', '0.080', '0.99757', '-0.06960', '0.00038', '0.06960',
    '0.99757', '-0.00064', '-0.00034', '0.00066', '1.00000']
  '001.9333': ['1.086', '0.137', '0.080', '0.99737', '-0.07248', '0.00038', '0.07248',
    '0.99737', '-0.00081', '-0.00032', '0.00084', '1.00000']
  '002.0000': ['1.103', '0.154', '0.080', '0.99810', '-0.06162', '-0.00010', '0.06162',
    '0.99810', '-0.00209', '0.00023', '0.00208', '1.00000']
  '002.0667': ['1.109', '0.137', '0.080', '0.99668', '-0.08146', '0.00030', '0.08146',
    '0.99668', '-0.00065', '-0.00025', '0.00067', '1.00000']
  '002.1333': ['1.119', '0.142', '0.080', '0.99696', '-0.07786', '0.00039', '0.07786',
    '0.99696', '-0.00089', '-0.00032', '0.00091', '1.00000']
  '002.2000': ['1.131', '0.146', '0.080', '0.99690', '-0.07870', '0.00029', '0.07870',
    '0.99690', '-0.00101', '-0.00021', '0.00103', '1.00000']
  '002.2667': ['1.138', '0.144', '0.080', '0.99640', '-0.08480', '0.00053', '0.08480',
    '0.99640', '-0.00085', '-0.00045', '0.00089', '1.00000']
  '002.3333': ['1.149', '0.148', '0.080', '0.99574', '-0.09226', '0.00054', '0.09226',
    '0.99573', '-0.00099', '-0.00045', '0.00103', '1.00000']
  '002.4000': ['1.159', '0.149', '0.080', '0.99483', '-0.10157', '0.00067', '0.10157',
    '0.99483', '-0.00097', '-0.00057', '0.00103', '1.00000']
  '002.4667': ['1.169', '0.152', '0.080', '0.99319', '-0.11647', '0.00077', '0.11647',
    '0.99319', '-0.00107', '-0.00064', '0.00116', '1.00000']
  '002.5333': ['1.181', '0.155', '0.080', '0.99192', '-0.12689', '0.00081', '0.12689',
    '0.99192', '-0.00114', '-0.00066', '0.00123', '1.00000']
  '002.6000': ['1.191', '0.156', '0.080', '0.99147', '-0.13035', '0.00090', '0.13035',
    '0.99147', '-0.00107', '-0.00075', '0.00118', '1.00000']
  '002.6667': ['1.202', '0.158', '0.080', '0.99070', '-0.13607', '0.00100', '0.13608',
    '0.99070', '-0.00109', '-0.00084', '0.00121', '1.00000']
  '002.7333': ['1.191', '0.159', '0.080', '0.98779', '-0.15582', '0.00032', '0.15582',
    '0.98778', '-0.00072', '-0.00021', '0.00076', '1.00000']
  '002.8000': ['1.204', '0.161', '0.080', '0.98491', '-0.17305', '0.00037', '0.17305',
    '0.98491', '-0.00065', '-0.00025', '0.00071', '1.00000']
  '002.8667': ['1.214', '0.163', '0.080', '0.98641', '-0.16429', '0.00047', '0.16429',
    '0.98641', '-0.00065', '-0.00036', '0.00071', '1.00000']
  '002.9333': ['1.228', '0.167', '0.080', '0.98645', '-0.16404', '0.00048', '0.16404',
    '0.98645', '-0.00058', '-0.00038', '0.00065', '1.00000']
  '003.0000': ['1.240', '0.168', '0.080', '0.98574', '-0.16825', '0.00048', '0.16825',
    '0.98574', '-0.00059', '-0.00037', '0.00066', '1.00000']
  '003.0667': ['1.253', '0.170', '0.080', '0.98682', '-0.16179', '0.00053', '0.16180',
    '0.98682', '-0.00060', '-0.00042', '0.00068', '1.00000']
  '003.1333': ['1.263', '0.171', '0.080', '0.98600', '-0.16675', '0.00046', '0.16675',
    '0.98600', '-0.00057', '-0.00036', '0.00064', '1.00000']
  '003.2000': ['1.276', '0.176', '0.080', '0.98719', '-0.15953', '0.00042', '0.15953',
    '0.98719', '-0.00064', '-0.00031', '0.00070', '1.00000']
  '003.2667': ['1.286', '0.178', '0.080', '0.98729', '-0.15894', '0.00040', '0.15894',
    '0.98729', '-0.00059', '-0.00030', '0.00065', '1.00000']
  '003.3333': ['1.294', '0.178', '0.080', '0.98666', '-0.16280', '0.00036', '0.16280',
    '0.98666', '-0.00056', '-0.00027', '0.00062', '1.00000']
  '003.4000': ['1.306', '0.181', '0.080', '0.98805', '-0.15411', '0.00037', '0.15411',
    '0.98805', '-0.00057', '-0.00027', '0.00062', '1.00000']
  '003.4667': ['1.313', '0.181', '0.080', '0.98799', '-0.15452', '0.00037', '0.15452',
    '0.98799', '-0.00055', '-0.00028', '0.00060', '1.00000']
  '003.5333': ['1.323', '0.183', '0.080', '0.98835', '-0.15220', '0.00036', '0.15220',
    '0.98835', '-0.00054', '-0.00027', '0.00059', '1.00000']
  '003.6000': ['1.334', '0.184', '0.080', '0.98833', '-0.15234', '0.00034', '0.15234',
    '0.98833', '-0.00052', '-0.00026', '0.00057', '1.00000']
  '003.6667': ['1.344', '0.186', '0.080', '0.98961', '-0.14375', '0.00033', '0.14375',
    '0.98961', '-0.00049', '-0.00026', '0.00053', '1.00000']
  '003.7333': ['1.356', '0.189', '0.080', '0.98793', '-0.15487', '0.00031', '0.15487',
    '0.98793', '-0.00047', '-0.00024', '0.00051', '1.00000']
  '003.8000': ['1.367', '0.191', '0.080', '0.98316', '-0.18272', '0.00027', '0.18272',
    '0.98316', '-0.00044', '-0.00018', '0.00048', '1.00000']
  '003.8667': ['1.376', '0.191', '0.080', '0.97677', '-0.21427', '0.00026', '0.21427',
    '0.97677', '-0.00040', '-0.00016', '0.00045', '1.00000']
  '003.9333': ['1.389', '0.196', '0.080', '0.96682', '-0.25547', '0.00023', '0.25547',
    '0.96682', '-0.00039', '-0.00012', '0.00044', '1.00000']
  '004.0000': ['1.401', '0.201', '0.080', '0.95289', '-0.30333', '0.00022', '0.30333',
    '0.95289', '-0.00037', '-0.00009', '0.00042', '1.00000']
  '004.0667': ['1.411', '0.204', '0.080', '0.93592', '-0.35220', '0.00019', '0.35220',
    '0.93592', '-0.00033', '-0.00006', '0.00038', '1.00000']
  '004.1333': ['1.423', '0.210', '0.080', '0.92202', '-0.38714', '0.00017', '0.38714',
    '0.92202', '-0.00035', '-0.00002', '0.00039', '1.00000']
  '004.2000': ['1.433', '0.215', '0.080', '0.90420', '-0.42711', '0.00015', '0.42711',
    '0.90420', '-0.00033', '0.00000', '0.00036', '1.00000']
  '004.2667': ['1.445', '0.221', '0.080', '0.88676', '-0.46223', '0.00017', '0.46223',
    '0.88676', '-0.00033', '0.00000', '0.00037', '1.00000']
  '004.3333': ['1.455', '0.228', '0.080', '0.86937', '-0.49416', '0.00018', '0.49416',
    '0.86937', '-0.00033', '0.00001', '0.00038', '1.00000']
  '004.4000': ['1.463', '0.232', '0.080', '0.85129', '-0.52470', '0.00021', '0.52470',
    '0.85129', '-0.00033', '-0.00001', '0.00039', '1.00000']
  '004.4667': ['1.473', '0.240', '0.080', '0.83445', '-0.55108', '0.00023', '0.55108',
    '0.83445', '-0.00035', '0.00000', '0.00042', '1.00000']
  '004.5333': ['1.482', '0.246', '0.080', '0.81871', '-0.57421', '0.00025', '0.57421',
    '0.81871', '-0.00036', '0.00000', '0.00044', '1.00000']
  '004.6000': ['1.490', '0.252', '0.080', '0.79445', '-0.60733', '0.00026', '0.60733',
    '0.79445', '-0.00033', '-0.00001', '0.00042', '1.00000']
  '004.6667': ['1.494', '0.257', '0.080', '0.70605', '-0.70816', '0.00029', '0.70816',
    '0.70605', '-0.00035', '0.00004', '0.00045', '1.00000']
  '004.7333': ['1.500', '0.265', '0.080', '0.55330', '-0.83298', '0.00023', '0.83298',
    '0.55330', '-0.00029', '0.00011', '0.00036', '1.00000']
  '004.8000': ['1.525', '0.275', '0.080', '0.43551', '-0.90018', '-0.00083', '0.90018',
    '0.43551', '-0.00040', '0.00072', '-0.00057', '1.00000']
  '004.8667': ['1.497', '0.273', '0.080', '0.26555', '-0.96410', '-0.00022', '0.96410',
    '0.26555', '-0.00024', '0.00029', '-0.00015', '1.00000']
  '004.9333': ['1.499', '0.286', '0.080', '0.15828', '-0.98739', '-0.00019', '0.98739',
    '0.15828', '-0.00024', '0.00026', '-0.00015', '1.00000']
  '005.0000': ['1.500', '0.301', '0.080', '0.08703', '-0.99621', '-0.00018', '0.99621',
    '0.08703', '-0.00022', '0.00024', '-0.00016', '1.00000']
  '005.0667': ['1.499', '0.313', '0.080', '0.05960', '-0.99822', '-0.00014', '0.99822',
    '0.05960', '-0.00018', '0.00019', '-0.00013', '1.00000']
  '005.1333': ['1.501', '0.327', '0.080', '0.05349', '-0.99857', '-0.00013', '0.99857',
    '0.05349', '-0.00018', '0.00019', '-0.00012', '1.00000']
  '005.2000': ['1.503', '0.343', '0.080', '0.04453', '-0.99901', '-0.00015', '0.99901',
    '0.04453', '-0.00021', '0.00021', '-0.00014', '1.00000']
  '005.2667': ['1.504', '0.354', '0.080', '0.03662', '-0.99933', '-0.00016', '0.99933',
    '0.03662', '-0.00017', '0.00017', '-0.00015', '1.00000']
  '005.3333': ['1.504', '0.366', '0.080', '0.05327', '-0.99858', '-0.00014', '0.99858',
    '0.05327', '-0.00016', '0.00017', '-0.00013', '1.00000']
  '005.4000': ['1.506', '0.379', '0.080', '0.07379', '-0.99727', '-0.00016', '0.99727',
    '0.07379', '-0.00015', '0.00016', '-0.00015', '1.00000']
  '005.4667': ['1.506', '0.390', '0.080', '0.09411', '-0.99556', '-0.00014', '0.99556',
    '0.09411', '-0.00013', '0.00014', '-0.00013', '1.00000']
  '005.5333': ['1.508', '0.402', '0.080', '0.10580', '-0.99439', '-0.00016', '0.99439',
    '0.10580', '-0.00011', '0.00012', '-0.00015', '1.00000']
  '005.6000': ['1.510', '0.415', '0.080', '0.11958', '-0.99282', '-0.00016', '0.99282',
    '0.11958', '-0.00013', '0.00015', '-0.00014', '1.00000']
  '005.6667': ['1.513', '0.428', '0.080', '0.13703', '-0.99057', '-0.00019', '0.99057',
    '0.13703', '-0.00015', '0.00017', '-0.00016', '1.00000']
  '005.7333': ['1.515', '0.441', '0.080', '0.15364', '-0.98813', '-0.00017', '0.98813',
    '0.15364', '-0.00015', '0.00018', '-0.00014', '1.00000']
  '005.8000': ['1.518', '0.454', '0.080', '0.17491', '-0.98458', '-0.00017', '0.98458',
    '0.17491', '-0.00015', '0.00018', '-0.00014', '1.00000']
  '005.8667': ['1.520', '0.467', '0.080', '0.20347', '-0.97908', '-0.00016', '0.97908',
    '0.20347', '-0.00013', '0.00016', '-0.00013', '1.00000']
  '005.9333': ['1.524', '0.479', '0.080', '0.23348', '-0.97236', '-0.00018', '0.97236',
    '0.23348', '-0.00014', '0.00018', '-0.00014', '1.00000']
  '006.0000': ['1.527', '0.492', '0.080', '0.25376', '-0.96727', '-0.00019', '0.96727',
    '0.25376', '-0.00014', '0.00018', '-0.00015', '1.00000']
  '006.0667': ['1.532', '0.505', '0.080', '0.26548', '-0.96412', '-0.00022', '0.96412',
    '0.26548', '-0.00015', '0.00020', '-0.00018', '1.00000']
  '006.1333': ['1.534', '0.517', '0.080', '0.27464', '-0.96155', '-0.00022', '0.96155',
    '0.27464', '-0.00016', '0.00021', '-0.00017', '1.00000']
  '006.2000': ['1.537', '0.529', '0.080', '0.28775', '-0.95771', '-0.00017', '0.95771',
    '0.28775', '-0.00011', '0.00016', '-0.00013', '1.00000']
  '006.2667': ['1.543', '0.542', '0.080', '0.29566', '-0.95529', '-0.00022', '0.95529',
    '0.29566', '-0.00014', '0.00020', '-0.00017', '1.00000']
  '006.3333': ['1.546', '0.554', '0.080', '0.30654', '-0.95186', '-0.00021', '0.95186',
    '0.30654', '-0.00015', '0.00020', '-0.00015', '1.00000']
  '006.4000': ['1.550', '0.567', '0.080', '0.31488', '-0.94913', '-0.00020', '0.94913',
    '0.31488', '-0.00014', '0.00019', '-0.00015', '1.00000']
  '006.4667': ['1.554', '0.579', '0.080', '0.31899', '-0.94776', '-0.00021', '0.94776',
    '0.31899', '-0.00013', '0.00019', '-0.00016', '1.00000']
  '006.5333': ['1.559', '0.591', '0.080', '0.32161', '-0.94687', '-0.00022', '0.94687',
    '0.32161', '-0.00011', '0.00018', '-0.00017', '1.00000']
  '006.6000': ['1.563', '0.603', '0.080', '0.32738', '-0.94489', '-0.00022', '0.94489',
    '0.32738', '-0.00013', '0.00019', '-0.00017', '1.00000']
  '006.6667': ['1.567', '0.615', '0.080', '0.33229', '-0.94318', '-0.00021', '0.94318',
    '0.33229', '-0.00013', '0.00019', '-0.00015', '1.00000']
  '006.7333': ['1.572', '0.628', '0.080', '0.33951', '-0.94060', '-0.00021', '0.94060',
    '0.33951', '-0.00013', '0.00020', '-0.00015', '1.00000']
  '006.8000': ['1.576', '0.640', '0.080', '0.34201', '-0.93970', '-0.00017', '0.93970',
    '0.34201', '-0.00012', '0.00017', '-0.00011', '1.00000']
  '006.8667': ['1.579', '0.651', '0.080', '0.33328', '-0.94283', '-0.00012', '0.94283',
    '0.33328', '-0.00004', '0.00007', '-0.00010', '1.00000']
  '006.9333': ['1.584', '0.665', '0.080', '0.33380', '-0.94264', '-0.00020', '0.94264',
    '0.33380', '-0.00008', '0.00014', '-0.00016', '1.00000']
  '007.0000': ['1.585', '0.677', '0.080', '0.32271', '-0.94650', '-0.00009', '0.94650',
    '0.32271', '-0.00006', '0.00009', '-0.00007', '1.00000']
  '007.0667': ['1.589', '0.691', '0.080', '0.30520', '-0.95229', '-0.00007', '0.95229',
    '0.30520', '-0.00007', '0.00008', '-0.00005', '1.00000']
  '007.1333': ['1.590', '0.708', '0.080', '0.28804', '-0.95762', '0.00005', '0.95762',
    '0.28804', '-0.00017', '0.00015', '0.00010', '1.00000']
  '007.2000': ['1.595', '0.720', '0.080', '0.25086', '-0.96802', '0.00004', '0.96802',
    '0.25086', '0.00005', '-0.00006', '0.00003', '1.00000']
  '007.3333': ['1.602', '0.746', '0.080', '0.20049', '-0.97970', '0.00000', '0.97970',
    '0.20049', '0.00021', '-0.00021', '-0.00004', '1.00000']
  '007.6000': ['1.611', '0.796', '0.080', '0.13251', '-0.99118', '-0.00002', '0.99118',
    '0.13251', '0.00023', '-0.00022', '-0.00005', '1.00000']
  '007.8667': ['1.614', '0.844', '0.080', '0.05285', '-0.99860', '0.00002', '0.99860',
    '0.05285', '0.00036', '-0.00037', '-0.00000', '1.00000']
  '008.0667': ['1.615', '0.879', '0.080', '-0.04852', '-0.99882', '-0.00006', '0.99882',
    '-0.04852', '0.00042', '-0.00043', '-0.00004', '1.00000']
  '008.2667': ['1.611', '0.915', '0.080', '-0.31809', '-0.94806', '-0.00027', '0.94806',
    '-0.31809', '0.00039', '-0.00045', '-0.00013', '1.00000']
  '008.4000': ['1.601', '0.932', '0.080', '-0.57856', '-0.81564', '-0.00034', '0.81564',
    '-0.57856', '0.00033', '-0.00047', '-0.00009', '1.00000']
  '008.4667': ['1.595', '0.940', '0.080', '-0.69676', '-0.71730', '-0.00036', '0.71730',
    '-0.69676', '0.00030', '-0.00047', '-0.00005', '1.00000']
  '008.5333': ['1.588', '0.946', '0.080', '-0.79595', '-0.60536', '-0.00040', '0.60536',
    '-0.79595', '0.00034', '-0.00052', '0.00003', '1.00000']
  '008.6000': ['1.579', '0.951', '0.080', '-0.87960', '-0.47572', '-0.00043', '0.47572',
    '-0.87960', '0.00035', '-0.00055', '0.00010', '1.00000']
  '008.6667': ['1.569', '0.955', '0.080', '-0.92986', '-0.36792', '-0.00048', '0.36792',
    '-0.92986', '0.00038', '-0.00059', '0.00018', '1.00000']
  '008.7333': ['1.555', '0.961', '0.080', '-0.95789', '-0.28714', '-0.00049', '0.28714',
    '-0.95789', '0.00035', '-0.00057', '0.00019', '1.00000']
  '008.8000': ['1.543', '0.963', '0.080', '-0.97252', '-0.23284', '-0.00051', '0.23284',
    '-0.97252', '0.00033', '-0.00058', '0.00020', '1.00000']
  '008.8667': ['1.530', '0.965', '0.080', '-0.97606', '-0.21751', '-0.00055', '0.21751',
    '-0.97606', '0.00034', '-0.00061', '0.00022', '1.00000']
  '008.9333': ['1.515', '0.968', '0.080', '-0.97624', '-0.21668', '-0.00057', '0.21668',
    '-0.97624', '0.00032', '-0.00062', '0.00019', '1.00000']
  '009.0000': ['1.498', '0.972', '0.080', '-0.97447', '-0.22454', '-0.00059', '0.22454',
    '-0.97447', '0.00031', '-0.00064', '0.00017', '1.00000']
  '009.0667': ['1.483', '0.975', '0.080', '-0.96962', '-0.24460', '-0.00060', '0.24460',
    '-0.96962', '0.00031', '-0.00066', '0.00016', '1.00000']
  '009.1333': ['1.467', '0.978', '0.080', '-0.96322', '-0.26873', '-0.00060', '0.26873',
    '-0.96322', '0.00033', '-0.00066', '0.00016', '1.00000']
  '009.2000': ['1.453', '0.981', '0.080', '-0.95413', '-0.29941', '-0.00060', '0.29941',
    '-0.95413', '0.00035', '-0.00068', '0.00016', '1.00000']
  '009.2667': ['1.438', '0.986', '0.080', '-0.94619', '-0.32361', '-0.00058', '0.32361',
    '-0.94619', '0.00036', '-0.00067', '0.00015', '1.00000']
  '009.3333': ['1.424', '0.992', '0.080', '-0.93803', '-0.34656', '-0.00057', '0.34656',
    '-0.93803', '0.00032', '-0.00064', '0.00010', '1.00000']
  '009.4000': ['1.433', '0.969', '0.080', '-0.92076', '-0.39012', '0.00005', '0.39012',
    '-0.92076', '0.00011', '0.00001', '0.00012', '1.00000']
  '009.4667': ['1.422', '0.974', '0.080', '-0.91032', '-0.41391', '0.00008', '0.41391',
    '-0.91032', '0.00009', '0.00004', '0.00012', '1.00000']
  '009.5333': ['1.411', '0.978', '0.080', '-0.89776', '-0.44048', '0.00008', '0.44048',
    '-0.89776', '0.00010', '0.00002', '0.00012', '1.00000']
  '009.6000': ['1.400', '0.983', '0.080', '-0.89302', '-0.45003', '0.00008', '0.45003',
    '-0.89302', '0.00010', '0.00003', '0.00013', '1.00000']
  '009.6667': ['1.388', '0.990', '0.080', '-0.89273', '-0.45058', '0.00012', '0.45058',
    '-0.89273', '0.00009', '0.00007', '0.00014', '1.00000']
  '009.7333': ['1.377', '0.994', '0.080', '-0.89562', '-0.44482', '0.00015', '0.44482',
    '-0.89562', '0.00013', '0.00008', '0.00018', '1.00000']
  '009.8000': ['1.367', '0.999', '0.080', '-0.89771', '-0.44058', '0.00011', '0.44058',
    '-0.89771', '0.00016', '0.00003', '0.00019', '1.00000']
  '009.8667': ['1.355', '1.005', '0.080', '-0.90310', '-0.42943', '0.00011', '0.42943',
    '-0.90310', '0.00014', '0.00004', '0.00018', '1.00000']
  '009.9333': ['1.344', '1.009', '0.080', '-0.90765', '-0.41973', '0.00008', '0.41973',
    '-0.90765', '0.00016', '0.00001', '0.00018', '1.00000']
  '010.0000': ['1.334', '1.013', '0.080', '-0.91203', '-0.41013', '0.00007', '0.41013',
    '-0.91203', '0.00018', '-0.00001', '0.00019', '1.00000']
  '010.0667': ['1.320', '1.019', '0.080', '-0.92207', '-0.38703', '0.00007', '0.38703',
    '-0.92207', '0.00014', '0.00001', '0.00016', '1.00000']
  '010.1333': ['1.310', '1.022', '0.080', '-0.93268', '-0.36069', '0.00008', '0.36069',
    '-0.93268', '0.00017', '0.00002', '0.00019', '1.00000']
  '010.2000': ['1.297', '1.028', '0.080', '-0.94339', '-0.33169', '0.00003', '0.33169',
    '-0.94339', '0.00017', '-0.00002', '0.00017', '1.00000']
  '010.2667': ['1.285', '1.031', '0.080', '-0.95821', '-0.28607', '0.00002', '0.28607',
    '-0.95821', '0.00016', '-0.00003', '0.00016', '1.00000']
  '010.3333': ['1.273', '1.034', '0.080', '-0.96904', '-0.24691', '0.00001', '0.24691',
    '-0.96904', '0.00017', '-0.00003', '0.00016', '1.00000']
  '010.4000': ['1.260', '1.038', '0.080', '-0.97656', '-0.21523', '0.00000', '0.21523',
    '-0.97656', '0.00017', '-0.00003', '0.00017', '1.00000']
  '010.4667': ['1.249', '1.040', '0.080', '-0.98012', '-0.19842', '-0.00002', '0.19842',
    '-0.98012', '0.00019', '-0.00006', '0.00018', '1.00000']
  '010.5333': ['1.236', '1.042', '0.080', '-0.98532', '-0.17071', '0.00003', '0.17071',
    '-0.98532', '0.00019', '0.00000', '0.00020', '1.00000']
  '010.6000': ['1.223', '1.045', '0.080', '-0.98672', '-0.16246', '0.00001', '0.16246',
    '-0.98672', '0.00018', '-0.00002', '0.00018', '1.00000']
  '010.6667': ['1.211', '1.047', '0.080', '-0.98768', '-0.15649', '-0.00001', '0.15649',
    '-0.98768', '0.00021', '-0.00004', '0.00021', '1.00000']
  '010.7333': ['1.198', '1.048', '0.080', '-0.99129', '-0.13171', '0.00002', '0.13171',
    '-0.99129', '0.00022', '-0.00001', '0.00022', '1.00000']
  '010.8000': ['1.182', '1.052', '0.080', '-0.99281', '-0.11969', '-0.00001', '0.11969',
    '-0.99281', '0.00019', '-0.00003', '0.00019', '1.00000']
  '010.8667': ['1.168', '1.054', '0.080', '-0.99462', '-0.10358', '0.00001', '0.10358',
    '-0.99462', '0.00018', '-0.00001', '0.00018', '1.00000']
  '010.9333': ['1.154', '1.056', '0.080', '-0.99590', '-0.09048', '0.00004', '0.09048',
    '-0.99590', '0.00018', '0.00002', '0.00018', '1.00000']
  '011.0000': ['1.164', '1.034', '0.080', '-0.99388', '-0.11045', '0.00063', '0.11045',
    '-0.99388', '0.00007', '0.00062', '0.00014', '1.00000']
  '011.0667': ['1.151', '1.035', '0.080', '-0.99526', '-0.09725', '0.00063', '0.09725',
    '-0.99526', '0.00008', '0.00062', '0.00014', '1.00000']
  '011.1333': ['1.137', '1.036', '0.080', '-0.99594', '-0.09006', '0.00060', '0.09007',
    '-0.99594', '0.00008', '0.00059', '0.00013', '1.00000']
  '011.2000': ['1.098', '1.058', '0.080', '-0.99828', '-0.05860', '0.00008', '0.05860',
    '-0.99828', '0.00012', '0.00007', '0.00013', '1.00000']
  '011.2667': ['1.084', '1.058', '0.080', '-0.99882', '-0.04863', '0.00010', '0.04863',
    '-0.99882', '0.00016', '0.00009', '0.00017', '1.00000']
  '011.3333': ['1.095', '1.039', '0.080', '-0.99789', '-0.06496', '0.00056', '0.06496',
    '-0.99789', '0.00016', '0.00054', '0.00019', '1.00000']
  '011.4000': ['1.081', '1.041', '0.080', '-0.99797', '-0.06364', '0.00048', '0.06364',
    '-0.99797', '0.00011', '0.00047', '0.00014', '1.00000']
  '011.4667': ['1.069', '1.041', '0.080', '-0.99718', '-0.07505', '0.00043', '0.07505',
    '-0.99718', '0.00018', '0.00042', '0.00021', '1.00000']
  '011.5333': ['1.055', '1.043', '0.080', '-0.99710', '-0.07607', '0.00047', '0.07607',
    '-0.99710', '0.00014', '0.00046', '0.00018', '1.00000']
  '011.6000': ['1.041', '1.044', '0.080', '-0.99725', '-0.07406', '0.00047', '0.07406',
    '-0.99725', '0.00016', '0.00045', '0.00019', '1.00000']
  '011.6667': ['1.027', '1.044', '0.080', '-0.99730', '-0.07346', '0.00044', '0.07346',
    '-0.99730', '0.00018', '0.00042', '0.00021', '1.00000']
  '011.7333': ['1.012', '1.046', '0.080', '-0.99714', '-0.07551', '0.00044', '0.07551',
    '-0.99714', '0.00020', '0.00042', '0.00023', '1.00000']
  '011.8000': ['0.997', '1.046', '0.080', '-0.99719', '-0.07496', '0.00038', '0.07496',
    '-0.99719', '0.00022', '0.00036', '0.00025', '1.00000']
  '011.8667': ['0.982', '1.048', '0.080', '-0.99725', '-0.07408', '0.00037', '0.07408',
    '-0.99725', '0.00019', '0.00035', '0.00022', '1.00000']
  '011.9333': ['0.967', '1.049', '0.080', '-0.99716', '-0.07529', '0.00037', '0.07530',
    '-0.99716', '0.00025', '0.00035', '0.00027', '1.00000']
  '012.0000': ['0.953', '1.050', '0.080', '-0.99740', '-0.07203', '0.00030', '0.07203',
    '-0.99740', '0.00019', '0.00028', '0.00021', '1.00000']
  '012.0667': ['0.938', '1.052', '0.080', '-0.99759', '-0.06945', '0.00029', '0.06945',
    '-0.99759', '0.00013', '0.00028', '0.00015', '1.00000']
  '012.1333': ['0.924', '1.052', '0.080', '-0.99738', '-0.07236', '0.00024', '0.07236',
    '-0.99738', '0.00022', '0.00022', '0.00024', '1.00000']
  '012.2000': ['0.909', '1.055', '0.080', '-0.99756', '-0.06987', '0.00026', '0.06987',
    '-0.99756', '0.00009', '0.00026', '0.00011', '1.00000']
  '012.2667': ['0.895', '1.055', '0.080', '-0.99766', '-0.06833', '0.00020', '0.06833',
    '-0.99766', '0.00015', '0.00019', '0.00017', '1.00000']
  '012.3333': ['0.881', '1.059', '0.080', '-0.99802', '-0.06290', '0.00021', '0.06290',
    '-0.99802', '0.00001', '0.00021', '0.00002', '1.00000']
  '012.4000': ['0.867', '1.059', '0.080', '-0.99816', '-0.06059', '0.00023', '0.06059',
    '-0.99816', '0.00007', '0.00023', '0.00008', '1.00000']
  '012.4667': ['0.857', '1.059', '0.080', '-0.99860', '-0.05283', '-0.00005', '0.05283',
    '-0.99860', '0.00010', '-0.00005', '0.00009', '1.00000']
  '012.5333': ['0.842', '1.059', '0.080', '-0.99825', '-0.05920', '0.00013', '0.05920',
    '-0.99825', '0.00021', '0.00012', '0.00022', '1.00000']
  '012.6000': ['0.826', '1.059', '0.080', '-0.99870', '-0.05091', '0.00024', '0.05091',
    '-0.99870', '0.00030', '0.00023', '0.00031', '1.00000']
  '012.6667': ['0.810', '1.057', '0.080', '-0.99923', '-0.03913', '0.00035', '0.03913',
    '-0.99923', '0.00044', '0.00034', '0.00046', '1.00000']
  '012.7333': ['0.797', '1.054', '0.080', '-0.99980', '-0.01999', '0.00022', '0.01999',
    '-0.99980', '0.00072', '0.00021', '0.00072', '1.00000']
  '012.8000': ['0.783', '1.061', '0.080', '-0.99999', '-0.00492', '0.00021', '0.00492',
    '-0.99999', '0.00020', '0.00021', '0.00020', '1.00000']
  '012.8667': ['0.772', '1.061', '0.080', '-0.99996', '0.00881', '-0.00007', '-0.00881',
    '-0.99996', '0.00024', '-0.00007', '0.00024', '1.00000']
  '012.9333': ['0.756', '1.059', '0.080', '-0.99983', '0.01847', '-0.00005', '-0.01847',
    '-0.99983', '0.00033', '-0.00004', '0.00033', '1.00000']
  '013.0000': ['0.744', '1.061', '0.080', '-0.99972', '0.02349', '-0.00025', '-0.02349',
    '-0.99972', '0.00018', '-0.00024', '0.00018', '1.00000']
  '013.0667': ['0.728', '1.060', '0.080', '-0.99935', '0.03617', '-0.00019', '-0.03617',
    '-0.99935', '0.00020', '-0.00019', '0.00020', '1.00000']
  '013.1333': ['0.713', '1.059', '0.080', '-0.99890', '0.04685', '-0.00021', '-0.04685',
    '-0.99890', '0.00023', '-0.00020', '0.00024', '1.00000']
  '013.2000': ['0.699', '1.058', '0.080', '-0.99883', '0.04831', '-0.00025', '-0.04831',
    '-0.99883', '0.00025', '-0.00023', '0.00026', '1.00000']
  '013.2667': ['0.685', '1.059', '0.080', '-0.99870', '0.05100', '-0.00031', '-0.05100',
    '-0.99870', '0.00019', '-0.00030', '0.00020', '1.00000']
  '013.3333': ['0.671', '1.057', '0.080', '-0.99872', '0.05062', '-0.00030', '-0.05062',
    '-0.99872', '0.00023', '-0.00029', '0.00024', '1.00000']
  '013.4000': ['0.656', '1.057', '0.080', '-0.99881', '0.04883', '-0.00030', '-0.04883',
    '-0.99881', '0.00021', '-0.00029', '0.00023', '1.00000']
  '013.4667': ['0.643', '1.057', '0.080', '-0.99913', '0.04167', '-0.00035', '-0.04167',
    '-0.99913', '0.00019', '-0.00034', '0.00021', '1.00000']
  '013.5333': ['0.629', '1.056', '0.080', '-0.99891', '0.04664', '-0.00039', '-0.04664',
    '-0.99891', '0.00019', '-0.00038', '0.00021', '1.00000']
  '013.6000': ['0.614', '1.055', '0.080', '-0.99809', '0.06170', '-0.00037', '-0.06170',
    '-0.99809', '0.00020', '-0.00036', '0.00022', '1.00000']
  '013.6667': ['0.598', '1.052', '0.080', '-0.99769', '0.06793', '-0.00035', '-0.06793',
    '-0.99769', '0.00014', '-0.00034', '0.00016', '1.00000']
  '013.7333': ['0.586', '1.054', '0.080', '-0.99753', '0.07027', '-0.00048', '-0.07027',
    '-0.99753', '0.00016', '-0.00047', '0.00019', '1.00000']
  '013.8000': ['0.570', '1.052', '0.080', '-0.99579', '0.09168', '-0.00048', '-0.09168',
    '-0.99579', '0.00015', '-0.00047', '0.00020', '1.00000']
  '013.8667': ['0.555', '1.051', '0.080', '-0.99264', '0.12109', '-0.00050', '-0.12109',
    '-0.99264', '0.00015', '-0.00048', '0.00021', '1.00000']
  '013.9333': ['0.540', '1.049', '0.080', '-0.98959', '0.14390', '-0.00052', '-0.14390',
    '-0.98959', '0.00009', '-0.00050', '0.00017', '1.00000']
  '014.0000': ['0.525', '1.047', '0.080', '-0.98485', '0.17343', '-0.00051', '-0.17343',
    '-0.98485', '0.00009', '-0.00049', '0.00018', '1.00000']
  '014.1333': ['0.498', '1.041', '0.080', '-0.97650', '0.21552', '-0.00054', '-0.21552',
    '-0.97650', '0.00004', '-0.00051', '0.00016', '1.00000']
  '014.2000': ['0.483', '1.038', '0.080', '-0.97312', '0.23030', '-0.00056', '-0.23030',
    '-0.97312', '0.00004', '-0.00053', '0.00017', '1.00000']
  '014.2667': ['0.470', '1.035', '0.080', '-0.96965', '0.24451', '-0.00054', '-0.24451',
    '-0.96965', '0.00004', '-0.00051', '0.00017', '1.00000']
  '014.3333': ['0.457', '1.032', '0.080', '-0.96540', '0.26078', '-0.00057', '-0.26078',
    '-0.96540', '0.00001', '-0.00054', '0.00016', '1.00000']
  '014.4667': ['0.430', '1.025', '0.080', '-0.95462', '0.29783', '-0.00055', '-0.29783',
    '-0.95462', '-0.00006', '-0.00054', '0.00010', '1.00000']
  '014.5333': ['0.418', '1.022', '0.080', '-0.95177', '0.30682', '-0.00053', '-0.30682',
    '-0.95177', '-0.00012', '-0.00054', '0.00005', '1.00000']
  '014.6000': ['0.405', '1.018', '0.080', '-0.94664', '0.32230', '-0.00054', '-0.32230',
    '-0.94664', '-0.00015', '-0.00056', '0.00003', '1.00000']
  '014.6667': ['0.388', '1.011', '0.080', '-0.93280', '0.36039', '-0.00051', '-0.36039',
    '-0.93280', '-0.00015', '-0.00053', '0.00005', '1.00000']
  '014.7333': ['0.375', '1.005', '0.080', '-0.91636', '0.40035', '-0.00051', '-0.40035',
    '-0.91636', '-0.00017', '-0.00053', '0.00005', '1.00000']
  '014.8000': ['0.361', '1.000', '0.080', '-0.89901', '0.43793', '-0.00047', '-0.43793',
    '-0.89901', '-0.00019', '-0.00051', '0.00003', '1.00000']
  '014.8667': ['0.348', '0.993', '0.080', '-0.87880', '0.47720', '-0.00047', '-0.47720',
    '-0.87880', '-0.00020', '-0.00051', '0.00005', '1.00000']
  '014.9333': ['0.334', '0.984', '0.080', '-0.84841', '0.52934', '-0.00048', '-0.52934',
    '-0.84841', '-0.00019', '-0.00051', '0.00009', '1.00000']
  '015.0000': ['0.321', '0.976', '0.080', '-0.82197', '0.56954', '-0.00047', '-0.56954',
    '-0.82197', '-0.00019', '-0.00050', '0.00011', '1.00000']
  '015.0667': ['0.311', '0.968', '0.080', '-0.79937', '0.60084', '-0.00060', '-0.60084',
    '-0.79937', '-0.00021', '-0.00060', '0.00019', '1.00000']
  '015.1333': ['0.304', '0.959', '0.080', '-0.77004', '0.63799', '-0.00061', '-0.63799',
    '-0.77004', '-0.00011', '-0.00054', '0.00030', '1.00000']
  '015.2000': ['0.298', '0.952', '0.080', '-0.75401', '0.65686', '-0.00068', '-0.65686',
    '-0.75401', '-0.00007', '-0.00056', '0.00039', '1.00000']
  '015.2667': ['0.287', '0.942', '0.080', '-0.73594', '0.67705', '-0.00069', '-0.67705',
    '-0.73594', '-0.00011', '-0.00058', '0.00039', '1.00000']
  '015.3333': ['0.279', '0.934', '0.080', '-0.72182', '0.69208', '-0.00074', '-0.69208',
    '-0.72182', '-0.00017', '-0.00065', '0.00039', '1.00000']
  '015.4000': ['0.269', '0.924', '0.080', '-0.70973', '0.70448', '-0.00076', '-0.70448',
    '-0.70973', '-0.00020', '-0.00068', '0.00040', '1.00000']
  '015.4667': ['0.258', '0.913', '0.080', '-0.69457', '0.71943', '-0.00076', '-0.71943',
    '-0.69457', '-0.00023', '-0.00069', '0.00039', '1.00000']
  '015.5333': ['0.244', '0.902', '0.080', '-0.67468', '0.73811', '-0.00072', '-0.73811',
    '-0.67468', '-0.00026', '-0.00068', '0.00035', '1.00000']
  '015.6000': ['0.231', '0.890', '0.080', '-0.65430', '0.75623', '-0.00067', '-0.75623',
    '-0.65430', '-0.00029', '-0.00066', '0.00032', '1.00000']
  '015.6667': ['0.224', '0.883', '0.080', '-0.61973', '0.78482', '-0.00052', '-0.78482',
    '-0.61973', '0.00009', '-0.00025', '0.00046', '1.00000']
  '015.7333': ['0.215', '0.873', '0.080', '-0.59128', '0.80647', '-0.00050', '-0.80647',
    '-0.59128', '0.00008', '-0.00023', '0.00045', '1.00000']
  '015.8000': ['0.206', '0.862', '0.080', '-0.55611', '0.83111', '-0.00049', '-0.83111',
    '-0.55611', '0.00006', '-0.00022', '0.00044', '1.00000']
  '015.8667': ['0.199', '0.851', '0.080', '-0.52118', '0.85344', '-0.00050', '-0.85344',
    '-0.52118', '0.00005', '-0.00021', '0.00045', '1.00000']
  '015.9333': ['0.193', '0.841', '0.080', '-0.48370', '0.87523', '-0.00052', '-0.87523',
    '-0.48370', '0.00005', '-0.00021', '0.00048', '1.00000']
  '016.0000': ['0.194', '0.841', '0.080', '-0.45209', '0.89197', '-0.00041', '-0.89197',
    '-0.45209', '0.00043', '0.00020', '0.00056', '1.00000']
  '016.0667': ['0.190', '0.831', '0.080', '-0.42438', '0.90548', '-0.00043', '-0.90548',
    '-0.42438', '0.00043', '0.00021', '0.00057', '1.00000']
  '016.1333': ['0.183', '0.817', '0.080', '-0.38806', '0.92163', '-0.00046', '-0.92163',
    '-0.38806', '0.00039', '0.00018', '0.00057', '1.00000']
  '016.2000': ['0.179', '0.807', '0.080', '-0.36737', '0.93007', '-0.00046', '-0.93007',
    '-0.36737', '0.00035', '0.00016', '0.00055', '1.00000']
  '016.2667': ['0.175', '0.797', '0.080', '-0.35104', '0.93636', '-0.00047', '-0.93636',
    '-0.35104', '0.00034', '0.00015', '0.00056', '1.00000']
  '016.3333': ['0.169', '0.780', '0.080', '-0.32491', '0.94574', '-0.00049', '-0.94574',
    '-0.32491', '0.00030', '0.00012', '0.00057', '1.00000']
  '016.4000': ['0.164', '0.767', '0.080', '-0.31171', '0.95018', '-0.00051', '-0.95018',
    '-0.31171', '0.00026', '0.00009', '0.00057', '1.00000']
  '016.4667': ['0.160', '0.754', '0.080', '-0.29687', '0.95492', '-0.00055', '-0.95492',
    '-0.29687', '0.00022', '0.00005', '0.00059', '1.00000']
  '016.5333': ['0.156', '0.741', '0.080', '-0.28087', '0.95975', '-0.00052', '-0.95975',
    '-0.28087', '0.00017', '0.00002', '0.00055', '1.00000']
  '016.6000': ['0.152', '0.729', '0.080', '-0.26749', '0.96356', '-0.00051', '-0.96356',
    '-0.26749', '0.00008', '-0.00006', '0.00051', '1.00000']
  '016.6667': ['0.148', '0.716', '0.080', '-0.25652', '0.96654', '-0.00046', '-0.96654',
    '-0.25652', '0.00007', '-0.00005', '0.00046', '1.00000']
  '016.7333': ['0.146', '0.705', '0.080', '-0.24908', '0.96848', '-0.00051', '-0.96848',
    '-0.24908', '0.00008', '-0.00005', '0.00052', '1.00000']
  '016.8000': ['0.143', '0.693', '0.080', '-0.23133', '0.97287', '-0.00050', '-0.97287',
    '-0.23133', '0.00007', '-0.00005', '0.00050', '1.00000']
  '016.8667': ['0.142', '0.687', '0.080', '-0.21442', '0.97674', '-0.00049', '-0.97674',
    '-0.21442', '0.00000', '-0.00010', '0.00048', '1.00000']
  '016.9333': ['0.139', '0.671', '0.080', '-0.18176', '0.98334', '-0.00054', '-0.98334',
    '-0.18176', '-0.00004', '-0.00014', '0.00052', '1.00000']
  '017.0000': ['0.136', '0.653', '0.080', '-0.14445', '0.98951', '-0.00057', '-0.98951',
    '-0.14445', '-0.00008', '-0.00016', '0.00055', '1.00000']
  '017.0667': ['0.134', '0.647', '0.080', '-0.13070', '0.99142', '-0.00054', '-0.99142',
    '-0.13070', '-0.00012', '-0.00019', '0.00051', '1.00000']
  '017.1333': ['0.132', '0.636', '0.080', '-0.11241', '0.99366', '-0.00048', '-0.99366',
    '-0.11242', '-0.00014', '-0.00019', '0.00046', '1.00000']
  '017.2000': ['0.131', '0.623', '0.080', '-0.08979', '0.99596', '-0.00053', '-0.99596',
    '-0.08979', '-0.00025', '-0.00030', '0.00051', '1.00000']
  '017.2667': ['0.129', '0.614', '0.080', '-0.07941', '0.99684', '-0.00048', '-0.99684',
    '-0.07941', '-0.00025', '-0.00028', '0.00046', '1.00000']
  '017.3333': ['0.128', '0.609', '0.080', '-0.07056', '0.99751', '-0.00046', '-0.99751',
    '-0.07056', '-0.00026', '-0.00029', '0.00044', '1.00000']
  '017.4000': ['0.128', '0.604', '0.080', '-0.06150', '0.99811', '-0.00047', '-0.99811',
    '-0.06150', '-0.00028', '-0.00031', '0.00045', '1.00000']
  '017.4667': ['0.128', '0.587', '0.080', '-0.03617', '0.99935', '-0.00048', '-0.99935',
    '-0.03617', '-0.00026', '-0.00028', '0.00047', '1.00000']
  '017.5333': ['0.128', '0.565', '0.080', '0.00715', '0.99997', '-0.00051', '-0.99997',
    '0.00715', '-0.00028', '-0.00028', '0.00051', '1.00000']
  '017.6000': ['0.127', '0.553', '0.080', '0.02388', '0.99971', '-0.00045', '-0.99971',
    '0.02388', '-0.00032', '-0.00031', '0.00046', '1.00000']
  '017.6666': ['0.128', '0.540', '0.080', '0.04067', '0.99917', '-0.00042', '-0.99917',
    '0.04067', '-0.00031', '-0.00030', '0.00043', '1.00000']
  '017.7333': ['0.128', '0.527', '0.080', '0.05358', '0.99856', '-0.00038', '-0.99856',
    '0.05358', '-0.00036', '-0.00034', '0.00040', '1.00000']
  '017.8000': ['0.129', '0.513', '0.080', '0.06630', '0.99780', '-0.00036', '-0.99780',
    '0.06630', '-0.00037', '-0.00035', '0.00039', '1.00000']
  '017.8666': ['0.131', '0.498', '0.080', '0.07894', '0.99688', '-0.00041', '-0.99688',
    '0.07894', '-0.00037', '-0.00034', '0.00043', '1.00000']
  '017.9333': ['0.131', '0.482', '0.080', '0.08537', '0.99635', '-0.00037', '-0.99635',
    '0.08537', '-0.00042', '-0.00038', '0.00040', '1.00000']
  '018.0000': ['0.132', '0.470', '0.080', '0.08895', '0.99604', '-0.00037', '-0.99604',
    '0.08895', '-0.00045', '-0.00041', '0.00040', '1.00000']
  '018.0666': ['0.133', '0.459', '0.080', '0.09597', '0.99538', '-0.00038', '-0.99538',
    '0.09597', '-0.00045', '-0.00041', '0.00042', '1.00000']
  '018.1333': ['0.134', '0.447', '0.080', '0.10647', '0.99432', '-0.00036', '-0.99432',
    '0.10647', '-0.00046', '-0.00042', '0.00040', '1.00000']
  '018.2666': ['0.136', '0.424', '0.080', '0.14739', '0.98908', '-0.00034', '-0.98908',
    '0.14739', '-0.00048', '-0.00043', '0.00040', '1.00000']
  '018.4000': ['0.141', '0.402', '0.080', '0.21537', '0.97653', '-0.00033', '-0.97653',
    '0.21537', '-0.00051', '-0.00042', '0.00043', '1.00000']
  '018.5333': ['0.148', '0.375', '0.080', '0.31316', '0.94970', '-0.00028', '-0.94970',
    '0.31316', '-0.00053', '-0.00041', '0.00043', '1.00000']
  '018.6000': ['0.154', '0.361', '0.080', '0.37510', '0.92699', '-0.00024', '-0.92699',
    '0.37510', '-0.00053', '-0.00040', '0.00042', '1.00000']
  '018.6666': ['0.157', '0.352', '0.080', '0.41047', '0.91187', '-0.00023', '-0.91187',
    '0.41047', '-0.00051', '-0.00037', '0.00042', '1.00000']
  '018.7333': ['0.163', '0.341', '0.080', '0.46410', '0.88578', '-0.00021', '-0.88578',
    '0.46410', '-0.00052', '-0.00036', '0.00042', '1.00000']
  '018.8666': ['0.176', '0.320', '0.080', '0.56821', '0.82288', '-0.00015', '-0.82288',
    '0.56821', '-0.00050', '-0.00033', '0.00041', '1.00000']
  '018.9333': ['0.186', '0.307', '0.080', '0.62022', '0.78443', '-0.00012', '-0.78443',
    '0.62022', '-0.00052', '-0.00033', '0.00042', '1.00000']
  '019.0000': ['0.197', '0.293', '0.080', '0.65056', '0.75945', '-0.00010', '-0.75945',
