begin_time_stamp: 1586941703.8666422
data_header:
  time_stamp: [x, y, z, R11, R12, R13, R21, R22, R23, R31, R32, R33]
trajectory_data:
  '000.0000': ['0.603', '0.180', '0.080', '0.99904', '-0.04382', '0.00046', '0.04382',
    '0.99904', '-0.00025', '-0.00044', '0.00027', '1.00000']
  '000.0667': ['0.602', '0.182', '0.080', '0.99887', '-0.04758', '0.00052', '0.04758',
    '0.99887', '-0.00032', '-0.00051', '0.00034', '1.00000']
  '000.1333': ['0.609', '0.184', '0.080', '0.99901', '-0.04439', '0.00047', '0.04439',
    '0.99901', '-0.00043', '-0.00045', '0.00045', '1.00000']
  '000.2000': ['0.618', '0.187', '0.080', '0.99887', '-0.04760', '0.00048', '0.04760',
    '0.99887', '-0.00050', '-0.00046', '0.00052', '1.00000']
  '000.2667': ['0.629', '0.190', '0.080', '0.99890', '-0.04698', '0.00060', '0.04698',
    '0.99890', '-0.00070', '-0.00056', '0.00073', '1.00000']
  '000.3333': ['0.644', '0.190', '0.080', '0.99901', '-0.04459', '0.00062', '0.04459',
    '0.99901', '-0.00058', '-0.00059', '0.00061', '1.00000']
  '000.4000': ['0.657', '0.190', '0.080', '0.99888', '-0.04737', '0.00080', '0.04737',
    '0.99888', '-0.00063', '-0.00077', '0.00067', '1.00000']
  '000.4667': ['0.672', '0.189', '0.080', '0.99891', '-0.04676', '0.00094', '0.04676',
    '0.99891', '-0.00060', '-0.00091', '0.00064', '1.00000']
  '000.5333': ['0.688', '0.189', '0.080', '0.99880', '-0.04897', '0.00097', '0.04897',
    '0.99880', '-0.00055', '-0.00094', '0.00060', '1.00000']
  '000.6000': ['0.705', '0.188', '0.080', '0.99832', '-0.05794', '0.00111', '0.05794',
    '0.99832', '-0.00050', '-0.00108', '0.00057', '1.00000']
  '000.6667': ['0.724', '0.188', '0.080', '0.99755', '-0.06998', '0.00111', '0.06998',
    '0.99755', '-0.00049', '-0.00108', '0.00057', '1.00000']
  '000.7333': ['0.742', '0.187', '0.080', '0.99681', '-0.07983', '0.00119', '0.07983',
    '0.99681', '-0.00040', '-0.00115', '0.00049', '1.00000']
  '000.8000': ['0.762', '0.188', '0.080', '0.99616', '-0.08755', '0.00116', '0.08755',
    '0.99616', '-0.00041', '-0.00112', '0.00051', '1.00000']
  '000.8667': ['0.780', '0.188', '0.080', '0.99516', '-0.09829', '0.00121', '0.09829',
    '0.99516', '-0.00032', '-0.00117', '0.00044', '1.00000']
  '000.9333': ['0.801', '0.189', '0.080', '0.99476', '-0.10226', '0.00117', '0.10226',
    '0.99476', '-0.00028', '-0.00114', '0.00040', '1.00000']
  '001.0000': ['0.821', '0.191', '0.080', '0.99409', '-0.10858', '0.00117', '0.10858',
    '0.99409', '-0.00027', '-0.00113', '0.00040', '1.00000']
  '001.0667': ['0.838', '0.192', '0.080', '0.99437', '-0.10594', '0.00117', '0.10594',
    '0.99437', '-0.00023', '-0.00114', '0.00036', '1.00000']
  '001.1333': ['0.857', '0.193', '0.080', '0.99431', '-0.10652', '0.00116', '0.10652',
    '0.99431', '-0.00021', '-0.00113', '0.00033', '1.00000']
  '001.2000': ['0.878', '0.196', '0.080', '0.99413', '-0.10817', '0.00116', '0.10817',
    '0.99413', '-0.00029', '-0.00112', '0.00042', '1.00000']
  '001.2667': ['0.894', '0.196', '0.080', '0.99523', '-0.09753', '0.00119', '0.09753',
    '0.99523', '-0.00024', '-0.00116', '0.00036', '1.00000']
  '001.3333': ['0.911', '0.198', '0.080', '0.99577', '-0.09186', '0.00119', '0.09186',
    '0.99577', '-0.00023', '-0.00116', '0.00034', '1.00000']
  '001.4000': ['0.930', '0.199', '0.080', '0.99595', '-0.08987', '0.00119', '0.08987',
    '0.99595', '-0.00023', '-0.00116', '0.00034', '1.00000']
  '001.4667': ['0.950', '0.201', '0.080', '0.99602', '-0.08914', '0.00119', '0.08914',
    '0.99602', '-0.00023', '-0.00117', '0.00034', '1.00000']
  '001.5333': ['0.970', '0.202', '0.080', '0.99608', '-0.08841', '0.00120', '0.08841',
    '0.99608', '-0.00024', '-0.00117', '0.00034', '1.00000']
  '002.0000': ['1.086', '0.185', '0.080', '0.99702', '-0.07711', '-0.00113', '0.07711',
    '0.99702', '-0.00061', '0.00117', '0.00053', '1.00000']
  '002.0667': ['1.106', '0.185', '0.080', '0.99884', '-0.04823', '-0.00137', '0.04822',
    '0.99884', '-0.00070', '0.00140', '0.00063', '1.00000']
  '002.1333': ['1.121', '0.186', '0.080', '0.99777', '-0.06680', '-0.00135', '0.06680',
    '0.99777', '-0.00077', '0.00140', '0.00068', '1.00000']
  '002.2000': ['1.137', '0.187', '0.080', '0.99733', '-0.07299', '-0.00147', '0.07299',
    '0.99733', '-0.00087', '0.00153', '0.00076', '1.00000']
  '002.2667': ['1.155', '0.187', '0.080', '0.99757', '-0.06959', '-0.00160', '0.06959',
    '0.99758', '-0.00096', '0.00167', '0.00085', '1.00000']
  '002.3333': ['1.175', '0.188', '0.080', '0.99746', '-0.07117', '-0.00155', '0.07117',
    '0.99746', '-0.00098', '0.00161', '0.00087', '1.00000']
  '002.4000': ['1.194', '0.190', '0.080', '0.99705', '-0.07671', '-0.00145', '0.07671',
    '0.99705', '-0.00097', '0.00152', '0.00086', '1.00000']
  '002.4667': ['1.214', '0.194', '0.080', '0.99667', '-0.08158', '-0.00133', '0.08157',
    '0.99667', '-0.00093', '0.00140', '0.00082', '1.00000']
  '002.5333': ['1.232', '0.196', '0.080', '0.99631', '-0.08578', '-0.00128', '0.08578',
    '0.99631', '-0.00096', '0.00135', '0.00085', '1.00000']
  '002.6000': ['1.250', '0.198', '0.080', '0.99608', '-0.08847', '-0.00124', '0.08847',
    '0.99608', '-0.00101', '0.00132', '0.00090', '1.00000']
  '002.6667': ['1.269', '0.200', '0.080', '0.99518', '-0.09803', '-0.00117', '0.09803',
    '0.99518', '-0.00105', '0.00127', '0.00093', '1.00000']
  '002.7333': ['1.284', '0.203', '0.080', '0.98550', '-0.16968', '-0.00119', '0.16968',
    '0.98550', '-0.00112', '0.00136', '0.00090', '1.00000']
  '002.8000': ['1.293', '0.224', '0.080', '0.94973', '-0.31308', '-0.00049', '0.31308',
    '0.94972', '-0.00189', '0.00106', '0.00164', '1.00000']
  '002.8667': ['1.290', '0.258', '0.080', '0.83015', '-0.55754', '0.00106', '0.55753',
    '0.83015', '-0.00365', '0.00116', '0.00362', '0.99999']
  '002.9333': ['1.314', '0.259', '0.080', '0.76261', '-0.64686', '0.00056', '0.64685',
    '0.76261', '-0.00282', '0.00140', '0.00251', '1.00000']
  '003.0000': ['1.340', '0.249', '0.080', '0.71539', '-0.69873', '-0.00021', '0.69873',
    '0.71539', '-0.00086', '0.00075', '0.00047', '1.00000']
  '003.0667': ['1.353', '0.259', '0.080', '0.68261', '-0.73078', '-0.00013', '0.73078',
    '0.68261', '-0.00071', '0.00061', '0.00039', '1.00000']
  '003.1333': ['1.366', '0.271', '0.080', '0.66879', '-0.74345', '-0.00007', '0.74345',
    '0.66879', '-0.00063', '0.00051', '0.00037', '1.00000']
  '003.2000': ['1.378', '0.281', '0.080', '0.67038', '-0.74202', '0.00000', '0.74202',
    '0.67038', '-0.00054', '0.00040', '0.00037', '1.00000']
  '003.2667': ['1.392', '0.297', '0.080', '0.67075', '-0.74169', '0.00006', '0.74169',
    '0.67075', '-0.00053', '0.00035', '0.00040', '1.00000']
  '003.3333': ['1.404', '0.308', '0.080', '0.67363', '-0.73907', '0.00012', '0.73907',
    '0.67363', '-0.00046', '0.00025', '0.00040', '1.00000']
  '003.4000': ['1.416', '0.319', '0.080', '0.67608', '-0.73683', '0.00019', '0.73683',
    '0.67608', '-0.00038', '0.00016', '0.00040', '1.00000']
  '003.4667': ['1.428', '0.331', '0.080', '0.67293', '-0.73971', '0.00024', '0.73971',
    '0.67293', '-0.00032', '0.00007', '0.00039', '1.00000']
  '003.5333': ['1.441', '0.345', '0.080', '0.66769', '-0.74444', '0.00029', '0.74444',
    '0.66769', '-0.00027', '0.00001', '0.00039', '1.00000']
  '003.6000': ['1.453', '0.359', '0.080', '0.66570', '-0.74622', '0.00034', '0.74622',
    '0.66570', '-0.00022', '-0.00006', '0.00039', '1.00000']
  '003.6667': ['1.465', '0.370', '0.080', '0.66382', '-0.74790', '0.00039', '0.74790',
    '0.66382', '-0.00014', '-0.00015', '0.00039', '1.00000']
  '003.7333': ['1.479', '0.385', '0.080', '0.66065', '-0.75069', '0.00045', '0.75069',
    '0.66065', '-0.00011', '-0.00021', '0.00041', '1.00000']
  '005.1333': ['1.597', '0.769', '0.080', '-0.21080', '-0.97753', '0.00054', '0.97753',
    '-0.21080', '-0.00039', '0.00050', '0.00045', '1.00000']
  '005.2000': ['1.590', '0.787', '0.080', '-0.21646', '-0.97629', '0.00054', '0.97629',
    '-0.21646', '-0.00037', '0.00048', '0.00045', '1.00000']
  '005.2667': ['1.582', '0.812', '0.080', '-0.27478', '-0.96151', '0.00054', '0.96151',
    '-0.27478', '-0.00034', '0.00047', '0.00043', '1.00000']
  '005.3333': ['1.569', '0.838', '0.080', '-0.40345', '-0.91500', '0.00055', '0.91500',
    '-0.40345', '-0.00032', '0.00051', '0.00038', '1.00000']
  '005.4000': ['1.556', '0.855', '0.080', '-0.49984', '-0.86612', '0.00054', '0.86612',
    '-0.49984', '-0.00030', '0.00053', '0.00032', '1.00000']
  '005.4667': ['1.546', '0.870', '0.080', '-0.56902', '-0.82233', '0.00053', '0.82233',
    '-0.56902', '-0.00029', '0.00054', '0.00027', '1.00000']
  '005.5333': ['1.529', '0.888', '0.080', '-0.62656', '-0.77937', '0.00052', '0.77937',
    '-0.62656', '-0.00029', '0.00055', '0.00022', '1.00000']
  '005.6000': ['1.512', '0.907', '0.080', '-0.65324', '-0.75715', '0.00049', '0.75715',
    '-0.65324', '-0.00029', '0.00054', '0.00018', '1.00000']
  '005.6667': ['1.500', '0.919', '0.080', '-0.65800', '-0.75302', '0.00048', '0.75302',
    '-0.65800', '-0.00028', '0.00053', '0.00018', '1.00000']
  '005.7333': ['1.484', '0.938', '0.080', '-0.67107', '-0.74140', '0.00046', '0.74140',
    '-0.67107', '-0.00026', '0.00050', '0.00017', '1.00000']
  '005.8000': ['1.467', '0.954', '0.080', '-0.73397', '-0.67918', '0.00045', '0.67918',
    '-0.73397', '-0.00025', '0.00050', '0.00012', '1.00000']
  '005.8667': ['1.447', '0.970', '0.080', '-0.78983', '-0.61332', '0.00044', '0.61332',
    '-0.78983', '-0.00022', '0.00048', '0.00010', '1.00000']
  '005.9333': ['1.433', '0.978', '0.080', '-0.80962', '-0.58695', '0.00044', '0.58695',
    '-0.80962', '-0.00021', '0.00048', '0.00009', '1.00000']
  '006.0000': ['1.416', '0.989', '0.080', '-0.81999', '-0.57238', '0.00042', '0.57238',
    '-0.81999', '-0.00022', '0.00047', '0.00006', '1.00000']
  '006.0667': ['1.402', '0.999', '0.080', '-0.82812', '-0.56056', '0.00041', '0.56056',
    '-0.82812', '-0.00022', '0.00046', '0.00005', '1.00000']
  '006.1333': ['1.370', '1.017', '0.080', '-0.87591', '-0.48248', '0.00038', '0.48248',
    '-0.87591', '-0.00020', '0.00043', '0.00000', '1.00000']
  '006.2000': ['1.356', '1.023', '0.080', '-0.91435', '-0.40493', '0.00035', '0.40493',
    '-0.91435', '-0.00018', '0.00040', '-0.00002', '1.00000']
  '006.2667': ['1.337', '1.030', '0.080', '-0.94469', '-0.32797', '0.00032', '0.32797',
    '-0.94469', '-0.00015', '0.00035', '-0.00004', '1.00000']
  '006.3333': ['1.320', '1.035', '0.080', '-0.95743', '-0.28865', '0.00029', '0.28865',
    '-0.95743', '-0.00014', '0.00031', '-0.00005', '1.00000']
  '006.4000': ['1.302', '1.041', '0.080', '-0.96182', '-0.27368', '0.00025', '0.27368',
    '-0.96182', '-0.00013', '0.00028', '-0.00005', '1.00000']
  '006.4667': ['1.284', '1.046', '0.080', '-0.96466', '-0.26349', '0.00023', '0.26349',
    '-0.96466', '-0.00013', '0.00025', '-0.00006', '1.00000']
  '006.5333': ['1.268', '1.050', '0.080', '-0.97246', '-0.23306', '0.00021', '0.23306',
    '-0.97246', '-0.00011', '0.00023', '-0.00006', '1.00000']
  '006.6000': ['1.250', '1.053', '0.080', '-0.98712', '-0.15999', '0.00019', '0.15999',
    '-0.98712', '-0.00009', '0.00020', '-0.00006', '1.00000']
  '006.6667': ['1.218', '1.054', '0.080', '-1.00000', '0.00207', '0.00015', '-0.00207',
    '-1.00000', '-0.00007', '0.00015', '-0.00007', '1.00000']
  '006.7333': ['1.198', '1.053', '0.080', '-0.99727', '0.07384', '0.00014', '-0.07384',
    '-0.99727', '-0.00007', '0.00014', '-0.00008', '1.00000']
  '006.8000': ['1.179', '1.050', '0.080', '-0.99495', '0.10033', '0.00010', '-0.10033',
    '-0.99495', '-0.00003', '0.00009', '-0.00004', '1.00000']
  '007.1333': ['1.067', '1.030', '0.080', '-0.97017', '0.24244', '0.00002', '-0.24244',
    '-0.97017', '0.00002', '0.00002', '0.00002', '1.00000']
  '007.2000': ['1.043', '1.024', '0.080', '-0.96655', '0.25648', '-0.00001', '-0.25648',
    '-0.96655', '0.00001', '-0.00001', '0.00001', '1.00000']
  '007.2667': ['1.023', '1.018', '0.080', '-0.96483', '0.26287', '-0.00005', '-0.26287',
    '-0.96483', '0.00000', '-0.00005', '0.00002', '1.00000']
  '007.3333': ['0.999', '1.011', '0.080', '-0.96292', '0.26979', '-0.00011', '-0.26979',
    '-0.96292', '0.00001', '-0.00011', '0.00004', '1.00000']
  '007.8667': ['0.817', '0.993', '0.080', '-0.99950', '0.03160', '-0.00020', '-0.03160',
    '-0.99950', '-0.00010', '-0.00020', '-0.00009', '1.00000']
  '007.9333': ['0.808', '0.994', '0.080', '-0.99954', '0.03042', '-0.00020', '-0.03042',
    '-0.99954', '-0.00012', '-0.00020', '-0.00011', '1.00000']
