begin_time_stamp: 1588334035.733333
data_header:
  time_stamp: [x, y, z, R11, R12, R13, R21, R22, R23, R31, R32, R33]
trajectory_data:
  '000.0000': ['0.456', '0.200', '0.080', '0.96905', '0.24688', '0.00014', '-0.24688',
    '0.96905', '-0.00043', '-0.00024', '0.00039', '1.00000']
  '000.0667': ['0.467', '0.198', '0.080', '0.96719', '0.25407', '0.00015', '-0.25407',
    '0.96719', '-0.00044', '-0.00025', '0.00038', '1.00000']
  '000.1333': ['0.487', '0.182', '0.080', '0.97102', '0.23901', '0.00010', '-0.23901',
    '0.97102', '0.00004', '-0.00009', '-0.00007', '1.00000']
  '000.2000': ['0.497', '0.180', '0.080', '0.97066', '0.24047', '0.00012', '-0.24047',
    '0.97066', '0.00003', '-0.00011', '-0.00006', '1.00000']
  '000.2667': ['0.508', '0.178', '0.080', '0.96959', '0.24472', '0.00012', '-0.24472',
    '0.96959', '0.00002', '-0.00012', '-0.00005', '1.00000']
  '000.3333': ['0.518', '0.175', '0.080', '0.96827', '0.24990', '0.00013', '-0.24990',
    '0.96827', '0.00001', '-0.00012', '-0.00004', '1.00000']
  '000.4000': ['0.528', '0.174', '0.080', '0.96699', '0.25481', '0.00014', '-0.25481',
    '0.96699', '-0.00001', '-0.00013', '-0.00003', '1.00000']
  '000.4667': ['0.537', '0.171', '0.080', '0.96495', '0.26242', '0.00015', '-0.26242',
    '0.96495', '-0.00002', '-0.00015', '-0.00002', '1.00000']
  '000.5333': ['0.549', '0.168', '0.080', '0.96324', '0.26866', '0.00015', '-0.26866',
    '0.96324', '-0.00003', '-0.00015', '-0.00002', '1.00000']
  '000.6000': ['0.559', '0.165', '0.080', '0.96239', '0.27166', '0.00016', '-0.27166',
    '0.96239', '-0.00003', '-0.00016', '-0.00001', '1.00000']
  '000.6667': ['0.569', '0.163', '0.080', '0.96157', '0.27458', '0.00017', '-0.27458',
    '0.96157', '-0.00004', '-0.00018', '-0.00001', '1.00000']
  '000.7333': ['0.578', '0.161', '0.080', '0.96077', '0.27736', '0.00018', '-0.27736',
    '0.96077', '-0.00007', '-0.00019', '0.00002', '1.00000']
  '000.8000': ['0.588', '0.158', '0.080', '0.96203', '0.27293', '0.00019', '-0.27293',
    '0.96203', '-0.00007', '-0.00021', '0.00002', '1.00000']
  '000.8667': ['0.598', '0.155', '0.080', '0.96211', '0.27265', '0.00021', '-0.27265',
    '0.96211', '-0.00011', '-0.00023', '0.00005', '1.00000']
  '000.9333': ['0.610', '0.152', '0.080', '0.96305', '0.26933', '0.00022', '-0.26933',
    '0.96305', '-0.00013', '-0.00024', '0.00007', '1.00000']
  '001.0000': ['0.622', '0.148', '0.080', '0.96517', '0.26164', '0.00024', '-0.26164',
    '0.96517', '-0.00014', '-0.00026', '0.00007', '1.00000']
  '001.0667': ['0.634', '0.145', '0.080', '0.96627', '0.25754', '0.00024', '-0.25754',
    '0.96627', '-0.00016', '-0.00027', '0.00009', '1.00000']
  '001.1333': ['0.646', '0.142', '0.080', '0.96822', '0.25010', '0.00024', '-0.25010',
    '0.96822', '-0.00017', '-0.00028', '0.00010', '1.00000']
  '001.2000': ['0.657', '0.140', '0.080', '0.97046', '0.24126', '0.00025', '-0.24126',
    '0.97046', '-0.00019', '-0.00029', '0.00013', '1.00000']
  '001.2667': ['0.667', '0.137', '0.080', '0.97208', '0.23465', '0.00024', '-0.23465',
    '0.97208', '-0.00020', '-0.00028', '0.00014', '1.00000']
  '001.3333': ['0.678', '0.135', '0.080', '0.97420', '0.22569', '0.00026', '-0.22569',
    '0.97420', '-0.00022', '-0.00030', '0.00015', '1.00000']
  '001.4000': ['0.690', '0.132', '0.080', '0.97566', '0.21927', '0.00025', '-0.21927',
    '0.97566', '-0.00024', '-0.00029', '0.00018', '1.00000']
  '001.4667': ['0.702', '0.130', '0.080', '0.97763', '0.21032', '0.00026', '-0.21032',
    '0.97763', '-0.00026', '-0.00031', '0.00020', '1.00000']
  '001.5333': ['0.718', '0.126', '0.080', '0.98174', '0.19022', '0.00029', '-0.19022',
    '0.98174', '-0.00025', '-0.00033', '0.00019', '1.00000']
  '001.6000': ['0.729', '0.125', '0.080', '0.98435', '0.17625', '0.00030', '-0.17625',
    '0.98435', '-0.00028', '-0.00034', '0.00022', '1.00000']
  '001.6667': ['0.740', '0.123', '0.080', '0.98749', '0.15767', '0.00032', '-0.15767',
    '0.98749', '-0.00027', '-0.00035', '0.00021', '1.00000']
  '001.7333': ['0.751', '0.121', '0.080', '0.98954', '0.14424', '0.00031', '-0.14424',
    '0.98954', '-0.00030', '-0.00035', '0.00025', '1.00000']
  '001.8000': ['0.766', '0.120', '0.080', '0.99250', '0.12227', '0.00032', '-0.12227',
    '0.99250', '-0.00032', '-0.00035', '0.00028', '1.00000']
  '001.8667': ['0.781', '0.118', '0.080', '0.99477', '0.10213', '0.00034', '-0.10213',
    '0.99477', '-0.00033', '-0.00037', '0.00029', '1.00000']
  '001.9333': ['0.794', '0.117', '0.080', '0.99646', '0.08412', '0.00037', '-0.08412',
    '0.99646', '-0.00033', '-0.00040', '0.00030', '1.00000']
  '002.0000': ['0.807', '0.115', '0.080', '0.99724', '0.07423', '0.00040', '-0.07423',
    '0.99724', '-0.00032', '-0.00042', '0.00029', '1.00000']
  '002.0667': ['0.817', '0.115', '0.080', '0.99806', '0.06224', '0.00042', '-0.06224',
    '0.99806', '-0.00035', '-0.00044', '0.00032', '1.00000']
  '002.1333': ['0.834', '0.113', '0.080', '0.99856', '0.05370', '0.00045', '-0.05370',
    '0.99856', '-0.00034', '-0.00047', '0.00032', '1.00000']
  '002.2000': ['0.843', '0.114', '0.080', '0.99882', '0.04846', '0.00047', '-0.04846',
    '0.99882', '-0.00036', '-0.00048', '0.00034', '1.00000']
  '002.2667': ['0.861', '0.108', '0.080', '0.99896', '0.04554', '0.00072', '-0.04554',
    '0.99896', '-0.00045', '-0.00074', '0.00042', '1.00000']
  '002.3333': ['0.876', '0.106', '0.080', '0.99925', '0.03874', '0.00074', '-0.03874',
    '0.99925', '-0.00042', '-0.00075', '0.00039', '1.00000']
  '002.4000': ['0.889', '0.106', '0.080', '0.99924', '0.03910', '0.00076', '-0.03910',
    '0.99924', '-0.00051', '-0.00078', '0.00048', '1.00000']
  '002.4667': ['0.896', '0.108', '0.080', '0.99970', '0.02458', '0.00049', '-0.02458',
    '0.99970', '-0.00030', '-0.00050', '0.00028', '1.00000']
  '002.5333': ['0.915', '0.106', '0.080', '0.99959', '0.02880', '0.00051', '-0.02880',
    '0.99959', '-0.00028', '-0.00052', '0.00027', '1.00000']
  '002.6667': ['0.948', '0.096', '0.080', '0.99979', '0.02024', '0.00068', '-0.02024',
    '0.99980', '-0.00020', '-0.00069', '0.00019', '1.00000']
  '002.8000': ['0.972', '0.104', '0.080', '0.99952', '0.03113', '0.00080', '-0.03113',
    '0.99952', '-0.00095', '-0.00083', '0.00092', '1.00000']
  '002.9333': ['1.000', '0.096', '0.080', '0.99994', '0.01079', '0.00050', '-0.01079',
    '0.99994', '-0.00039', '-0.00051', '0.00038', '1.00000']
  '003.0000': ['1.013', '0.095', '0.080', '0.99999', '0.00326', '0.00049', '-0.00326',
    '0.99999', '-0.00035', '-0.00049', '0.00035', '1.00000']
  '003.0667': ['1.024', '0.102', '0.080', '0.99997', '0.00775', '0.00045', '-0.00775',
    '0.99997', '-0.00095', '-0.00045', '0.00094', '1.00000']
  '003.1333': ['1.036', '0.103', '0.080', '1.00000', '0.00304', '0.00046', '-0.00304',
    '0.99999', '-0.00100', '-0.00046', '0.00100', '1.00000']
  '003.2000': ['1.050', '0.094', '0.080', '1.00000', '-0.00276', '0.00030', '0.00276',
    '1.00000', '-0.00037', '-0.00030', '0.00037', '1.00000']
  '003.2667': ['1.060', '0.111', '0.080', '1.00000', '0.00044', '0.00039', '-0.00044',
    '1.00000', '-0.00160', '-0.00039', '0.00160', '1.00000']
  '003.3333': ['1.073', '0.105', '0.080', '0.99998', '-0.00578', '0.00026', '0.00578',
    '0.99998', '-0.00103', '-0.00025', '0.00103', '1.00000']
  '003.4000': ['1.084', '0.103', '0.080', '0.99992', '-0.01279', '0.00022', '0.01279',
    '0.99992', '-0.00082', '-0.00021', '0.00082', '1.00000']
  '003.4667': ['1.096', '0.112', '0.080', '0.99981', '-0.01940', '0.00032', '0.01940',
    '0.99981', '-0.00148', '-0.00029', '0.00149', '1.00000']
  '003.5333': ['1.108', '0.112', '0.080', '0.99956', '-0.02970', '0.00038', '0.02970',
    '0.99956', '-0.00145', '-0.00033', '0.00146', '1.00000']
  '003.6000': ['1.118', '0.113', '0.080', '0.99895', '-0.04583', '0.00045', '0.04583',
    '0.99895', '-0.00145', '-0.00038', '0.00147', '1.00000']
  '003.6667': ['1.132', '0.114', '0.080', '0.99802', '-0.06292', '0.00044', '0.06292',
    '0.99802', '-0.00135', '-0.00036', '0.00137', '1.00000']
  '003.7333': ['1.143', '0.113', '0.080', '0.99756', '-0.06979', '0.00045', '0.06979',
    '0.99756', '-0.00114', '-0.00037', '0.00117', '1.00000']
  '003.8000': ['1.154', '0.118', '0.080', '0.99648', '-0.08379', '0.00062', '0.08379',
    '0.99648', '-0.00139', '-0.00050', '0.00144', '1.00000']
  '003.8667': ['1.166', '0.119', '0.080', '0.99481', '-0.10175', '0.00070', '0.10175',
    '0.99481', '-0.00136', '-0.00056', '0.00143', '1.00000']
  '003.9333': ['1.150', '0.112', '0.080', '0.98909', '-0.14734', '0.00012', '0.14734',
    '0.98909', '-0.00073', '-0.00002', '0.00074', '1.00000']
  '004.0000': ['1.164', '0.115', '0.080', '0.98538', '-0.17040', '0.00015', '0.17040',
    '0.98538', '-0.00073', '-0.00002', '0.00075', '1.00000']
  '004.0667': ['1.176', '0.117', '0.080', '0.98311', '-0.18301', '0.00019', '0.18301',
    '0.98311', '-0.00073', '-0.00005', '0.00076', '1.00000']
  '004.1333': ['1.185', '0.117', '0.080', '0.98171', '-0.19039', '0.00025', '0.19039',
    '0.98171', '-0.00071', '-0.00011', '0.00075', '1.00000']
  '004.2000': ['1.197', '0.118', '0.080', '0.98072', '-0.19541', '0.00035', '0.19541',
    '0.98072', '-0.00072', '-0.00021', '0.00078', '1.00000']
  '004.2667': ['1.209', '0.120', '0.080', '0.97869', '-0.20534', '0.00042', '0.20534',
    '0.97869', '-0.00077', '-0.00026', '0.00084', '1.00000']
  '004.3333': ['1.220', '0.123', '0.080', '0.97775', '-0.20977', '0.00045', '0.20977',
    '0.97775', '-0.00061', '-0.00031', '0.00070', '1.00000']
  '004.4000': ['1.234', '0.127', '0.080', '0.97785', '-0.20932', '0.00047', '0.20932',
    '0.97785', '-0.00064', '-0.00032', '0.00072', '1.00000']
  '004.4667': ['1.245', '0.131', '0.080', '0.97826', '-0.20738', '0.00049', '0.20738',
    '0.97826', '-0.00061', '-0.00035', '0.00070', '1.00000']
  '004.5333': ['1.257', '0.133', '0.080', '0.97473', '-0.22338', '0.00042', '0.22338',
    '0.97473', '-0.00055', '-0.00029', '0.00063', '1.00000']
  '004.6000': ['1.267', '0.136', '0.080', '0.97396', '-0.22671', '0.00041', '0.22671',
    '0.97396', '-0.00053', '-0.00028', '0.00061', '1.00000']
  '004.6667': ['1.278', '0.137', '0.080', '0.96525', '-0.26131', '0.00038', '0.26131',
    '0.96525', '-0.00052', '-0.00023', '0.00060', '1.00000']
  '004.7333': ['1.289', '0.140', '0.080', '0.95668', '-0.29113', '0.00028', '0.29113',
    '0.95668', '-0.00054', '-0.00011', '0.00060', '1.00000']
  '004.8000': ['1.300', '0.145', '0.080', '0.95581', '-0.29399', '0.00030', '0.29399',
    '0.95581', '-0.00048', '-0.00015', '0.00055', '1.00000']
  '004.8667': ['1.311', '0.149', '0.080', '0.95157', '-0.30743', '0.00029', '0.30743',
    '0.95157', '-0.00047', '-0.00013', '0.00054', '1.00000']
  '004.9333': ['1.325', '0.155', '0.080', '0.94647', '-0.32279', '0.00025', '0.32279',
    '0.94647', '-0.00047', '-0.00008', '0.00052', '1.00000']
  '005.0000': ['1.336', '0.159', '0.080', '0.94424', '-0.32926', '0.00024', '0.32926',
    '0.94424', '-0.00043', '-0.00008', '0.00048', '1.00000']
  '005.0667': ['1.348', '0.162', '0.080', '0.93710', '-0.34906', '0.00016', '0.34906',
    '0.93710', '-0.00040', '-0.00001', '0.00043', '1.00000']
  '005.1333': ['1.358', '0.166', '0.080', '0.93047', '-0.36636', '0.00016', '0.36636',
    '0.93047', '-0.00038', '-0.00001', '0.00041', '1.00000']
  '005.2000': ['1.368', '0.170', '0.080', '0.92692', '-0.37527', '0.00019', '0.37527',
    '0.92692', '-0.00037', '-0.00003', '0.00042', '1.00000']
  '005.2667': ['1.380', '0.176', '0.080', '0.91540', '-0.40255', '0.00015', '0.40255',
    '0.91540', '-0.00041', '0.00003', '0.00044', '1.00000']
  '005.3333': ['1.389', '0.179', '0.080', '0.91239', '-0.40932', '0.00018', '0.40932',
    '0.91239', '-0.00035', '-0.00002', '0.00039', '1.00000']
  '005.4000': ['1.399', '0.184', '0.080', '0.90698', '-0.42117', '0.00019', '0.42117',
    '0.90698', '-0.00035', '-0.00003', '0.00040', '1.00000']
  '005.4667': ['1.409', '0.188', '0.080', '0.90127', '-0.43326', '0.00017', '0.43326',
    '0.90127', '-0.00033', '-0.00001', '0.00038', '1.00000']
  '005.5333': ['1.420', '0.194', '0.080', '0.89416', '-0.44775', '0.00017', '0.44775',
    '0.89416', '-0.00035', '0.00001', '0.00039', '1.00000']
  '005.6000': ['1.429', '0.200', '0.080', '0.88457', '-0.46641', '0.00017', '0.46641',
    '0.88457', '-0.00035', '0.00001', '0.00039', '1.00000']
  '005.6667': ['1.439', '0.205', '0.080', '0.87557', '-0.48309', '0.00019', '0.48309',
    '0.87557', '-0.00034', '-0.00000', '0.00039', '1.00000']
  '005.7333': ['1.450', '0.211', '0.080', '0.86365', '-0.50410', '0.00020', '0.50410',
    '0.86365', '-0.00035', '0.00000', '0.00040', '1.00000']
  '005.8000': ['1.460', '0.218', '0.080', '0.85179', '-0.52389', '0.00021', '0.52389',
    '0.85179', '-0.00034', '0.00000', '0.00040', '1.00000']
  '005.8667': ['1.470', '0.225', '0.080', '0.84073', '-0.54146', '0.00022', '0.54146',
    '0.84073', '-0.00034', '0.00000', '0.00040', '1.00000']
  '005.9333': ['1.479', '0.232', '0.080', '0.82822', '-0.56041', '0.00022', '0.56041',
    '0.82822', '-0.00033', '0.00000', '0.00039', '1.00000']
  '006.0000': ['1.489', '0.239', '0.080', '0.81160', '-0.58421', '0.00021', '0.58421',
    '0.81160', '-0.00032', '0.00002', '0.00038', '1.00000']
  '006.0667': ['1.498', '0.247', '0.080', '0.79186', '-0.61070', '0.00021', '0.61070',
    '0.79186', '-0.00031', '0.00002', '0.00038', '1.00000']
  '006.1333': ['1.507', '0.254', '0.080', '0.77053', '-0.63740', '0.00021', '0.63740',
    '0.77053', '-0.00031', '0.00003', '0.00037', '1.00000']
  '006.2000': ['1.510', '0.251', '0.080', '0.75487', '-0.65588', '-0.00032', '0.65587',
    '0.75487', '-0.00030', '0.00044', '0.00002', '1.00000']
  '006.2667': ['1.520', '0.260', '0.080', '0.73639', '-0.67656', '-0.00032', '0.67656',
    '0.73639', '-0.00032', '0.00045', '0.00002', '1.00000']
  '006.3333': ['1.529', '0.269', '0.080', '0.71771', '-0.69634', '-0.00027', '0.69634',
    '0.71771', '-0.00030', '0.00040', '0.00003', '1.00000']
  '006.4000': ['1.537', '0.277', '0.080', '0.70509', '-0.70912', '-0.00029', '0.70912',
    '0.70509', '-0.00030', '0.00042', '0.00000', '1.00000']
  '006.4667': ['1.546', '0.287', '0.080', '0.69635', '-0.71770', '-0.00025', '0.71770',
    '0.69635', '-0.00033', '0.00041', '0.00005', '1.00000']
  '006.5333': ['1.553', '0.294', '0.080', '0.68676', '-0.72688', '-0.00024', '0.72688',
    '0.68676', '-0.00031', '0.00040', '0.00004', '1.00000']
  '006.6000': ['1.561', '0.303', '0.080', '0.67863', '-0.73448', '-0.00023', '0.73448',
    '0.67863', '-0.00033', '0.00040', '0.00005', '1.00000']
  '006.6667': ['1.570', '0.313', '0.080', '0.66667', '-0.74535', '-0.00025', '0.74535',
    '0.66667', '-0.00032', '0.00041', '0.00003', '1.00000']
  '006.7333': ['1.578', '0.321', '0.080', '0.64443', '-0.76467', '-0.00023', '0.76467',
    '0.64443', '-0.00030', '0.00037', '0.00002', '1.00000']
  '006.8000': ['1.586', '0.332', '0.080', '0.62256', '-0.78257', '-0.00020', '0.78257',
    '0.62256', '-0.00032', '0.00038', '0.00004', '1.00000']
  '006.8667': ['1.595', '0.342', '0.080', '0.59136', '-0.80641', '-0.00024', '0.80641',
    '0.59136', '-0.00028', '0.00037', '-0.00003', '1.00000']
  '006.9333': ['1.602', '0.354', '0.080', '0.56520', '-0.82495', '-0.00023', '0.82495',
    '0.56520', '-0.00030', '0.00037', '-0.00002', '1.00000']
  '007.0000': ['1.608', '0.364', '0.080', '0.53958', '-0.84194', '-0.00016', '0.84194',
    '0.53958', '-0.00027', '0.00032', '0.00001', '1.00000']
  '007.0667': ['1.616', '0.376', '0.080', '0.50429', '-0.86353', '-0.00019', '0.86353',
    '0.50429', '-0.00028', '0.00034', '-0.00002', '1.00000']
  '007.1333': ['1.621', '0.388', '0.080', '0.47509', '-0.87994', '-0.00018', '0.87994',
    '0.47509', '-0.00028', '0.00033', '-0.00002', '1.00000']
  '007.2000': ['1.628', '0.400', '0.080', '0.43871', '-0.89863', '-0.00018', '0.89863',
    '0.43871', '-0.00029', '0.00034', '-0.00003', '1.00000']
  '007.2667': ['1.632', '0.412', '0.080', '0.40392', '-0.91479', '-0.00010', '0.91479',
    '0.40392', '-0.00027', '0.00029', '0.00002', '1.00000']
  '007.3333': ['1.638', '0.424', '0.080', '0.36877', '-0.92952', '-0.00013', '0.92952',
    '0.36877', '-0.00025', '0.00028', '-0.00003', '1.00000']
  '007.4000': ['1.642', '0.437', '0.080', '0.34536', '-0.93847', '-0.00008', '0.93847',
    '0.34536', '-0.00025', '0.00026', '0.00001', '1.00000']
  '007.4667': ['1.647', '0.448', '0.080', '0.32279', '-0.94647', '-0.00010', '0.94647',
    '0.32279', '-0.00020', '0.00022', '-0.00003', '1.00000']
  '007.5333': ['1.650', '0.460', '0.080', '0.29332', '-0.95601', '-0.00010', '0.95601',
    '0.29332', '-0.00019', '0.00021', '-0.00004', '1.00000']
  '007.6000': ['1.653', '0.473', '0.080', '0.25475', '-0.96701', '-0.00008', '0.96701',
    '0.25475', '-0.00014', '0.00016', '-0.00004', '1.00000']
  '007.6667': ['1.656', '0.486', '0.080', '0.21855', '-0.97583', '-0.00002', '0.97583',
    '0.21855', '-0.00014', '0.00014', '0.00001', '1.00000']
  '007.7333': ['1.658', '0.499', '0.080', '0.17649', '-0.98430', '-0.00000', '0.98430',
    '0.17649', '-0.00012', '0.00011', '0.00002', '1.00000']
  '007.8000': ['1.659', '0.512', '0.080', '0.13558', '-0.99077', '0.00008', '0.99077',
    '0.13558', '-0.00007', '0.00006', '0.00009', '1.00000']
  '007.8667': ['1.658', '0.525', '0.080', '0.09946', '-0.99504', '0.00022', '0.99504',
    '0.09946', '-0.00001', '-0.00001', '0.00022', '1.00000']
  '007.9333': ['1.660', '0.539', '0.080', '0.06116', '-0.99813', '0.00012', '0.99813',
    '0.06116', '0.00001', '-0.00001', '0.00012', '1.00000']
  '008.0000': ['1.661', '0.554', '0.080', '0.01668', '-0.99986', '0.00009', '0.99986',
    '0.01668', '-0.00008', '0.00008', '0.00009', '1.00000']
  '008.0667': ['1.657', '0.566', '0.080', '-0.02102', '-0.99978', '0.00039', '0.99978',
    '-0.02102', '0.00012', '-0.00011', '0.00040', '1.00000']
  '008.1333': ['1.659', '0.580', '0.080', '-0.05055', '-0.99872', '0.00013', '0.99872',
    '-0.05055', '0.00005', '-0.00004', '0.00013', '1.00000']
  '008.2000': ['1.661', '0.591', '0.080', '-0.07000', '-0.99755', '0.00002', '0.99755',
    '-0.07000', '0.00029', '-0.00029', '0.00004', '1.00000']
  '008.2667': ['1.659', '0.606', '0.080', '-0.09070', '-0.99588', '0.00001', '0.99588',
    '-0.09070', '0.00012', '-0.00012', '0.00002', '1.00000']
  '008.3333': ['1.660', '0.619', '0.080', '-0.10377', '-0.99460', '-0.00007', '0.99460',
    '-0.10377', '0.00023', '-0.00024', '-0.00005', '1.00000']
  '008.4000': ['1.658', '0.632', '0.080', '-0.11484', '-0.99338', '0.00001', '0.99338',
    '-0.11484', '0.00021', '-0.00021', '0.00003', '1.00000']
  '008.4667': ['1.657', '0.644', '0.080', '-0.12454', '-0.99221', '-0.00004', '0.99221',
    '-0.12454', '0.00031', '-0.00031', '-0.00000', '1.00000']
  '008.5333': ['1.656', '0.658', '0.080', '-0.13835', '-0.99038', '-0.00008', '0.99038',
    '-0.13835', '0.00032', '-0.00033', '-0.00004', '1.00000']
  '008.6000': ['1.654', '0.671', '0.080', '-0.16558', '-0.98620', '-0.00007', '0.98620',
    '-0.16558', '0.00037', '-0.00038', '-0.00001', '1.00000']
  '008.6667': ['1.651', '0.685', '0.080', '-0.18737', '-0.98229', '-0.00008', '0.98229',
    '-0.18737', '0.00043', '-0.00044', '0.00000', '1.00000']
  '008.7333': ['1.649', '0.700', '0.080', '-0.21035', '-0.97763', '-0.00013', '0.97763',
    '-0.21035', '0.00044', '-0.00045', '-0.00004', '1.00000']
  '008.8000': ['1.646', '0.714', '0.080', '-0.23172', '-0.97278', '-0.00018', '0.97278',
    '-0.23172', '0.00043', '-0.00046', '-0.00007', '1.00000']
  '008.8667': ['1.642', '0.728', '0.080', '-0.25756', '-0.96626', '-0.00018', '0.96626',
    '-0.25756', '0.00043', '-0.00046', '-0.00007', '1.00000']
  '008.9333': ['1.638', '0.742', '0.080', '-0.27446', '-0.96160', '-0.00016', '0.96160',
    '-0.27446', '0.00042', '-0.00045', '-0.00004', '1.00000']
  '009.0000': ['1.634', '0.755', '0.080', '-0.28869', '-0.95742', '-0.00016', '0.95742',
    '-0.28869', '0.00044', '-0.00047', '-0.00002', '1.00000']
  '009.0667': ['1.630', '0.770', '0.080', '-0.30477', '-0.95243', '-0.00018', '0.95243',
    '-0.30477', '0.00044', '-0.00047', '-0.00004', '1.00000']
  '009.1333': ['1.627', '0.783', '0.080', '-0.31956', '-0.94757', '-0.00021', '0.94757',
    '-0.31956', '0.00047', '-0.00052', '-0.00005', '1.00000']
  '009.2000': ['1.622', '0.797', '0.080', '-0.32792', '-0.94471', '-0.00020', '0.94471',
    '-0.32792', '0.00045', '-0.00049', '-0.00004', '1.00000']
  '009.2667': ['1.617', '0.810', '0.080', '-0.33268', '-0.94304', '-0.00019', '0.94304',
    '-0.33268', '0.00047', '-0.00050', '-0.00002', '1.00000']
  '009.3333': ['1.613', '0.822', '0.080', '-0.33883', '-0.94085', '-0.00017', '0.94085',
    '-0.33883', '0.00049', '-0.00052', '0.00001', '1.00000']
  '009.4000': ['1.609', '0.834', '0.080', '-0.34218', '-0.93963', '-0.00022', '0.93963',
    '-0.34218', '0.00047', '-0.00052', '-0.00005', '1.00000']
  '009.4667': ['1.604', '0.846', '0.080', '-0.35358', '-0.93541', '-0.00022', '0.93541',
    '-0.35358', '0.00050', '-0.00055', '-0.00003', '1.00000']
  '009.5333': ['1.599', '0.859', '0.080', '-0.37158', '-0.92840', '-0.00024', '0.92840',
    '-0.37158', '0.00050', '-0.00056', '-0.00003', '1.00000']
  '009.6000': ['1.594', '0.870', '0.080', '-0.39493', '-0.91871', '-0.00022', '0.91871',
    '-0.39493', '0.00051', '-0.00055', '0.00000', '1.00000']
  '009.6667': ['1.589', '0.884', '0.080', '-0.41512', '-0.90977', '-0.00025', '0.90977',
    '-0.41512', '0.00050', '-0.00055', '-0.00002', '1.00000']
  '009.7333': ['1.583', '0.896', '0.080', '-0.43084', '-0.90243', '-0.00026', '0.90243',
    '-0.43084', '0.00051', '-0.00058', '-0.00001', '1.00000']
  '009.8000': ['1.577', '0.910', '0.080', '-0.45650', '-0.88972', '-0.00026', '0.88972',
    '-0.45650', '0.00048', '-0.00054', '-0.00002', '1.00000']
  '009.8667': ['1.572', '0.921', '0.080', '-0.48079', '-0.87684', '-0.00037', '0.87684',
    '-0.48079', '0.00042', '-0.00055', '-0.00013', '1.00000']
  '009.9333': ['1.567', '0.931', '0.080', '-0.51137', '-0.85936', '-0.00044', '0.85936',
    '-0.51137', '0.00039', '-0.00056', '-0.00018', '1.00000']
  '010.0000': ['1.559', '0.943', '0.080', '-0.54231', '-0.84018', '-0.00042', '0.84018',
    '-0.54231', '0.00037', '-0.00053', '-0.00015', '1.00000']
  '010.0667': ['1.552', '0.955', '0.080', '-0.57231', '-0.82004', '-0.00039', '0.82004',
    '-0.57231', '0.00036', '-0.00051', '-0.00011', '1.00000']
  '010.1333': ['1.544', '0.965', '0.080', '-0.60514', '-0.79612', '-0.00040', '0.79612',
    '-0.60514', '0.00037', '-0.00053', '-0.00009', '1.00000']
  '010.2000': ['1.536', '0.976', '0.080', '-0.63036', '-0.77630', '-0.00042', '0.77630',
    '-0.63036', '0.00033', '-0.00052', '-0.00011', '1.00000']
  '010.2667': ['1.528', '0.985', '0.080', '-0.65809', '-0.75294', '-0.00039', '0.75294',
    '-0.65809', '0.00035', '-0.00052', '-0.00007', '1.00000']
  '010.3333': ['1.520', '0.994', '0.080', '-0.68176', '-0.73157', '-0.00039', '0.73157',
    '-0.68176', '0.00036', '-0.00053', '-0.00004', '1.00000']
  '010.4000': ['1.510', '1.003', '0.080', '-0.70762', '-0.70659', '-0.00037', '0.70659',
    '-0.70762', '0.00035', '-0.00051', '-0.00001', '1.00000']
  '010.4667': ['1.502', '1.009', '0.080', '-0.73469', '-0.67840', '-0.00032', '0.67840',
    '-0.73469', '0.00044', '-0.00054', '0.00010', '1.00000']
  '010.5333': ['1.493', '1.017', '0.080', '-0.76434', '-0.64481', '-0.00034', '0.64481',
    '-0.76434', '0.00045', '-0.00055', '0.00012', '1.00000']
  '010.6000': ['1.484', '1.023', '0.080', '-0.78983', '-0.61333', '-0.00038', '0.61333',
    '-0.78983', '0.00046', '-0.00058', '0.00013', '1.00000']
  '010.6667': ['1.472', '1.033', '0.080', '-0.81703', '-0.57660', '-0.00042', '0.57660',
    '-0.81703', '0.00042', '-0.00058', '0.00010', '1.00000']
  '010.7333': ['1.462', '1.040', '0.080', '-0.83224', '-0.55442', '-0.00045', '0.55442',
    '-0.83224', '0.00041', '-0.00060', '0.00009', '1.00000']
  '010.8000': ['1.449', '1.050', '0.080', '-0.84945', '-0.52768', '-0.00047', '0.52768',
    '-0.84945', '0.00035', '-0.00058', '0.00005', '1.00000']
  '010.8667': ['1.437', '1.058', '0.080', '-0.87006', '-0.49295', '-0.00051', '0.49295',
    '-0.87006', '0.00028', '-0.00058', '-0.00000', '1.00000']
  '010.9333': ['1.426', '1.064', '0.080', '-0.88723', '-0.46132', '-0.00058', '0.46132',
    '-0.88724', '0.00031', '-0.00066', '0.00001', '1.00000']
  '011.0000': ['1.414', '1.070', '0.080', '-0.91119', '-0.41198', '-0.00052', '0.41198',
    '-0.91119', '0.00030', '-0.00060', '0.00006', '1.00000']
  '011.0667': ['1.426', '1.049', '0.080', '-0.92289', '-0.38506', '0.00016', '0.38506',
    '-0.92289', '0.00017', '0.00008', '0.00022', '1.00000']
  '011.1333': ['1.412', '1.055', '0.080', '-0.93953', '-0.34246', '0.00016', '0.34246',
    '-0.93953', '0.00015', '0.00010', '0.00019', '1.00000']
  '011.2000': ['1.397', '1.062', '0.080', '-0.95187', '-0.30651', '0.00016', '0.30651',
    '-0.95187', '0.00013', '0.00011', '0.00017', '1.00000']
  '011.2667': ['1.387', '1.063', '0.080', '-0.96258', '-0.27099', '0.00012', '0.27099',
    '-0.96258', '0.00015', '0.00007', '0.00017', '1.00000']
  '011.3333': ['1.375', '1.066', '0.080', '-0.97038', '-0.24160', '0.00011', '0.24160',
    '-0.97038', '0.00017', '0.00007', '0.00019', '1.00000']
  '011.4000': ['1.362', '1.069', '0.080', '-0.97951', '-0.20139', '0.00012', '0.20139',
    '-0.97951', '0.00015', '0.00009', '0.00017', '1.00000']
  '011.4667': ['1.348', '1.073', '0.080', '-0.98640', '-0.16437', '0.00008', '0.16437',
    '-0.98640', '0.00015', '0.00005', '0.00016', '1.00000']
  '011.5333': ['1.335', '1.073', '0.080', '-0.99213', '-0.12518', '0.00007', '0.12518',
    '-0.99213', '0.00017', '0.00005', '0.00017', '1.00000']
  '011.6000': ['1.321', '1.075', '0.080', '-0.99663', '-0.08208', '0.00006', '0.08208',
    '-0.99663', '0.00015', '0.00004', '0.00015', '1.00000']
  '011.6667': ['1.306', '1.075', '0.080', '-0.99952', '-0.03098', '0.00005', '0.03098',
    '-0.99952', '0.00014', '0.00005', '0.00014', '1.00000']
  '011.7333': ['1.289', '1.076', '0.080', '-0.99997', '0.00814', '0.00005', '-0.00814',
    '-0.99997', '0.00014', '0.00005', '0.00014', '1.00000']
  '011.8000': ['1.273', '1.076', '0.080', '-0.99863', '0.05234', '0.00006', '-0.05234',
    '-0.99863', '0.00014', '0.00006', '0.00014', '1.00000']
  '011.8667': ['1.257', '1.075', '0.080', '-0.99681', '0.07987', '0.00004', '-0.07987',
    '-0.99681', '0.00013', '0.00005', '0.00013', '1.00000']
  '011.9333': ['1.242', '1.073', '0.080', '-0.99508', '0.09903', '0.00003', '-0.09903',
    '-0.99508', '0.00016', '0.00004', '0.00015', '1.00000']
  '012.0000': ['1.228', '1.069', '0.080', '-0.99362', '0.11279', '-0.00001', '-0.11279',
    '-0.99362', '0.00018', '0.00001', '0.00018', '1.00000']
  '012.0667': ['1.238', '1.047', '0.080', '-0.99553', '0.09445', '0.00057', '-0.09445',
    '-0.99553', '0.00011', '0.00058', '0.00006', '1.00000']
  '012.1333': ['1.223', '1.046', '0.080', '-0.99495', '0.10042', '0.00057', '-0.10042',
    '-0.99495', '0.00012', '0.00058', '0.00006', '1.00000']
  '012.2000': ['1.208', '1.044', '0.080', '-0.99452', '0.10454', '0.00057', '-0.10454',
    '-0.99452', '0.00011', '0.00057', '0.00005', '1.00000']
  '012.3333': ['1.126', '1.081', '0.080', '-0.97370', '0.22784', '-0.00054', '-0.22784',
    '-0.97370', '0.00040', '-0.00043', '0.00051', '1.00000']
  '012.6667': ['1.064', '1.063', '0.080', '-0.99430', '0.10663', '-0.00056', '-0.10663',
    '-0.99430', '0.00025', '-0.00053', '0.00031', '1.00000']
  '012.7333': ['1.050', '1.062', '0.080', '-0.99551', '0.09467', '-0.00059', '-0.09467',
    '-0.99551', '0.00023', '-0.00056', '0.00029', '1.00000']
  '012.8000': ['1.034', '1.062', '0.080', '-0.99594', '0.09001', '-0.00058', '-0.09001',
    '-0.99594', '0.00022', '-0.00056', '0.00027', '1.00000']
  '012.8667': ['1.016', '1.064', '0.080', '-0.99562', '0.09347', '-0.00050', '-0.09347',
    '-0.99562', '0.00020', '-0.00048', '0.00025', '1.00000']
  '014.2000': ['0.784', '1.042', '0.080', '-0.99023', '0.13943', '0.00017', '-0.13943',
    '-0.99023', '0.00059', '0.00025', '0.00057', '1.00000']
  '014.2667': ['0.769', '1.041', '0.080', '-0.99057', '0.13699', '0.00016', '-0.13699',
    '-0.99057', '0.00058', '0.00024', '0.00055', '1.00000']
  '014.3333': ['0.755', '1.039', '0.080', '-0.99191', '0.12694', '0.00017', '-0.12694',
    '-0.99191', '0.00058', '0.00024', '0.00055', '1.00000']
  '014.4000': ['0.745', '1.037', '0.080', '-0.99243', '0.12278', '0.00016', '-0.12278',
    '-0.99243', '0.00059', '0.00023', '0.00057', '1.00000']
  '014.4667': ['0.733', '1.036', '0.080', '-0.99306', '0.11761', '0.00016', '-0.11761',
    '-0.99306', '0.00061', '0.00023', '0.00059', '1.00000']
  '014.5333': ['0.717', '1.034', '0.080', '-0.99357', '0.11318', '0.00015', '-0.11318',
    '-0.99357', '0.00061', '0.00022', '0.00059', '1.00000']
  '014.6000': ['0.709', '1.034', '0.080', '-0.99426', '0.10698', '0.00016', '-0.10698',
    '-0.99426', '0.00060', '0.00022', '0.00058', '1.00000']
  '014.6667': ['0.692', '1.032', '0.080', '-0.99472', '0.10264', '0.00015', '-0.10264',
    '-0.99472', '0.00060', '0.00021', '0.00058', '1.00000']
  '014.7333': ['0.671', '1.030', '0.080', '-0.99484', '0.10142', '0.00014', '-0.10142',
    '-0.99484', '0.00059', '0.00020', '0.00058', '1.00000']
  '014.8000': ['0.660', '1.029', '0.080', '-0.99472', '0.10265', '0.00015', '-0.10265',
    '-0.99472', '0.00061', '0.00021', '0.00059', '1.00000']
  '014.8667': ['0.649', '1.028', '0.080', '-0.99501', '0.09977', '0.00014', '-0.09977',
    '-0.99501', '0.00059', '0.00019', '0.00058', '1.00000']
  '014.9333': ['0.635', '1.027', '0.080', '-0.99558', '0.09389', '0.00012', '-0.09389',
    '-0.99558', '0.00060', '0.00018', '0.00058', '1.00000']
  '015.0000': ['0.621', '1.025', '0.080', '-0.99645', '0.08414', '0.00012', '-0.08414',
    '-0.99645', '0.00063', '0.00017', '0.00061', '1.00000']
  '015.0667': ['0.606', '1.024', '0.080', '-0.99729', '0.07356', '0.00010', '-0.07356',
    '-0.99729', '0.00063', '0.00015', '0.00063', '1.00000']
  '015.1333': ['0.592', '1.023', '0.080', '-0.99766', '0.06840', '0.00008', '-0.06840',
    '-0.99766', '0.00063', '0.00012', '0.00063', '1.00000']
  '015.2000': ['0.578', '1.022', '0.080', '-0.99773', '0.06731', '0.00006', '-0.06731',
    '-0.99773', '0.00065', '0.00011', '0.00064', '1.00000']
  '015.2667': ['0.561', '1.020', '0.080', '-0.99746', '0.07122', '0.00005', '-0.07122',
    '-0.99746', '0.00066', '0.00010', '0.00065', '1.00000']
  '015.3333': ['0.546', '1.019', '0.080', '-0.99652', '0.08338', '0.00005', '-0.08338',
    '-0.99652', '0.00066', '0.00011', '0.00065', '1.00000']
  '015.4000': ['0.533', '1.019', '0.080', '-0.99549', '0.09490', '0.00003', '-0.09490',
    '-0.99549', '0.00066', '0.00009', '0.00065', '1.00000']
  '015.4667': ['0.514', '1.016', '0.080', '-0.99424', '0.10715', '0.00002', '-0.10715',
    '-0.99424', '0.00068', '0.00009', '0.00067', '1.00000']
  '015.5333': ['0.495', '1.015', '0.080', '-0.99248', '0.12241', '0.00003', '-0.12241',
    '-0.99248', '0.00068', '0.00011', '0.00067', '1.00000']
  '015.6000': ['0.480', '1.013', '0.080', '-0.99044', '0.13793', '0.00002', '-0.13793',
    '-0.99044', '0.00065', '0.00011', '0.00065', '1.00000']
  '015.6667': ['0.469', '1.010', '0.080', '-0.98904', '0.14768', '0.00002', '-0.14768',
    '-0.98904', '0.00067', '0.00011', '0.00066', '1.00000']
  '015.7333': ['0.455', '1.009', '0.080', '-0.98548', '0.16981', '0.00000', '-0.16981',
    '-0.98548', '0.00065', '0.00011', '0.00065', '1.00000']
  '015.8000': ['0.441', '1.006', '0.080', '-0.98167', '0.19061', '-0.00001', '-0.19061',
    '-0.98167', '0.00065', '0.00011', '0.00064', '1.00000']
  '015.8667': ['0.426', '1.002', '0.080', '-0.97968', '0.20058', '-0.00003', '-0.20058',
    '-0.97968', '0.00067', '0.00010', '0.00067', '1.00000']
  '015.9333': ['0.412', '0.999', '0.080', '-0.97736', '0.21160', '-0.00006', '-0.21160',
    '-0.97736', '0.00068', '0.00009', '0.00067', '1.00000']
  '016.0000': ['0.400', '0.997', '0.080', '-0.97510', '0.22178', '-0.00007', '-0.22178',
    '-0.97510', '0.00067', '0.00008', '0.00067', '1.00000']
  '016.0667': ['0.392', '0.995', '0.080', '-0.97313', '0.23027', '-0.00009', '-0.23027',
    '-0.97313', '0.00068', '0.00007', '0.00068', '1.00000']
  '016.1333': ['0.378', '0.991', '0.080', '-0.97025', '0.24212', '-0.00009', '-0.24212',
    '-0.97025', '0.00070', '0.00008', '0.00070', '1.00000']
  '016.2000': ['0.360', '0.987', '0.080', '-0.96695', '0.25496', '-0.00013', '-0.25496',
    '-0.96695', '0.00068', '0.00005', '0.00069', '1.00000']
  '016.2667': ['0.344', '0.982', '0.080', '-0.95669', '0.29112', '-0.00014', '-0.29112',
    '-0.95669', '0.00068', '0.00007', '0.00069', '1.00000']
  '016.3333': ['0.329', '0.977', '0.080', '-0.94367', '0.33089', '-0.00015', '-0.33089',
    '-0.94367', '0.00069', '0.00009', '0.00070', '1.00000']
  '016.4000': ['0.320', '0.973', '0.080', '-0.93148', '0.36379', '-0.00017', '-0.36379',
    '-0.93148', '0.00070', '0.00010', '0.00072', '1.00000']
  '016.4667': ['0.305', '0.966', '0.080', '-0.90382', '0.42790', '-0.00019', '-0.42790',
    '-0.90382', '0.00068', '0.00012', '0.00070', '1.00000']
  '016.5333': ['0.291', '0.959', '0.080', '-0.87352', '0.48679', '-0.00021', '-0.48679',
    '-0.87352', '0.00064', '0.00013', '0.00066', '1.00000']
  '016.6000': ['0.281', '0.952', '0.080', '-0.84843', '0.52931', '-0.00023', '-0.52931',
    '-0.84843', '0.00064', '0.00015', '0.00067', '1.00000']
  '016.6667': ['0.270', '0.945', '0.080', '-0.81889', '0.57395', '-0.00023', '-0.57395',
    '-0.81889', '0.00063', '0.00017', '0.00064', '1.00000']
  '016.7333': ['0.256', '0.933', '0.080', '-0.77551', '0.63134', '-0.00025', '-0.63134',
    '-0.77551', '0.00062', '0.00020', '0.00064', '1.00000']
  '016.8000': ['0.245', '0.923', '0.080', '-0.74141', '0.67105', '-0.00028', '-0.67105',
    '-0.74141', '0.00061', '0.00020', '0.00064', '1.00000']
  '016.8667': ['0.236', '0.915', '0.080', '-0.71338', '0.70078', '-0.00029', '-0.70078',
    '-0.71338', '0.00058', '0.00020', '0.00062', '1.00000']
  '016.9333': ['0.229', '0.907', '0.080', '-0.69046', '0.72337', '-0.00032', '-0.72337',
    '-0.69046', '0.00057', '0.00019', '0.00063', '1.00000']
  '017.0000': ['0.220', '0.898', '0.080', '-0.66591', '0.74603', '-0.00034', '-0.74603',
    '-0.66591', '0.00056', '0.00019', '0.00062', '1.00000']
  '017.0667': ['0.211', '0.888', '0.080', '-0.63952', '0.76878', '-0.00035', '-0.76878',
    '-0.63952', '0.00054', '0.00019', '0.00061', '1.00000']
  '021.7333': ['0.385', '0.131', '0.080', '0.97903', '0.20373', '0.00006', '-0.20373',
    '0.97903', '0.00022', '-0.00001', '-0.00023', '1.00000']
  '021.8000': ['0.412', '0.124', '0.080', '0.98640', '0.16436', '0.00013', '-0.16436',
    '0.98640', '0.00031', '-0.00007', '-0.00032', '1.00000']
  '021.8666': ['0.439', '0.117', '0.080', '0.99153', '0.12986', '0.00018', '-0.12986',
    '0.99153', '0.00044', '-0.00012', '-0.00046', '1.00000']
  '021.9333': ['0.459', '0.113', '0.080', '0.99488', '0.10108', '0.00022', '-0.10108',
    '0.99488', '0.00050', '-0.00017', '-0.00052', '1.00000']
  '022.0000': ['0.480', '0.109', '0.080', '0.99714', '0.07552', '0.00024', '-0.07552',
    '0.99714', '0.00055', '-0.00020', '-0.00057', '1.00000']
  '022.0666': ['0.496', '0.107', '0.080', '0.99895', '0.04585', '0.00030', '-0.04585',
    '0.99895', '0.00055', '-0.00027', '-0.00057', '1.00000']
  '022.1333': ['0.510', '0.106', '0.080', '0.99970', '0.02444', '0.00031', '-0.02444',
    '0.99970', '0.00054', '-0.00029', '-0.00055', '1.00000']
  '022.2000': ['0.526', '0.105', '0.080', '0.99999', '0.00322', '0.00032', '-0.00322',
    '0.99999', '0.00056', '-0.00032', '-0.00056', '1.00000']
  '022.2666': ['0.538', '0.105', '0.080', '0.99998', '-0.00590', '0.00036', '0.00590',
    '0.99998', '0.00052', '-0.00036', '-0.00052', '1.00000']
  '022.3333': ['0.549', '0.106', '0.080', '0.99984', '-0.01807', '0.00037', '0.01807',
    '0.99984', '0.00048', '-0.00038', '-0.00047', '1.00000']
  '022.4000': ['0.560', '0.107', '0.080', '0.99958', '-0.02902', '0.00037', '0.02902',
    '0.99958', '0.00045', '-0.00039', '-0.00044', '1.00000']
  '022.4666': ['0.572', '0.108', '0.080', '0.99923', '-0.03914', '0.00036', '0.03914',
    '0.99923', '0.00040', '-0.00037', '-0.00039', '1.00000']
  '022.5333': ['0.580', '0.110', '0.080', '0.99872', '-0.05056', '0.00038', '0.05056',
    '0.99872', '0.00033', '-0.00040', '-0.00031', '1.00000']
  '022.6000': ['0.591', '0.112', '0.080', '0.99842', '-0.05622', '0.00039', '0.05622',
    '0.99842', '0.00025', '-0.00041', '-0.00023', '1.00000']
  '022.6666': ['0.603', '0.114', '0.080', '0.99769', '-0.06786', '0.00041', '0.06786',
    '0.99769', '0.00020', '-0.00042', '-0.00017', '1.00000']
  '022.7333': ['0.612', '0.116', '0.080', '0.99703', '-0.07696', '0.00042', '0.07696',
    '0.99703', '0.00010', '-0.00043', '-0.00007', '1.00000']
  '022.8000': ['0.625', '0.118', '0.080', '0.99669', '-0.08125', '0.00038', '0.08125',
    '0.99669', '0.00005', '-0.00038', '-0.00002', '1.00000']
  '022.8666': ['0.636', '0.119', '0.080', '0.99647', '-0.08391', '0.00041', '0.08391',
    '0.99647', '0.00001', '-0.00041', '0.00002', '1.00000']
  '022.9333': ['0.649', '0.121', '0.080', '0.99691', '-0.07850', '0.00039', '0.07850',
    '0.99691', '-0.00007', '-0.00038', '0.00010', '1.00000']
  '023.0000': ['0.661', '0.123', '0.080', '0.99658', '-0.08259', '0.00037', '0.08259',
    '0.99658', '-0.00011', '-0.00036', '0.00014', '1.00000']
  '023.0666': ['0.675', '0.124', '0.080', '0.99674', '-0.08071', '0.00037', '0.08071',
    '0.99674', '-0.00015', '-0.00036', '0.00018', '1.00000']
  '023.1333': ['0.688', '0.126', '0.080', '0.99701', '-0.07722', '0.00036', '0.07722',
    '0.99701', '-0.00024', '-0.00034', '0.00027', '1.00000']
  '023.2000': ['0.703', '0.126', '0.080', '0.99663', '-0.08197', '0.00038', '0.08197',
    '0.99663', '-0.00022', '-0.00036', '0.00025', '1.00000']
  '023.2666': ['0.714', '0.128', '0.080', '0.99700', '-0.07734', '0.00041', '0.07734',
    '0.99700', '-0.00032', '-0.00038', '0.00035', '1.00000']
  '023.3333': ['0.728', '0.129', '0.080', '0.99693', '-0.07831', '0.00042', '0.07831',
    '0.99693', '-0.00035', '-0.00039', '0.00038', '1.00000']
  '023.4000': ['0.740', '0.130', '0.080', '0.99707', '-0.07644', '0.00045', '0.07644',
    '0.99707', '-0.00040', '-0.00041', '0.00043', '1.00000']
  '023.4666': ['0.752', '0.130', '0.080', '0.99712', '-0.07582', '0.00051', '0.07582',
    '0.99712', '-0.00040', '-0.00048', '0.00044', '1.00000']
  '023.5333': ['0.767', '0.131', '0.080', '0.99773', '-0.06740', '0.00050', '0.06740',
    '0.99773', '-0.00048', '-0.00046', '0.00051', '1.00000']
  '023.6000': ['0.781', '0.130', '0.080', '0.99749', '-0.07080', '0.00049', '0.07080',
    '0.99749', '-0.00045', '-0.00046', '0.00049', '1.00000']
  '023.6666': ['0.794', '0.131', '0.080', '0.99769', '-0.06797', '0.00051', '0.06797',
    '0.99769', '-0.00048', '-0.00047', '0.00051', '1.00000']
  '023.7333': ['0.806', '0.131', '0.080', '0.99778', '-0.06665', '0.00059', '0.06665',
    '0.99778', '-0.00051', '-0.00056', '0.00055', '1.00000']
  '023.8000': ['0.821', '0.132', '0.080', '0.99754', '-0.07013', '0.00058', '0.07013',
    '0.99754', '-0.00052', '-0.00054', '0.00056', '1.00000']
  '023.8666': ['0.835', '0.131', '0.080', '0.99701', '-0.07724', '0.00061', '0.07724',
    '0.99701', '-0.00052', '-0.00057', '0.00057', '1.00000']
  '023.9333': ['0.848', '0.132', '0.080', '0.99650', '-0.08360', '0.00065', '0.08360',
    '0.99650', '-0.00054', '-0.00060', '0.00059', '1.00000']
  '024.0000': ['0.864', '0.131', '0.080', '0.99638', '-0.08497', '0.00067', '0.08497',
    '0.99638', '-0.00049', '-0.00062', '0.00054', '1.00000']
  '024.0666': ['0.878', '0.130', '0.080', '0.99567', '-0.09291', '0.00070', '0.09291',
    '0.99567', '-0.00045', '-0.00066', '0.00052', '1.00000']
  '024.1333': ['0.892', '0.130', '0.080', '0.99512', '-0.09872', '0.00071', '0.09872',
    '0.99512', '-0.00043', '-0.00066', '0.00049', '1.00000']
  '024.2000': ['0.906', '0.131', '0.080', '0.99448', '-0.10494', '0.00074', '0.10494',
    '0.99448', '-0.00047', '-0.00068', '0.00055', '1.00000']
