begin_time_stamp: 1588332362.5999973
data_header:
  time_stamp: [x, y, z, R11, R12, R13, R21, R22, R23, R31, R32, R33]
trajectory_data:
  '000.0000': ['0.523', '0.234', '0.080', '0.89317', '0.44971', '0.00025', '-0.44971',
    '0.89317', '-0.00045', '-0.00042', '0.00029', '1.00000']
  '000.0667': ['0.529', '0.230', '0.080', '0.88854', '0.45879', '0.00025', '-0.45879',
    '0.88854', '-0.00043', '-0.00042', '0.00027', '1.00000']
  '000.1333': ['0.541', '0.224', '0.080', '0.88313', '0.46913', '0.00025', '-0.46913',
    '0.88313', '-0.00041', '-0.00042', '0.00025', '1.00000']
  '000.2000': ['0.552', '0.219', '0.080', '0.88128', '0.47259', '0.00025', '-0.47259',
    '0.88128', '-0.00040', '-0.00040', '0.00023', '1.00000']
  '000.2667': ['0.563', '0.213', '0.080', '0.88052', '0.47402', '0.00024', '-0.47402',
    '0.88052', '-0.00039', '-0.00040', '0.00023', '1.00000']
  '000.3333': ['0.571', '0.209', '0.080', '0.87868', '0.47741', '0.00026', '-0.47741',
    '0.87868', '-0.00038', '-0.00041', '0.00021', '1.00000']
  '000.4000': ['0.580', '0.204', '0.080', '0.87667', '0.48110', '0.00027', '-0.48110',
    '0.87667', '-0.00039', '-0.00043', '0.00021', '1.00000']
  '000.4667': ['0.590', '0.200', '0.080', '0.87695', '0.48058', '0.00026', '-0.48058',
    '0.87695', '-0.00041', '-0.00042', '0.00023', '1.00000']
  '000.5333': ['0.597', '0.196', '0.080', '0.87802', '0.47863', '0.00025', '-0.47863',
    '0.87802', '-0.00041', '-0.00042', '0.00024', '1.00000']
  '000.6000': ['0.608', '0.189', '0.080', '0.87816', '0.47837', '0.00025', '-0.47837',
    '0.87816', '-0.00041', '-0.00042', '0.00024', '1.00000']
  '000.6667': ['0.620', '0.181', '0.080', '0.88438', '0.46676', '0.00025', '-0.46676',
    '0.88438', '-0.00041', '-0.00041', '0.00024', '1.00000']
  '000.7333': ['0.625', '0.179', '0.080', '0.88806', '0.45973', '0.00026', '-0.45973',
    '0.88806', '-0.00042', '-0.00043', '0.00025', '1.00000']
  '000.8000': ['0.632', '0.176', '0.080', '0.89415', '0.44777', '0.00027', '-0.44777',
    '0.89415', '-0.00041', '-0.00043', '0.00025', '1.00000']
  '000.8667': ['0.644', '0.170', '0.080', '0.90289', '0.42986', '0.00027', '-0.42986',
    '0.90289', '-0.00039', '-0.00041', '0.00023', '1.00000']
  '000.9333': ['0.653', '0.165', '0.080', '0.91009', '0.41442', '0.00027', '-0.41442',
    '0.91009', '-0.00036', '-0.00039', '0.00021', '1.00000']
  '001.0000': ['0.662', '0.161', '0.080', '0.91813', '0.39629', '0.00029', '-0.39629',
    '0.91813', '-0.00036', '-0.00041', '0.00021', '1.00000']
  '001.0667': ['0.677', '0.154', '0.080', '0.93015', '0.36719', '0.00029', '-0.36719',
    '0.93015', '-0.00035', '-0.00039', '0.00022', '1.00000']
  '001.1333': ['0.691', '0.149', '0.080', '0.94249', '0.33423', '0.00028', '-0.33423',
    '0.94249', '-0.00034', '-0.00038', '0.00023', '1.00000']
  '001.2000': ['0.702', '0.146', '0.080', '0.95114', '0.30875', '0.00028', '-0.30875',
    '0.95114', '-0.00034', '-0.00037', '0.00024', '1.00000']
  '001.2667': ['0.714', '0.142', '0.080', '0.95640', '0.29208', '0.00028', '-0.29208',
    '0.95640', '-0.00032', '-0.00036', '0.00022', '1.00000']
  '001.3333': ['0.727', '0.138', '0.080', '0.96154', '0.27467', '0.00028', '-0.27467',
    '0.96154', '-0.00028', '-0.00034', '0.00020', '1.00000']
  '001.4000': ['0.737', '0.135', '0.080', '0.96577', '0.25940', '0.00028', '-0.25940',
    '0.96577', '-0.00026', '-0.00034', '0.00018', '1.00000']
  '001.4667': ['0.741', '0.134', '0.080', '0.96841', '0.24935', '0.00028', '-0.24935',
    '0.96841', '-0.00026', '-0.00034', '0.00018', '1.00000']
  '001.5333': ['0.750', '0.131', '0.080', '0.97150', '0.23703', '0.00027', '-0.23703',
    '0.97150', '-0.00026', '-0.00033', '0.00019', '1.00000']
  '001.6000': ['0.759', '0.129', '0.080', '0.97443', '0.22468', '0.00026', '-0.22468',
    '0.97443', '-0.00026', '-0.00032', '0.00020', '1.00000']
  '004.3333': ['1.198', '0.098', '0.080', '0.98867', '-0.15007', '-0.00042', '0.15007',
    '0.98867', '-0.00012', '0.00044', '0.00005', '1.00000']
  '004.4000': ['1.209', '0.101', '0.080', '0.98988', '-0.14189', '-0.00030', '0.14189',
    '0.98988', '-0.00014', '0.00032', '0.00010', '1.00000']
  '004.4667': ['1.220', '0.100', '0.080', '0.98542', '-0.17011', '-0.00034', '0.17011',
    '0.98542', '-0.00012', '0.00035', '0.00007', '1.00000']
  '004.5333': ['1.235', '0.105', '0.080', '0.98062', '-0.19593', '-0.00036', '0.19593',
    '0.98062', '-0.00015', '0.00038', '0.00008', '1.00000']
  '004.6000': ['1.247', '0.108', '0.080', '0.97821', '-0.20764', '-0.00043', '0.20764',
    '0.97821', '-0.00016', '0.00045', '0.00007', '1.00000']
  '004.6667': ['1.259', '0.111', '0.080', '0.97145', '-0.23723', '-0.00053', '0.23723',
    '0.97145', '-0.00017', '0.00055', '0.00004', '1.00000']
  '004.7333': ['1.269', '0.113', '0.080', '0.97118', '-0.23835', '-0.00046', '0.23835',
    '0.97118', '-0.00015', '0.00049', '0.00004', '1.00000']
  '004.8000': ['1.280', '0.115', '0.080', '0.96402', '-0.26582', '-0.00055', '0.26582',
    '0.96402', '-0.00014', '0.00056', '-0.00001', '1.00000']
  '004.8667': ['1.288', '0.118', '0.080', '0.96404', '-0.26576', '-0.00044', '0.26576',
    '0.96404', '-0.00013', '0.00046', '0.00000', '1.00000']
  '004.9333': ['1.300', '0.122', '0.080', '0.95486', '-0.29706', '-0.00051', '0.29706',
    '0.95486', '-0.00019', '0.00055', '0.00003', '1.00000']
  '005.0000': ['1.311', '0.126', '0.080', '0.95118', '-0.30863', '-0.00045', '0.30863',
    '0.95118', '-0.00018', '0.00049', '0.00003', '1.00000']
  '005.0667': ['1.324', '0.133', '0.080', '0.94719', '-0.32068', '-0.00043', '0.32068',
    '0.94719', '-0.00023', '0.00048', '0.00008', '1.00000']
  '005.1333': ['1.332', '0.133', '0.080', '0.93231', '-0.36167', '-0.00049', '0.36167',
    '0.93231', '-0.00021', '0.00053', '0.00002', '1.00000']
  '005.2000': ['1.339', '0.135', '0.080', '0.92460', '-0.38095', '-0.00044', '0.38095',
    '0.92460', '-0.00020', '0.00049', '0.00002', '1.00000']
  '005.2667': ['1.351', '0.140', '0.080', '0.91565', '-0.40197', '-0.00046', '0.40197',
    '0.91565', '-0.00023', '0.00051', '0.00003', '1.00000']
  '005.3333': ['1.360', '0.145', '0.080', '0.91314', '-0.40764', '-0.00040', '0.40764',
    '0.91314', '-0.00023', '0.00045', '0.00004', '1.00000']
  '005.4000': ['1.369', '0.150', '0.080', '0.90458', '-0.42630', '-0.00040', '0.42630',
    '0.90458', '-0.00024', '0.00046', '0.00005', '1.00000']
  '005.4667': ['1.379', '0.154', '0.080', '0.89624', '-0.44358', '-0.00040', '0.44358',
    '0.89624', '-0.00025', '0.00046', '0.00004', '1.00000']
  '005.5333': ['1.390', '0.160', '0.080', '0.87900', '-0.47682', '-0.00043', '0.47682',
    '0.87900', '-0.00026', '0.00050', '0.00002', '1.00000']
  '005.6000': ['1.399', '0.166', '0.080', '0.86668', '-0.49887', '-0.00037', '0.49887',
    '0.86668', '-0.00023', '0.00044', '0.00001', '1.00000']
  '005.6667': ['1.408', '0.171', '0.080', '0.84962', '-0.52739', '-0.00037', '0.52739',
    '0.84962', '-0.00023', '0.00043', '0.00000', '1.00000']
  '005.7333': ['1.419', '0.179', '0.080', '0.83410', '-0.55162', '-0.00037', '0.55162',
    '0.83410', '-0.00026', '0.00045', '0.00001', '1.00000']
  '005.8000': ['1.428', '0.186', '0.080', '0.82128', '-0.57053', '-0.00037', '0.57053',
    '0.82128', '-0.00026', '0.00045', '0.00000', '1.00000']
  '005.8667': ['1.437', '0.192', '0.080', '0.80676', '-0.59088', '-0.00037', '0.59088',
    '0.80676', '-0.00026', '0.00045', '-0.00001', '1.00000']
  '005.9333': ['1.446', '0.199', '0.080', '0.79563', '-0.60578', '-0.00037', '0.60578',
    '0.79564', '-0.00026', '0.00045', '-0.00002', '1.00000']
  '006.0000': ['1.455', '0.206', '0.080', '0.78080', '-0.62478', '-0.00038', '0.62478',
    '0.78080', '-0.00026', '0.00046', '-0.00004', '1.00000']
  '006.0667': ['1.464', '0.215', '0.080', '0.76805', '-0.64039', '-0.00037', '0.64039',
    '0.76805', '-0.00028', '0.00046', '-0.00002', '1.00000']
  '006.1333': ['1.473', '0.222', '0.080', '0.75394', '-0.65694', '-0.00035', '0.65694',
    '0.75394', '-0.00027', '0.00045', '-0.00002', '1.00000']
  '006.2000': ['1.481', '0.229', '0.080', '0.74436', '-0.66778', '-0.00034', '0.66778',
    '0.74436', '-0.00027', '0.00043', '-0.00002', '1.00000']
  '006.2667': ['1.490', '0.238', '0.080', '0.73277', '-0.68048', '-0.00033', '0.68048',
    '0.73277', '-0.00030', '0.00045', '-0.00001', '1.00000']
  '006.3333': ['1.498', '0.245', '0.080', '0.72945', '-0.68403', '-0.00033', '0.68403',
    '0.72945', '-0.00029', '0.00044', '-0.00001', '1.00000']
  '006.4000': ['1.506', '0.252', '0.080', '0.72094', '-0.69300', '-0.00029', '0.69300',
    '0.72094', '-0.00030', '0.00042', '0.00002', '1.00000']
  '006.4667': ['1.514', '0.260', '0.080', '0.70988', '-0.70432', '-0.00029', '0.70432',
    '0.70988', '-0.00031', '0.00043', '0.00001', '1.00000']
  '006.5333': ['1.521', '0.268', '0.080', '0.70238', '-0.71180', '-0.00029', '0.71180',
    '0.70238', '-0.00032', '0.00043', '0.00002', '1.00000']
  '006.6000': ['1.529', '0.276', '0.080', '0.69081', '-0.72304', '-0.00026', '0.72304',
    '0.69081', '-0.00033', '0.00041', '0.00004', '1.00000']
  '006.6667': ['1.537', '0.284', '0.080', '0.67974', '-0.73345', '-0.00028', '0.73345',
    '0.67974', '-0.00031', '0.00041', '0.00001', '1.00000']
  '006.7333': ['1.545', '0.293', '0.080', '0.66883', '-0.74342', '-0.00023', '0.74342',
    '0.66883', '-0.00033', '0.00040', '0.00005', '1.00000']
  '006.8000': ['1.553', '0.302', '0.080', '0.65284', '-0.75750', '-0.00022', '0.75750',
    '0.65284', '-0.00033', '0.00039', '0.00004', '1.00000']
  '006.8667': ['1.560', '0.311', '0.080', '0.63958', '-0.76872', '-0.00024', '0.76872',
    '0.63958', '-0.00032', '0.00040', '0.00002', '1.00000']
  '006.9333': ['1.568', '0.321', '0.080', '0.62969', '-0.77685', '-0.00023', '0.77685',
    '0.62969', '-0.00030', '0.00038', '0.00001', '1.00000']
  '007.0000': ['1.575', '0.330', '0.080', '0.61463', '-0.78881', '-0.00024', '0.78881',
    '0.61463', '-0.00029', '0.00037', '-0.00002', '1.00000']
  '007.0667': ['1.582', '0.340', '0.080', '0.59574', '-0.80318', '-0.00021', '0.80318',
    '0.59574', '-0.00030', '0.00036', '0.00001', '1.00000']
  '007.1333': ['1.588', '0.350', '0.080', '0.56593', '-0.82445', '-0.00022', '0.82445',
    '0.56593', '-0.00028', '0.00036', '-0.00002', '1.00000']
  '007.2000': ['1.595', '0.360', '0.080', '0.53730', '-0.84339', '-0.00020', '0.84339',
    '0.53730', '-0.00028', '0.00034', '-0.00002', '1.00000']
  '007.2667': ['1.602', '0.372', '0.080', '0.51034', '-0.85997', '-0.00017', '0.85997',
    '0.51034', '-0.00030', '0.00034', '0.00000', '1.00000']
  '007.3333': ['1.608', '0.382', '0.080', '0.48347', '-0.87536', '-0.00014', '0.87536',
    '0.48347', '-0.00028', '0.00031', '0.00001', '1.00000']
  '007.4000': ['1.614', '0.393', '0.080', '0.45347', '-0.89127', '-0.00016', '0.89127',
    '0.45347', '-0.00027', '0.00031', '-0.00002', '1.00000']
  '007.4667': ['1.619', '0.403', '0.080', '0.43123', '-0.90224', '-0.00012', '0.90224',
    '0.43123', '-0.00028', '0.00030', '0.00001', '1.00000']
  '007.5333': ['1.624', '0.414', '0.080', '0.40789', '-0.91303', '-0.00014', '0.91303',
    '0.40789', '-0.00025', '0.00028', '-0.00002', '1.00000']
  '007.6000': ['1.628', '0.425', '0.080', '0.38556', '-0.92268', '-0.00013', '0.92268',
    '0.38556', '-0.00023', '0.00026', '-0.00003', '1.00000']
  '007.6667': ['1.632', '0.436', '0.080', '0.36297', '-0.93180', '-0.00011', '0.93180',
    '0.36297', '-0.00024', '0.00026', '-0.00001', '1.00000']
  '007.7333': ['1.636', '0.447', '0.080', '0.33843', '-0.94099', '-0.00007', '0.94099',
    '0.33843', '-0.00022', '0.00024', '0.00001', '1.00000']
  '007.8000': ['1.641', '0.460', '0.080', '0.31238', '-0.94996', '-0.00006', '0.94996',
    '0.31238', '-0.00021', '0.00022', '0.00001', '1.00000']
  '007.8667': ['1.645', '0.472', '0.080', '0.28080', '-0.95977', '-0.00009', '0.95977',
    '0.28080', '-0.00019', '0.00021', '-0.00004', '1.00000']
  '007.9333': ['1.647', '0.484', '0.080', '0.24991', '-0.96827', '-0.00003', '0.96827',
    '0.24991', '-0.00016', '0.00017', '0.00001', '1.00000']
  '008.0000': ['1.650', '0.496', '0.080', '0.21505', '-0.97660', '-0.00008', '0.97660',
    '0.21505', '-0.00015', '0.00017', '-0.00004', '1.00000']
  '008.0667': ['1.652', '0.508', '0.080', '0.18336', '-0.98305', '-0.00001', '0.98305',
    '0.18336', '-0.00009', '0.00009', '0.00001', '1.00000']
  '008.1333': ['1.654', '0.521', '0.080', '0.14359', '-0.98964', '-0.00006', '0.98964',
    '0.14359', '-0.00008', '0.00009', '-0.00005', '1.00000']
  '008.2000': ['1.652', '0.533', '0.080', '0.11246', '-0.99366', '0.00011', '0.99366',
    '0.11246', '-0.00004', '0.00003', '0.00011', '1.00000']
  '008.2667': ['1.653', '0.546', '0.080', '0.06964', '-0.99757', '0.00014', '0.99757',
    '0.06964', '-0.00000', '-0.00001', '0.00014', '1.00000']
  '008.3333': ['1.656', '0.559', '0.080', '0.03429', '-0.99941', '0.00000', '0.99941',
    '0.03429', '0.00004', '-0.00004', '-0.00000', '1.00000']
  '008.4000': ['1.656', '0.570', '0.080', '0.00664', '-0.99998', '-0.00002', '0.99998',
    '0.00664', '0.00023', '-0.00023', '-0.00002', '1.00000']
  '008.4667': ['1.655', '0.583', '0.080', '-0.01105', '-0.99994', '0.00007', '0.99994',
    '-0.01105', '0.00013', '-0.00013', '0.00007', '1.00000']
  '008.5333': ['1.641', '0.596', '0.080', '-0.02261', '-0.99974', '0.00114', '0.99974',
    '-0.02261', '0.00007', '-0.00004', '0.00115', '1.00000']
  '008.6000': ['1.656', '0.608', '0.080', '-0.03787', '-0.99928', '0.00005', '0.99928',
    '-0.03787', '0.00011', '-0.00011', '0.00005', '1.00000']
  '008.6667': ['1.658', '0.619', '0.080', '-0.04442', '-0.99901', '-0.00015', '0.99901',
    '-0.04442', '0.00016', '-0.00016', '-0.00014', '1.00000']
  '008.7333': ['1.655', '0.632', '0.080', '-0.04794', '-0.99885', '0.00006', '0.99885',
    '-0.04794', '0.00014', '-0.00014', '0.00006', '1.00000']
  '008.8000': ['1.653', '0.645', '0.080', '-0.06157', '-0.99810', '0.00010', '0.99810',
    '-0.06157', '0.00018', '-0.00018', '0.00011', '1.00000']
  '008.8667': ['1.653', '0.658', '0.080', '-0.08253', '-0.99659', '0.00004', '0.99659',
    '-0.08253', '0.00022', '-0.00022', '0.00006', '1.00000']
  '008.9333': ['1.652', '0.671', '0.080', '-0.10321', '-0.99466', '0.00002', '0.99466',
    '-0.10321', '0.00026', '-0.00026', '0.00005', '1.00000']
  '009.0000': ['1.652', '0.683', '0.080', '-0.12401', '-0.99228', '-0.00006', '0.99228',
    '-0.12401', '0.00030', '-0.00030', '-0.00002', '1.00000']
  '009.0667': ['1.650', '0.696', '0.080', '-0.14692', '-0.98915', '-0.00009', '0.98915',
    '-0.14692', '0.00039', '-0.00040', '-0.00003', '1.00000']
  '009.1333': ['1.647', '0.710', '0.080', '-0.17659', '-0.98428', '-0.00009', '0.98428',
    '-0.17659', '0.00037', '-0.00038', '-0.00003', '1.00000']
  '009.2000': ['1.646', '0.723', '0.080', '-0.20353', '-0.97907', '-0.00015', '0.97907',
    '-0.20353', '0.00039', '-0.00042', '-0.00006', '1.00000']
  '009.2667': ['1.643', '0.737', '0.080', '-0.22696', '-0.97390', '-0.00018', '0.97390',
    '-0.22696', '0.00038', '-0.00041', '-0.00009', '1.00000']
  '009.3333': ['1.639', '0.750', '0.080', '-0.24858', '-0.96861', '-0.00014', '0.96861',
    '-0.24858', '0.00040', '-0.00042', '-0.00004', '1.00000']
  '009.4000': ['1.636', '0.763', '0.080', '-0.26372', '-0.96460', '-0.00017', '0.96460',
    '-0.26372', '0.00040', '-0.00043', '-0.00006', '1.00000']
  '009.4667': ['1.633', '0.776', '0.080', '-0.27372', '-0.96181', '-0.00016', '0.96181',
    '-0.27372', '0.00042', '-0.00044', '-0.00004', '1.00000']
  '009.5333': ['1.629', '0.788', '0.080', '-0.27930', '-0.96020', '-0.00015', '0.96020',
    '-0.27930', '0.00044', '-0.00046', '-0.00003', '1.00000']
  '009.6000': ['1.625', '0.802', '0.080', '-0.28794', '-0.95765', '-0.00016', '0.95765',
    '-0.28794', '0.00043', '-0.00045', '-0.00003', '1.00000']
  '009.6667': ['1.622', '0.813', '0.080', '-0.29587', '-0.95523', '-0.00019', '0.95523',
    '-0.29587', '0.00044', '-0.00048', '-0.00005', '1.00000']
  '009.7333': ['1.618', '0.826', '0.080', '-0.30093', '-0.95365', '-0.00018', '0.95365',
    '-0.30093', '0.00046', '-0.00049', '-0.00003', '1.00000']
  '009.8000': ['1.615', '0.838', '0.080', '-0.30465', '-0.95246', '-0.00019', '0.95246',
    '-0.30465', '0.00047', '-0.00051', '-0.00003', '1.00000']
  '009.8667': ['1.610', '0.851', '0.080', '-0.31007', '-0.95071', '-0.00019', '0.95071',
    '-0.31007', '0.00048', '-0.00052', '-0.00003', '1.00000']
  '009.9333': ['1.606', '0.863', '0.080', '-0.31080', '-0.95048', '-0.00020', '0.95048',
    '-0.31080', '0.00049', '-0.00052', '-0.00004', '1.00000']
  '010.0000': ['1.602', '0.875', '0.080', '-0.33127', '-0.94354', '-0.00023', '0.94354',
    '-0.33127', '0.00047', '-0.00052', '-0.00006', '1.00000']
  '010.0667': ['1.598', '0.887', '0.080', '-0.35782', '-0.93379', '-0.00023', '0.93379',
    '-0.35782', '0.00047', '-0.00052', '-0.00005', '1.00000']
  '010.1333': ['1.593', '0.900', '0.080', '-0.38630', '-0.92237', '-0.00025', '0.92237',
    '-0.38630', '0.00046', '-0.00052', '-0.00005', '1.00000']
  '010.2000': ['1.588', '0.911', '0.080', '-0.41891', '-0.90803', '-0.00027', '0.90803',
    '-0.41891', '0.00045', '-0.00052', '-0.00005', '1.00000']
  '010.2667': ['1.583', '0.923', '0.080', '-0.45180', '-0.89212', '-0.00032', '0.89212',
    '-0.45180', '0.00041', '-0.00051', '-0.00010', '1.00000']
  '010.3333': ['1.578', '0.935', '0.080', '-0.48005', '-0.87724', '-0.00037', '0.87724',
    '-0.48005', '0.00037', '-0.00051', '-0.00015', '1.00000']
  '010.4000': ['1.573', '0.944', '0.080', '-0.50508', '-0.86307', '-0.00038', '0.86307',
    '-0.50508', '0.00038', '-0.00052', '-0.00013', '1.00000']
  '010.4667': ['1.566', '0.956', '0.080', '-0.52728', '-0.84969', '-0.00036', '0.84969',
    '-0.52728', '0.00037', '-0.00050', '-0.00011', '1.00000']
  '010.5333': ['1.559', '0.966', '0.080', '-0.54676', '-0.83729', '-0.00036', '0.83729',
    '-0.54676', '0.00036', '-0.00050', '-0.00011', '1.00000']
  '010.6000': ['1.552', '0.976', '0.080', '-0.56847', '-0.82270', '-0.00037', '0.82270',
    '-0.56847', '0.00034', '-0.00049', '-0.00011', '1.00000']
  '010.6667': ['1.545', '0.985', '0.080', '-0.59568', '-0.80322', '-0.00033', '0.80322',
    '-0.59568', '0.00037', '-0.00049', '-0.00005', '1.00000']
  '010.7333': ['1.537', '0.994', '0.080', '-0.62452', '-0.78101', '-0.00034', '0.78101',
    '-0.62452', '0.00038', '-0.00051', '-0.00003', '1.00000']
  '010.8000': ['1.530', '1.002', '0.080', '-0.65692', '-0.75396', '-0.00033', '0.75396',
    '-0.65692', '0.00042', '-0.00053', '0.00003', '1.00000']
  '010.8667': ['1.522', '1.010', '0.080', '-0.69059', '-0.72325', '-0.00031', '0.72325',
    '-0.69059', '0.00044', '-0.00054', '0.00008', '1.00000']
  '010.9333': ['1.513', '1.018', '0.080', '-0.72807', '-0.68550', '-0.00032', '0.68550',
    '-0.72807', '0.00043', '-0.00053', '0.00010', '1.00000']
  '011.0000': ['1.504', '1.025', '0.080', '-0.75740', '-0.65295', '-0.00035', '0.65295',
    '-0.75740', '0.00044', '-0.00055', '0.00011', '1.00000']
  '011.0667': ['1.496', '1.033', '0.080', '-0.78242', '-0.62276', '-0.00038', '0.62275',
    '-0.78242', '0.00044', '-0.00057', '0.00011', '1.00000']
  '011.1333': ['1.484', '1.041', '0.080', '-0.81367', '-0.58133', '-0.00040', '0.58133',
    '-0.81367', '0.00039', '-0.00055', '0.00009', '1.00000']
  '011.2000': ['1.473', '1.050', '0.080', '-0.83848', '-0.54493', '-0.00044', '0.54493',
    '-0.83848', '0.00035', '-0.00056', '0.00006', '1.00000']
  '011.2667': ['1.462', '1.057', '0.080', '-0.86462', '-0.50243', '-0.00048', '0.50243',
    '-0.86462', '0.00034', '-0.00058', '0.00005', '1.00000']
  '011.3333': ['1.450', '1.065', '0.080', '-0.88607', '-0.46355', '-0.00049', '0.46355',
    '-0.88607', '0.00031', '-0.00058', '0.00005', '1.00000']
  '011.4000': ['1.439', '1.071', '0.080', '-0.90505', '-0.42531', '-0.00049', '0.42531',
    '-0.90505', '0.00032', '-0.00058', '0.00008', '1.00000']
  '011.4667': ['1.426', '1.079', '0.080', '-0.91904', '-0.39416', '-0.00048', '0.39416',
    '-0.91904', '0.00029', '-0.00056', '0.00008', '1.00000']
  '011.5333': ['1.416', '1.081', '0.080', '-0.93031', '-0.36678', '-0.00050', '0.36678',
    '-0.93031', '0.00032', '-0.00058', '0.00011', '1.00000']
  '011.6000': ['1.406', '1.083', '0.080', '-0.94021', '-0.34058', '-0.00049', '0.34058',
    '-0.94021', '0.00033', '-0.00058', '0.00015', '1.00000']
  '011.6667': ['1.394', '1.088', '0.080', '-0.94953', '-0.31369', '-0.00050', '0.31369',
    '-0.94953', '0.00033', '-0.00058', '0.00015', '1.00000']
  '011.7333': ['1.381', '1.093', '0.080', '-0.95775', '-0.28762', '-0.00051', '0.28762',
    '-0.95775', '0.00031', '-0.00057', '0.00015', '1.00000']
  '011.8000': ['1.369', '1.096', '0.080', '-0.96912', '-0.24659', '-0.00053', '0.24659',
    '-0.96912', '0.00032', '-0.00059', '0.00018', '1.00000']
  '011.8667': ['1.357', '1.098', '0.080', '-0.97472', '-0.22342', '-0.00057', '0.22342',
    '-0.97472', '0.00031', '-0.00062', '0.00017', '1.00000']
  '011.9333': ['1.368', '1.071', '0.080', '-0.97977', '-0.20011', '0.00011', '0.20011',
    '-0.97977', '0.00016', '0.00008', '0.00018', '1.00000']
  '012.0000': ['1.351', '1.077', '0.080', '-0.98535', '-0.17053', '0.00010', '0.17053',
    '-0.98535', '0.00011', '0.00008', '0.00012', '1.00000']
  '012.0667': ['1.338', '1.079', '0.080', '-0.99163', '-0.12910', '0.00008', '0.12910',
    '-0.99163', '0.00010', '0.00006', '0.00011', '1.00000']
  '012.1333': ['1.324', '1.079', '0.080', '-0.99677', '-0.08030', '0.00008', '0.08030',
    '-0.99677', '0.00009', '0.00008', '0.00010', '1.00000']
  '012.2000': ['1.308', '1.081', '0.080', '-0.99953', '-0.03057', '0.00006', '0.03057',
    '-0.99953', '0.00009', '0.00006', '0.00009', '1.00000']
  '012.2667': ['1.293', '1.081', '0.080', '-0.99965', '0.02659', '0.00008', '-0.02659',
    '-0.99965', '0.00011', '0.00008', '0.00011', '1.00000']
  '012.3333': ['1.280', '1.079', '0.080', '-0.99782', '0.06593', '0.00004', '-0.06593',
    '-0.99782', '0.00014', '0.00005', '0.00014', '1.00000']
  '012.4000': ['1.265', '1.079', '0.080', '-0.99582', '0.09133', '0.00003', '-0.09133',
    '-0.99582', '0.00015', '0.00004', '0.00015', '1.00000']
  '012.4667': ['1.251', '1.076', '0.080', '-0.99084', '0.13502', '0.00001', '-0.13502',
    '-0.99084', '0.00019', '0.00004', '0.00019', '1.00000']
  '012.5333': ['1.240', '1.071', '0.080', '-0.98974', '0.14290', '-0.00003', '-0.14290',
    '-0.98974', '0.00019', '-0.00001', '0.00020', '1.00000']
  '012.6000': ['1.250', '1.046', '0.080', '-0.99259', '0.12155', '0.00059', '-0.12155',
    '-0.99259', '0.00007', '0.00059', '-0.00001', '1.00000']
  '012.6667': ['1.235', '1.044', '0.080', '-0.99114', '0.13283', '0.00058', '-0.13283',
    '-0.99114', '0.00008', '0.00059', '0.00000', '1.00000']
  '012.7333': ['1.220', '1.042', '0.080', '-0.98982', '0.14232', '0.00057', '-0.14232',
    '-0.98982', '0.00010', '0.00058', '0.00002', '1.00000']
  '012.8000': ['1.182', '1.062', '0.080', '-0.98514', '0.17174', '-0.00000', '-0.17174',
    '-0.98514', '0.00021', '0.00004', '0.00021', '1.00000']
  '012.8667': ['1.167', '1.061', '0.080', '-0.98410', '0.17763', '0.00003', '-0.17763',
    '-0.98410', '0.00022', '0.00007', '0.00021', '1.00000']
  '012.9333': ['1.154', '1.058', '0.080', '-0.98385', '0.17902', '0.00004', '-0.17902',
    '-0.98385', '0.00021', '0.00008', '0.00020', '1.00000']
  '013.0000': ['1.142', '1.054', '0.080', '-0.98588', '0.16746', '0.00003', '-0.16746',
    '-0.98588', '0.00019', '0.00006', '0.00018', '1.00000']
  '013.0667': ['1.128', '1.051', '0.080', '-0.98774', '0.15612', '-0.00000', '-0.15612',
    '-0.98774', '0.00019', '0.00003', '0.00018', '1.00000']
  '013.1333': ['1.115', '1.049', '0.080', '-0.98925', '0.14621', '-0.00002', '-0.14621',
    '-0.98925', '0.00018', '0.00000', '0.00018', '1.00000']
  '013.2000': ['1.126', '1.027', '0.080', '-0.99148', '0.13024', '0.00049', '-0.13024',
    '-0.99148', '0.00013', '0.00050', '0.00007', '1.00000']
  '013.2667': ['1.113', '1.026', '0.080', '-0.99286', '0.11926', '0.00048', '-0.11926',
    '-0.99286', '0.00009', '0.00048', '0.00003', '1.00000']
  '013.3333': ['1.100', '1.025', '0.080', '-0.99515', '0.09833', '0.00047', '-0.09833',
    '-0.99515', '0.00012', '0.00048', '0.00007', '1.00000']
  '013.4000': ['1.087', '1.025', '0.080', '-0.99599', '0.08949', '0.00043', '-0.08949',
    '-0.99599', '0.00011', '0.00044', '0.00008', '1.00000']
  '013.4667': ['1.075', '1.024', '0.080', '-0.99683', '0.07959', '0.00040', '-0.07959',
    '-0.99683', '0.00012', '0.00041', '0.00009', '1.00000']
  '013.5333': ['1.063', '1.022', '0.080', '-0.99764', '0.06860', '0.00043', '-0.06860',
    '-0.99764', '0.00012', '0.00043', '0.00009', '1.00000']
  '013.6000': ['1.049', '1.022', '0.080', '-0.99819', '0.06007', '0.00043', '-0.06007',
    '-0.99819', '0.00016', '0.00044', '0.00013', '1.00000']
  '013.6667': ['1.036', '1.020', '0.080', '-0.99869', '0.05108', '0.00042', '-0.05108',
    '-0.99869', '0.00024', '0.00043', '0.00022', '1.00000']
  '013.7333': ['1.022', '1.020', '0.080', '-0.99882', '0.04858', '0.00036', '-0.04858',
    '-0.99882', '0.00019', '0.00037', '0.00017', '1.00000']
  '013.8000': ['1.009', '1.020', '0.080', '-0.99892', '0.04641', '0.00034', '-0.04641',
    '-0.99892', '0.00021', '0.00035', '0.00020', '1.00000']
  '013.8667': ['0.993', '1.019', '0.080', '-0.99891', '0.04658', '0.00030', '-0.04658',
    '-0.99891', '0.00024', '0.00032', '0.00023', '1.00000']
  '013.9333': ['0.979', '1.019', '0.080', '-0.99850', '0.05477', '0.00030', '-0.05477',
    '-0.99850', '0.00019', '0.00031', '0.00017', '1.00000']
  '014.0000': ['0.964', '1.019', '0.080', '-0.99807', '0.06207', '0.00029', '-0.06207',
    '-0.99807', '0.00012', '0.00030', '0.00011', '1.00000']
  '014.0667': ['0.950', '1.017', '0.080', '-0.99751', '0.07050', '0.00025', '-0.07050',
    '-0.99751', '0.00012', '0.00026', '0.00010', '1.00000']
  '014.1333': ['0.936', '1.017', '0.080', '-0.99675', '0.08054', '0.00020', '-0.08054',
    '-0.99675', '0.00009', '0.00021', '0.00007', '1.00000']
  '014.2000': ['0.921', '1.014', '0.080', '-0.99664', '0.08193', '0.00023', '-0.08193',
    '-0.99664', '0.00023', '0.00025', '0.00021', '1.00000']
  '014.2667': ['0.908', '1.016', '0.080', '-0.99597', '0.08968', '0.00014', '-0.08968',
    '-0.99597', '0.00008', '0.00014', '0.00007', '1.00000']
  '014.3333': ['0.894', '1.015', '0.080', '-0.99609', '0.08833', '0.00017', '-0.08833',
    '-0.99609', '0.00011', '0.00018', '0.00009', '1.00000']
  '014.4000': ['0.882', '1.018', '0.080', '-0.99562', '0.09353', '0.00004', '-0.09353',
    '-0.99562', '-0.00009', '0.00003', '-0.00009', '1.00000']
  '014.4667': ['0.868', '1.014', '0.080', '-0.99673', '0.08078', '0.00005', '-0.08078',
    '-0.99673', '0.00007', '0.00005', '0.00007', '1.00000']
  '014.5333': ['0.855', '1.015', '0.080', '-0.99739', '0.07223', '0.00006', '-0.07223',
    '-0.99739', '-0.00005', '0.00006', '-0.00005', '1.00000']
  '014.6000': ['0.843', '1.014', '0.080', '-0.99774', '0.06720', '0.00003', '-0.06720',
    '-0.99774', '-0.00001', '0.00002', '-0.00002', '1.00000']
  '014.6667': ['0.829', '1.010', '0.080', '-0.99818', '0.06032', '0.00005', '-0.06032',
    '-0.99818', '0.00015', '0.00006', '0.00015', '1.00000']
  '014.7333': ['0.816', '1.011', '0.080', '-0.99869', '0.05120', '0.00002', '-0.05120',
    '-0.99869', '0.00013', '0.00003', '0.00013', '1.00000']
  '014.8000': ['0.801', '1.009', '0.080', '-0.99862', '0.05244', '0.00006', '-0.05244',
    '-0.99862', '0.00019', '0.00007', '0.00019', '1.00000']
  '014.8667': ['0.794', '1.022', '0.080', '-0.99622', '0.08691', '0.00014', '-0.08691',
    '-0.99622', '0.00033', '0.00017', '0.00032', '1.00000']
  '014.9333': ['0.783', '1.022', '0.080', '-0.99599', '0.08943', '0.00012', '-0.08943',
    '-0.99599', '0.00033', '0.00015', '0.00032', '1.00000']
  '015.0000': ['0.767', '1.020', '0.080', '-0.99605', '0.08877', '0.00009', '-0.08877',
    '-0.99605', '0.00033', '0.00012', '0.00033', '1.00000']
  '015.0667': ['0.752', '1.019', '0.080', '-0.99646', '0.08409', '0.00005', '-0.08409',
    '-0.99646', '0.00029', '0.00007', '0.00028', '1.00000']
  '015.1333': ['0.735', '1.017', '0.080', '-0.99697', '0.07781', '0.00005', '-0.07781',
    '-0.99697', '0.00030', '0.00008', '0.00030', '1.00000']
  '015.2000': ['0.723', '1.016', '0.080', '-0.99748', '0.07093', '0.00005', '-0.07093',
    '-0.99748', '0.00033', '0.00007', '0.00033', '1.00000']
  '015.2667': ['0.713', '1.016', '0.080', '-0.99812', '0.06122', '0.00003', '-0.06122',
    '-0.99812', '0.00033', '0.00005', '0.00033', '1.00000']
  '015.3333': ['0.699', '1.016', '0.080', '-0.99908', '0.04295', '-0.00001', '-0.04295',
    '-0.99908', '0.00031', '0.00001', '0.00031', '1.00000']
  '015.4000': ['0.686', '1.015', '0.080', '-0.99939', '0.03487', '0.00003', '-0.03487',
    '-0.99939', '0.00034', '0.00004', '0.00034', '1.00000']
  '015.4667': ['0.672', '1.014', '0.080', '-0.99971', '0.02415', '-0.00000', '-0.02415',
    '-0.99971', '0.00035', '0.00001', '0.00035', '1.00000']
  '015.5333': ['0.658', '1.014', '0.080', '-0.99992', '0.01249', '0.00000', '-0.01249',
    '-0.99992', '0.00039', '0.00001', '0.00039', '1.00000']
  '015.6000': ['0.643', '1.014', '0.080', '-0.99999', '0.00408', '-0.00002', '-0.00408',
    '-0.99999', '0.00039', '-0.00002', '0.00039', '1.00000']
  '015.6667': ['0.627', '1.014', '0.080', '-0.99998', '-0.00581', '-0.00003', '0.00581',
    '-0.99998', '0.00041', '-0.00003', '0.00041', '1.00000']
  '015.7333': ['0.615', '1.014', '0.080', '-0.99993', '-0.01195', '-0.00008', '0.01195',
    '-0.99993', '0.00038', '-0.00008', '0.00038', '1.00000']
  '015.8000': ['0.602', '1.014', '0.080', '-0.99994', '-0.01116', '-0.00009', '0.01116',
    '-0.99994', '0.00041', '-0.00010', '0.00041', '1.00000']
  '015.8667': ['0.589', '1.015', '0.080', '-1.00000', '-0.00212', '-0.00013', '0.00212',
    '-1.00000', '0.00041', '-0.00013', '0.00041', '1.00000']
  '015.9333': ['0.574', '1.014', '0.080', '-0.99999', '0.00380', '-0.00013', '-0.00380',
    '-0.99999', '0.00042', '-0.00013', '0.00042', '1.00000']
  '016.0000': ['0.560', '1.014', '0.080', '-0.99981', '0.01965', '-0.00016', '-0.01965',
    '-0.99981', '0.00042', '-0.00015', '0.00042', '1.00000']
  '016.0667': ['0.547', '1.015', '0.080', '-0.99949', '0.03195', '-0.00018', '-0.03195',
    '-0.99949', '0.00039', '-0.00016', '0.00039', '1.00000']
  '016.1333': ['0.531', '1.013', '0.080', '-0.99869', '0.05110', '-0.00018', '-0.05110',
    '-0.99869', '0.00037', '-0.00016', '0.00037', '1.00000']
  '016.2000': ['0.515', '1.012', '0.080', '-0.99704', '0.07683', '-0.00019', '-0.07683',
    '-0.99704', '0.00035', '-0.00017', '0.00036', '1.00000']
  '016.2667': ['0.498', '1.010', '0.080', '-0.99428', '0.10681', '-0.00020', '-0.10681',
    '-0.99428', '0.00036', '-0.00016', '0.00038', '1.00000']
  '016.3333': ['0.486', '1.009', '0.080', '-0.99190', '0.12700', '-0.00020', '-0.12700',
    '-0.99190', '0.00035', '-0.00016', '0.00038', '1.00000']
  '016.4000': ['0.471', '1.007', '0.080', '-0.98867', '0.15010', '-0.00022', '-0.15010',
    '-0.98867', '0.00036', '-0.00016', '0.00039', '1.00000']
  '016.4667': ['0.457', '1.005', '0.080', '-0.98691', '0.16127', '-0.00023', '-0.16127',
    '-0.98691', '0.00035', '-0.00018', '0.00038', '1.00000']
  '016.5333': ['0.446', '1.003', '0.080', '-0.98478', '0.17382', '-0.00024', '-0.17382',
    '-0.98478', '0.00035', '-0.00018', '0.00038', '1.00000']
  '016.6000': ['0.433', '1.000', '0.080', '-0.98322', '0.18243', '-0.00026', '-0.18243',
    '-0.98322', '0.00034', '-0.00019', '0.00039', '1.00000']
  '016.6667': ['0.421', '0.999', '0.080', '-0.98126', '0.19267', '-0.00026', '-0.19267',
    '-0.98126', '0.00033', '-0.00019', '0.00037', '1.00000']
  '016.7333': ['0.408', '0.996', '0.080', '-0.97692', '0.21361', '-0.00028', '-0.21361',
    '-0.97692', '0.00031', '-0.00020', '0.00036', '1.00000']
  '016.8000': ['0.396', '0.995', '0.080', '-0.97161', '0.23657', '-0.00027', '-0.23657',
    '-0.97161', '0.00028', '-0.00020', '0.00034', '1.00000']
  '016.8667': ['0.382', '0.990', '0.080', '-0.96247', '0.27138', '-0.00028', '-0.27138',
    '-0.96247', '0.00029', '-0.00019', '0.00035', '1.00000']
  '016.9333': ['0.373', '0.987', '0.080', '-0.95233', '0.30507', '-0.00029', '-0.30507',
    '-0.95233', '0.00028', '-0.00019', '0.00035', '1.00000']
  '017.0000': ['0.360', '0.983', '0.080', '-0.93748', '0.34804', '-0.00028', '-0.34804',
    '-0.93748', '0.00026', '-0.00017', '0.00034', '1.00000']
  '017.0667': ['0.344', '0.976', '0.080', '-0.91549', '0.40234', '-0.00028', '-0.40234',
    '-0.91549', '0.00023', '-0.00016', '0.00032', '1.00000']
  '017.1333': ['0.332', '0.970', '0.080', '-0.89466', '0.44675', '-0.00030', '-0.44675',
    '-0.89466', '0.00024', '-0.00016', '0.00035', '1.00000']
  '017.2000': ['0.323', '0.964', '0.080', '-0.87645', '0.48149', '-0.00032', '-0.48149',
    '-0.87645', '0.00026', '-0.00016', '0.00038', '1.00000']
  '017.2667': ['0.312', '0.957', '0.080', '-0.85395', '0.52036', '-0.00034', '-0.52036',
    '-0.85395', '0.00025', '-0.00016', '0.00039', '1.00000']
  '017.3333': ['0.303', '0.950', '0.080', '-0.82740', '0.56162', '-0.00038', '-0.56162',
    '-0.82740', '0.00027', '-0.00016', '0.00044', '1.00000']
  '017.4000': ['0.294', '0.944', '0.080', '-0.80224', '0.59701', '-0.00043', '-0.59701',
    '-0.80224', '0.00025', '-0.00020', '0.00046', '1.00000']
  '017.4667': ['0.284', '0.935', '0.080', '-0.77345', '0.63386', '-0.00044', '-0.63386',
    '-0.77345', '0.00024', '-0.00019', '0.00047', '1.00000']
  '017.5333': ['0.272', '0.925', '0.080', '-0.73653', '0.67641', '-0.00045', '-0.67641',
    '-0.73653', '0.00022', '-0.00018', '0.00046', '1.00000']
  '017.6000': ['0.263', '0.916', '0.080', '-0.71316', '0.70100', '-0.00045', '-0.70100',
    '-0.71316', '0.00021', '-0.00017', '0.00046', '1.00000']
  '017.6666': ['0.252', '0.906', '0.080', '-0.69171', '0.72218', '-0.00047', '-0.72218',
    '-0.69171', '0.00016', '-0.00021', '0.00045', '1.00000']
  '017.7333': ['0.242', '0.896', '0.080', '-0.67416', '0.73859', '-0.00047', '-0.73859',
    '-0.67416', '0.00013', '-0.00022', '0.00044', '1.00000']
  '017.8000': ['0.233', '0.886', '0.080', '-0.66105', '0.75035', '-0.00047', '-0.75035',
    '-0.66105', '0.00012', '-0.00023', '0.00043', '1.00000']
  '017.8666': ['0.229', '0.887', '0.080', '-0.64231', '0.76644', '-0.00024', '-0.76644',
    '-0.64231', '0.00053', '0.00025', '0.00053', '1.00000']
  '017.9333': ['0.221', '0.876', '0.080', '-0.62780', '0.77838', '-0.00026', '-0.77838',
    '-0.62780', '0.00052', '0.00024', '0.00053', '1.00000']
  '018.0000': ['0.216', '0.870', '0.080', '-0.61150', '0.79124', '-0.00027', '-0.79124',
    '-0.61150', '0.00051', '0.00024', '0.00053', '1.00000']
  '018.0666': ['0.197', '0.843', '0.080', '-0.56012', '0.82841', '-0.00044', '-0.82841',
    '-0.56012', '0.00006', '-0.00020', '0.00040', '1.00000']
  '023.2666': ['0.420', '0.160', '0.080', '0.99521', '0.09778', '-0.00000', '-0.09778',
    '0.99521', '0.00072', '0.00007', '-0.00072', '1.00000']
  '023.3333': ['0.447', '0.155', '0.080', '0.99655', '0.08303', '0.00010', '-0.08303',
    '0.99655', '0.00088', '-0.00003', '-0.00089', '1.00000']
  '023.4000': ['0.474', '0.150', '0.080', '0.99692', '0.07840', '0.00019', '-0.07840',
    '0.99692', '0.00103', '-0.00010', '-0.00104', '1.00000']
  '023.4666': ['0.496', '0.146', '0.080', '0.99753', '0.07024', '0.00022', '-0.07024',
    '0.99753', '0.00103', '-0.00015', '-0.00104', '1.00000']
  '023.5333': ['0.517', '0.143', '0.080', '0.99856', '0.05365', '0.00022', '-0.05365',
    '0.99856', '0.00093', '-0.00017', '-0.00094', '1.00000']
  '023.6000': ['0.535', '0.140', '0.080', '0.99940', '0.03462', '0.00023', '-0.03462',
    '0.99940', '0.00088', '-0.00020', '-0.00089', '1.00000']
  '023.6666': ['0.554', '0.138', '0.080', '0.99991', '0.01349', '0.00022', '-0.01349',
    '0.99991', '0.00083', '-0.00021', '-0.00083', '1.00000']
  '023.7333': ['0.568', '0.137', '0.080', '1.00000', '0.00296', '0.00024', '-0.00296',
    '1.00000', '0.00081', '-0.00023', '-0.00081', '1.00000']
  '023.8000': ['0.583', '0.136', '0.080', '0.99999', '-0.00499', '0.00022', '0.00499',
    '0.99999', '0.00079', '-0.00023', '-0.00079', '1.00000']
  '023.8666': ['0.595', '0.136', '0.080', '0.99997', '-0.00835', '0.00022', '0.00835',
    '0.99996', '0.00078', '-0.00023', '-0.00078', '1.00000']
  '023.9333': ['0.606', '0.137', '0.080', '0.99994', '-0.01072', '0.00022', '0.01072',
    '0.99994', '0.00076', '-0.00023', '-0.00076', '1.00000']
  '024.0000': ['0.616', '0.138', '0.080', '0.99987', '-0.01608', '0.00022', '0.01608',
    '0.99987', '0.00075', '-0.00023', '-0.00075', '1.00000']
  '024.0666': ['0.628', '0.139', '0.080', '0.99979', '-0.02057', '0.00021', '0.02057',
    '0.99979', '0.00073', '-0.00023', '-0.00073', '1.00000']
  '024.1333': ['0.638', '0.139', '0.080', '0.99981', '-0.01939', '0.00021', '0.01939',
    '0.99981', '0.00072', '-0.00022', '-0.00071', '1.00000']
  '024.2000': ['0.646', '0.141', '0.080', '0.99990', '-0.01428', '0.00020', '0.01428',
    '0.99990', '0.00069', '-0.00021', '-0.00068', '1.00000']
  '024.2666': ['0.657', '0.141', '0.080', '0.99997', '-0.00782', '0.00021', '0.00782',
    '0.99997', '0.00067', '-0.00022', '-0.00067', '1.00000']
  '024.3333': ['0.668', '0.142', '0.080', '0.99999', '0.00479', '0.00022', '-0.00479',
    '0.99999', '0.00064', '-0.00022', '-0.00064', '1.00000']
  '024.4666': ['0.689', '0.142', '0.080', '0.99974', '0.02287', '0.00023', '-0.02287',
    '0.99974', '0.00058', '-0.00022', '-0.00059', '1.00000']
  '024.5333': ['0.700', '0.143', '0.080', '0.99958', '0.02889', '0.00024', '-0.02889',
    '0.99958', '0.00054', '-0.00022', '-0.00054', '1.00000']
  '024.6000': ['0.713', '0.143', '0.080', '0.99945', '0.03313', '0.00022', '-0.03313',
    '0.99945', '0.00052', '-0.00021', '-0.00052', '1.00000']
  '024.6666': ['0.724', '0.143', '0.080', '0.99940', '0.03467', '0.00024', '-0.03467',
    '0.99940', '0.00048', '-0.00023', '-0.00049', '1.00000']
  '024.7333': ['0.736', '0.143', '0.080', '0.99954', '0.03032', '0.00023', '-0.03032',
    '0.99954', '0.00043', '-0.00022', '-0.00044', '1.00000']
  '024.8000': ['0.748', '0.144', '0.080', '0.99971', '0.02393', '0.00024', '-0.02393',
    '0.99971', '0.00038', '-0.00023', '-0.00038', '1.00000']
  '024.8666': ['0.761', '0.143', '0.080', '0.99984', '0.01766', '0.00025', '-0.01766',
    '0.99984', '0.00035', '-0.00024', '-0.00036', '1.00000']
  '025.0000': ['0.788', '0.143', '0.080', '0.99978', '0.02084', '0.00025', '-0.02084',
    '0.99978', '0.00028', '-0.00024', '-0.00029', '1.00000']
  '025.0666': ['0.802', '0.143', '0.080', '0.99986', '0.01687', '0.00025', '-0.01687',
    '0.99986', '0.00028', '-0.00025', '-0.00028', '1.00000']
  '025.1333': ['0.814', '0.143', '0.080', '0.99981', '0.01930', '0.00026', '-0.01930',
    '0.99981', '0.00021', '-0.00026', '-0.00021', '1.00000']
  '025.2000': ['0.828', '0.143', '0.080', '0.99989', '0.01469', '0.00027', '-0.01469',
    '0.99989', '0.00022', '-0.00026', '-0.00022', '1.00000']
  '025.3333': ['0.854', '0.142', '0.080', '0.99992', '0.01260', '0.00028', '-0.01260',
    '0.99992', '0.00017', '-0.00027', '-0.00018', '1.00000']
  '025.4000': ['0.867', '0.142', '0.080', '0.99994', '0.01120', '0.00029', '-0.01120',
    '0.99994', '0.00014', '-0.00029', '-0.00014', '1.00000']
  '025.4666': ['0.901', '0.127', '0.080', '0.99935', '-0.03612', '0.00028', '0.03612',
    '0.99935', '-0.00003', '-0.00028', '0.00004', '1.00000']
  '025.5333': ['0.935', '0.112', '0.080', '0.99805', '-0.06249', '0.00026', '0.06249',
    '0.99805', '-0.00015', '-0.00025', '0.00016', '1.00000']
  '025.6000': ['0.933', '0.120', '0.080', '0.99904', '-0.04385', '0.00027', '0.04385',
    '0.99904', '0.00001', '-0.00027', '-0.00000', '1.00000']
  '025.6666': ['0.947', '0.119', '0.080', '0.99885', '-0.04799', '0.00026', '0.04799',
    '0.99885', '0.00000', '-0.00026', '0.00001', '1.00000']
  '025.8000': ['0.942', '0.137', '0.080', '0.99995', '-0.01023', '0.00028', '0.01023',
    '0.99995', '0.00015', '-0.00029', '-0.00014', '1.00000']
  '025.9333': ['0.967', '0.134', '0.080', '0.99986', '-0.01679', '0.00026', '0.01679',
