begin_time_stamp: 1588330390.8666618
data_header:
  time_stamp: [x, y, z, R11, R12, R13, R21, R22, R23, R31, R32, R33]
trajectory_data:
  '000.0000': ['0.859', '0.120', '0.080', '0.98534', '-0.17060', '0.00022', '0.17060',
    '0.98534', '-0.00023', '-0.00018', '0.00027', '1.00000']
  '000.0667': ['0.874', '0.117', '0.080', '0.98432', '-0.17640', '0.00021', '0.17640',
    '0.98432', '-0.00021', '-0.00017', '0.00024', '1.00000']
  '000.1333': ['0.881', '0.119', '0.080', '0.98421', '-0.17700', '0.00020', '0.17700',
    '0.98421', '-0.00021', '-0.00016', '0.00024', '1.00000']
  '001.9333': ['1.107', '0.128', '0.080', '0.98443', '-0.17576', '-0.00039', '0.17576',
    '0.98443', '-0.00006', '0.00039', '-0.00001', '1.00000']
  '002.0000': ['1.117', '0.129', '0.080', '0.98719', '-0.15956', '-0.00039', '0.15956',
    '0.98719', '-0.00007', '0.00040', '0.00001', '1.00000']
  '002.0667': ['1.130', '0.132', '0.080', '0.98971', '-0.14308', '-0.00039', '0.14308',
    '0.98971', '-0.00012', '0.00040', '0.00006', '1.00000']
  '002.1333': ['1.145', '0.136', '0.080', '0.99219', '-0.12477', '-0.00039', '0.12477',
    '0.99219', '-0.00017', '0.00041', '0.00012', '1.00000']
  '002.2000': ['1.149', '0.135', '0.080', '0.99608', '-0.08842', '-0.00022', '0.08842',
    '0.99608', '-0.00015', '0.00023', '0.00013', '1.00000']
  '002.2667': ['1.162', '0.136', '0.080', '0.99536', '-0.09621', '-0.00033', '0.09621',
    '0.99536', '-0.00015', '0.00034', '0.00012', '1.00000']
  '002.3333': ['1.169', '0.133', '0.080', '0.99624', '-0.08658', '-0.00030', '0.08658',
    '0.99625', '0.00000', '0.00030', '-0.00003', '1.00000']
  '002.4000': ['1.183', '0.136', '0.080', '0.99731', '-0.07336', '-0.00025', '0.07336',
    '0.99731', '-0.00007', '0.00025', '0.00005', '1.00000']
  '002.4667': ['1.196', '0.137', '0.080', '0.99748', '-0.07089', '-0.00017', '0.07089',
    '0.99748', '-0.00011', '0.00018', '0.00009', '1.00000']
  '002.5333': ['1.209', '0.138', '0.080', '0.99766', '-0.06841', '-0.00009', '0.06841',
    '0.99766', '-0.00014', '0.00010', '0.00013', '1.00000']
  '002.6000': ['1.223', '0.141', '0.080', '0.99678', '-0.08020', '-0.00012', '0.08020',
    '0.99678', '-0.00016', '0.00013', '0.00015', '1.00000']
  '002.6667': ['1.235', '0.140', '0.080', '0.99501', '-0.09976', '-0.00016', '0.09976',
    '0.99501', '-0.00015', '0.00018', '0.00013', '1.00000']
  '002.7333': ['1.245', '0.140', '0.080', '0.99505', '-0.09933', '-0.00013', '0.09933',
    '0.99505', '-0.00012', '0.00014', '0.00011', '1.00000']
  '002.8000': ['1.258', '0.143', '0.080', '0.99447', '-0.10504', '-0.00024', '0.10504',
    '0.99447', '-0.00017', '0.00026', '0.00015', '1.00000']
  '002.8667': ['1.269', '0.144', '0.080', '0.98705', '-0.16040', '-0.00032', '0.16040',
    '0.98705', '-0.00016', '0.00035', '0.00011', '1.00000']
  '002.9333': ['1.282', '0.149', '0.080', '0.98132', '-0.19237', '-0.00033', '0.19237',
    '0.98132', '-0.00021', '0.00036', '0.00014', '1.00000']
  '003.0000': ['1.291', '0.149', '0.080', '0.97665', '-0.21485', '-0.00037', '0.21485',
    '0.97665', '-0.00023', '0.00041', '0.00015', '1.00000']
  '003.0667': ['1.297', '0.149', '0.080', '0.97841', '-0.20666', '-0.00025', '0.20666',
    '0.97841', '-0.00018', '0.00028', '0.00012', '1.00000']
  '003.1333': ['1.307', '0.151', '0.080', '0.97334', '-0.22938', '-0.00024', '0.22938',
    '0.97334', '-0.00018', '0.00028', '0.00012', '1.00000']
  '003.2000': ['1.320', '0.154', '0.080', '0.96540', '-0.26077', '-0.00033', '0.26077',
    '0.96540', '-0.00018', '0.00037', '0.00009', '1.00000']
  '003.2667': ['1.329', '0.154', '0.080', '0.96152', '-0.27475', '-0.00032', '0.27475',
    '0.96152', '-0.00016', '0.00035', '0.00006', '1.00000']
  '003.3333': ['1.344', '0.163', '0.080', '0.95568', '-0.29441', '-0.00032', '0.29441',
    '0.95568', '-0.00025', '0.00038', '0.00014', '1.00000']
  '003.4000': ['1.351', '0.164', '0.080', '0.95394', '-0.30000', '-0.00021', '0.30000',
    '0.95394', '-0.00021', '0.00026', '0.00014', '1.00000']
  '003.4667': ['1.363', '0.169', '0.080', '0.94711', '-0.32091', '-0.00021', '0.32091',
    '0.94711', '-0.00025', '0.00028', '0.00016', '1.00000']
  '003.5333': ['1.372', '0.171', '0.080', '0.93846', '-0.34539', '-0.00021', '0.34539',
    '0.93846', '-0.00022', '0.00027', '0.00014', '1.00000']
  '003.6000': ['1.383', '0.175', '0.080', '0.92706', '-0.37491', '-0.00018', '0.37491',
    '0.92706', '-0.00022', '0.00025', '0.00013', '1.00000']
  '003.6667': ['1.395', '0.181', '0.080', '0.91823', '-0.39604', '-0.00018', '0.39604',
    '0.91823', '-0.00024', '0.00026', '0.00015', '1.00000']
  '003.7333': ['1.404', '0.185', '0.080', '0.91033', '-0.41388', '-0.00019', '0.41388',
    '0.91033', '-0.00021', '0.00026', '0.00011', '1.00000']
  '003.8000': ['1.415', '0.190', '0.080', '0.90076', '-0.43431', '-0.00019', '0.43431',
    '0.90076', '-0.00022', '0.00026', '0.00011', '1.00000']
  '003.8667': ['1.424', '0.196', '0.080', '0.89453', '-0.44701', '-0.00018', '0.44701',
    '0.89453', '-0.00024', '0.00026', '0.00013', '1.00000']
  '003.9333': ['1.434', '0.201', '0.080', '0.88525', '-0.46511', '-0.00018', '0.46511',
    '0.88525', '-0.00024', '0.00027', '0.00013', '1.00000']
  '004.0000': ['1.444', '0.206', '0.080', '0.87668', '-0.48107', '-0.00019', '0.48107',
    '0.87668', '-0.00026', '0.00029', '0.00014', '1.00000']
  '004.0667': ['1.452', '0.211', '0.080', '0.86997', '-0.49311', '-0.00018', '0.49311',
    '0.86997', '-0.00024', '0.00027', '0.00012', '1.00000']
  '004.1333': ['1.462', '0.217', '0.080', '0.86073', '-0.50907', '-0.00016', '0.50907',
    '0.86073', '-0.00026', '0.00027', '0.00014', '1.00000']
  '004.2000': ['1.472', '0.223', '0.080', '0.84539', '-0.53415', '-0.00015', '0.53415',
    '0.84539', '-0.00029', '0.00028', '0.00016', '1.00000']
  '004.2667': ['1.480', '0.228', '0.080', '0.83370', '-0.55222', '-0.00013', '0.55222',
    '0.83370', '-0.00027', '0.00026', '0.00015', '1.00000']
  '004.3333': ['1.489', '0.235', '0.080', '0.83067', '-0.55676', '-0.00010', '0.55676',
    '0.83067', '-0.00031', '0.00026', '0.00020', '1.00000']
  '004.4000': ['1.497', '0.240', '0.080', '0.81721', '-0.57634', '-0.00013', '0.57634',
    '0.81721', '-0.00030', '0.00027', '0.00017', '1.00000']
  '004.4667': ['1.506', '0.247', '0.080', '0.81042', '-0.58585', '-0.00009', '0.58585',
    '0.81042', '-0.00033', '0.00026', '0.00022', '1.00000']
  '004.5333': ['1.515', '0.253', '0.080', '0.80059', '-0.59921', '-0.00009', '0.59921',
    '0.80059', '-0.00030', '0.00026', '0.00018', '1.00000']
  '004.6000': ['1.524', '0.260', '0.080', '0.78984', '-0.61331', '-0.00010', '0.61331',
    '0.78984', '-0.00030', '0.00026', '0.00017', '1.00000']
  '004.6667': ['1.533', '0.267', '0.080', '0.77978', '-0.62606', '-0.00009', '0.62606',
    '0.77978', '-0.00032', '0.00027', '0.00019', '1.00000']
  '004.7333': ['1.542', '0.276', '0.080', '0.76632', '-0.64245', '-0.00008', '0.64245',
    '0.76632', '-0.00033', '0.00027', '0.00020', '1.00000']
  '004.8000': ['1.551', '0.283', '0.080', '0.75184', '-0.65935', '-0.00005', '0.65935',
    '0.75184', '-0.00033', '0.00026', '0.00021', '1.00000']
  '004.8667': ['1.559', '0.291', '0.080', '0.73736', '-0.67550', '-0.00007', '0.67550',
    '0.73736', '-0.00030', '0.00025', '0.00017', '1.00000']
  '004.9333': ['1.567', '0.299', '0.080', '0.72507', '-0.68868', '-0.00004', '0.68868',
    '0.72507', '-0.00033', '0.00025', '0.00021', '1.00000']
  '005.0000': ['1.576', '0.307', '0.080', '0.70853', '-0.70568', '-0.00004', '0.70568',
    '0.70853', '-0.00031', '0.00025', '0.00019', '1.00000']
  '005.0667': ['1.583', '0.315', '0.080', '0.68394', '-0.72954', '-0.00003', '0.72954',
    '0.68394', '-0.00030', '0.00024', '0.00018', '1.00000']
  '005.1333': ['1.590', '0.323', '0.080', '0.65232', '-0.75794', '-0.00001', '0.75794',
    '0.65232', '-0.00030', '0.00023', '0.00018', '1.00000']
  '005.2000': ['1.599', '0.334', '0.080', '0.61475', '-0.78872', '-0.00002', '0.78872',
    '0.61475', '-0.00028', '0.00023', '0.00015', '1.00000']
  '005.2667': ['1.605', '0.344', '0.080', '0.58584', '-0.81043', '0.00002', '0.81043',
    '0.58584', '-0.00028', '0.00022', '0.00019', '1.00000']
  '005.3333': ['1.620', '0.371', '0.080', '0.53955', '-0.84195', '0.00019', '0.84195',
    '0.53955', '-0.00029', '0.00014', '0.00032', '1.00000']
  '005.4000': ['1.641', '0.386', '0.080', '0.53636', '-0.84399', '-0.00043', '0.84399',
    '0.53636', '-0.00053', '0.00068', '-0.00008', '1.00000']
  '005.4667': ['1.636', '0.393', '0.080', '0.48274', '-0.87577', '0.00006', '0.87577',
    '0.48274', '-0.00034', '0.00026', '0.00022', '1.00000']
  '005.5333': ['1.630', '0.385', '0.080', '0.45483', '-0.89058', '0.00011', '0.89058',
    '0.45483', '-0.00030', '0.00022', '0.00023', '1.00000']
  '005.6000': ['1.635', '0.395', '0.080', '0.42093', '-0.90710', '0.00013', '0.90710',
    '0.42093', '-0.00027', '0.00019', '0.00023', '1.00000']
  '005.6667': ['1.639', '0.406', '0.080', '0.38813', '-0.92160', '0.00013', '0.92160',
    '0.38813', '-0.00026', '0.00019', '0.00022', '1.00000']
  '005.7333': ['1.644', '0.418', '0.080', '0.35612', '-0.93444', '0.00015', '0.93444',
    '0.35612', '-0.00027', '0.00020', '0.00024', '1.00000']
  '005.8000': ['1.647', '0.428', '0.080', '0.32591', '-0.94540', '0.00018', '0.94540',
    '0.32591', '-0.00022', '0.00015', '0.00024', '1.00000']
  '005.8667': ['1.651', '0.441', '0.080', '0.29746', '-0.95473', '0.00017', '0.95473',
    '0.29746', '-0.00024', '0.00018', '0.00024', '1.00000']
  '005.9333': ['1.654', '0.452', '0.080', '0.27082', '-0.96263', '0.00021', '0.96263',
    '0.27082', '-0.00017', '0.00011', '0.00025', '1.00000']
  '006.0000': ['1.657', '0.465', '0.080', '0.23523', '-0.97194', '0.00019', '0.97194',
    '0.23523', '-0.00015', '0.00010', '0.00022', '1.00000']
  '006.0667': ['1.659', '0.477', '0.080', '0.20176', '-0.97943', '0.00019', '0.97944',
    '0.20176', '-0.00009', '0.00005', '0.00021', '1.00000']
  '006.1333': ['1.659', '0.488', '0.080', '0.16832', '-0.98573', '0.00036', '0.98573',
    '0.16832', '-0.00005', '-0.00001', '0.00037', '1.00000']
  '006.2000': ['1.661', '0.501', '0.080', '0.12400', '-0.99228', '0.00033', '0.99228',
    '0.12400', '-0.00004', '-0.00000', '0.00033', '1.00000']
  '006.2667': ['1.661', '0.513', '0.080', '0.08213', '-0.99662', '0.00041', '0.99662',
    '0.08213', '0.00002', '-0.00005', '0.00041', '1.00000']
  '006.3333': ['1.664', '0.527', '0.080', '0.04488', '-0.99899', '0.00028', '0.99899',
    '0.04488', '0.00004', '-0.00005', '0.00028', '1.00000']
  '006.4000': ['1.664', '0.540', '0.080', '0.01781', '-0.99984', '0.00031', '0.99984',
    '0.01781', '0.00004', '-0.00004', '0.00031', '1.00000']
  '006.4667': ['1.668', '0.551', '0.080', '-0.00966', '-0.99995', '0.00011', '0.99995',
    '-0.00966', '0.00016', '-0.00016', '0.00011', '1.00000']
  '006.5333': ['1.666', '0.562', '0.080', '-0.01894', '-0.99982', '0.00019', '0.99982',
    '-0.01894', '0.00018', '-0.00017', '0.00019', '1.00000']
  '006.6000': ['1.665', '0.575', '0.080', '-0.02998', '-0.99955', '0.00029', '0.99955',
    '-0.02998', '0.00012', '-0.00011', '0.00030', '1.00000']
  '006.7333': ['1.667', '0.598', '0.080', '-0.06132', '-0.99812', '0.00019', '0.99812',
    '-0.06132', '0.00036', '-0.00035', '0.00021', '1.00000']
  '006.8000': ['1.666', '0.612', '0.080', '-0.07219', '-0.99739', '0.00019', '0.99739',
    '-0.07219', '0.00018', '-0.00017', '0.00020', '1.00000']
  '006.8667': ['1.666', '0.625', '0.080', '-0.08857', '-0.99607', '0.00013', '0.99607',
    '-0.08857', '0.00023', '-0.00021', '0.00015', '1.00000']
  '006.9333': ['1.665', '0.638', '0.080', '-0.10494', '-0.99448', '0.00006', '0.99448',
    '-0.10494', '0.00027', '-0.00027', '0.00009', '1.00000']
  '007.0667': ['1.662', '0.664', '0.080', '-0.12460', '-0.99221', '0.00010', '0.99221',
    '-0.12460', '0.00031', '-0.00029', '0.00014', '1.00000']
  '007.1333': ['1.661', '0.676', '0.080', '-0.13608', '-0.99070', '0.00000', '0.99070',
    '-0.13608', '0.00038', '-0.00038', '0.00006', '1.00000']
  '007.2000': ['1.660', '0.690', '0.080', '-0.15301', '-0.98822', '-0.00001', '0.98822',
    '-0.15301', '0.00039', '-0.00039', '0.00005', '1.00000']
  '007.2667': ['1.657', '0.704', '0.080', '-0.17051', '-0.98536', '-0.00002', '0.98536',
    '-0.17051', '0.00038', '-0.00037', '0.00005', '1.00000']
  '007.3333': ['1.654', '0.717', '0.080', '-0.19001', '-0.98178', '0.00004', '0.98178',
    '-0.19001', '0.00038', '-0.00036', '0.00011', '1.00000']
  '007.4667': ['1.650', '0.743', '0.080', '-0.22768', '-0.97374', '-0.00004', '0.97374',
    '-0.22768', '0.00039', '-0.00039', '0.00005', '1.00000']
  '007.5333': ['1.647', '0.756', '0.080', '-0.24093', '-0.97054', '-0.00003', '0.97054',
    '-0.24093', '0.00037', '-0.00036', '0.00006', '1.00000']
  '007.6000': ['1.644', '0.769', '0.080', '-0.25307', '-0.96745', '-0.00005', '0.96745',
    '-0.25307', '0.00040', '-0.00040', '0.00005', '1.00000']
  '007.7333': ['1.638', '0.793', '0.080', '-0.26892', '-0.96316', '-0.00004', '0.96316',
    '-0.26892', '0.00043', '-0.00042', '0.00008', '1.00000']
  '007.8000': ['1.634', '0.806', '0.080', '-0.27830', '-0.96049', '-0.00004', '0.96049',
    '-0.27830', '0.00044', '-0.00044', '0.00008', '1.00000']
  '007.8667': ['1.630', '0.818', '0.080', '-0.28516', '-0.95848', '-0.00002', '0.95848',
    '-0.28516', '0.00044', '-0.00043', '0.00010', '1.00000']
  '007.9333': ['1.627', '0.830', '0.080', '-0.28704', '-0.95792', '-0.00007', '0.95792',
    '-0.28704', '0.00044', '-0.00044', '0.00006', '1.00000']
  '008.0000': ['1.623', '0.842', '0.080', '-0.29519', '-0.95544', '-0.00003', '0.95544',
    '-0.29519', '0.00044', '-0.00043', '0.00010', '1.00000']
  '008.0667': ['1.619', '0.854', '0.080', '-0.31713', '-0.94838', '-0.00003', '0.94838',
    '-0.31713', '0.00043', '-0.00041', '0.00011', '1.00000']
  '008.1333': ['1.616', '0.865', '0.080', '-0.34077', '-0.94015', '-0.00010', '0.94015',
    '-0.34077', '0.00042', '-0.00043', '0.00005', '1.00000']
  '008.2000': ['1.611', '0.877', '0.080', '-0.38074', '-0.92468', '-0.00011', '0.92468',
    '-0.38074', '0.00042', '-0.00043', '0.00006', '1.00000']
  '008.2667': ['1.607', '0.888', '0.080', '-0.41422', '-0.91018', '-0.00017', '0.91018',
    '-0.41422', '0.00038', '-0.00042', '0.00000', '1.00000']
  '008.3333': ['1.601', '0.900', '0.080', '-0.44685', '-0.89461', '-0.00020', '0.89461',
    '-0.44685', '0.00037', '-0.00042', '-0.00001', '1.00000']
  '008.4000': ['1.597', '0.911', '0.080', '-0.48439', '-0.87485', '-0.00028', '0.87485',
    '-0.48439', '0.00034', '-0.00043', '-0.00008', '1.00000']
  '008.4667': ['1.589', '0.922', '0.080', '-0.52317', '-0.85223', '-0.00020', '0.85223',
    '-0.52317', '0.00036', '-0.00041', '0.00001', '1.00000']
  '008.5333': ['1.582', '0.932', '0.080', '-0.55910', '-0.82910', '-0.00019', '0.82910',
    '-0.55910', '0.00034', '-0.00039', '0.00004', '1.00000']
  '008.6000': ['1.575', '0.941', '0.080', '-0.59434', '-0.80421', '-0.00018', '0.80421',
    '-0.59434', '0.00038', '-0.00041', '0.00008', '1.00000']
  '008.6667': ['1.567', '0.950', '0.080', '-0.62683', '-0.77916', '-0.00012', '0.77916',
    '-0.62683', '0.00040', '-0.00038', '0.00016', '1.00000']
  '008.7333': ['1.561', '0.956', '0.080', '-0.65956', '-0.75165', '-0.00012', '0.75165',
    '-0.65956', '0.00048', '-0.00044', '0.00023', '1.00000']
  '008.8000': ['1.553', '0.965', '0.080', '-0.68744', '-0.72624', '-0.00014', '0.72624',
    '-0.68744', '0.00047', '-0.00043', '0.00022', '1.00000']
  '008.8667': ['1.544', '0.973', '0.080', '-0.71648', '-0.69761', '-0.00014', '0.69761',
    '-0.71648', '0.00048', '-0.00043', '0.00025', '1.00000']
  '008.9333': ['1.536', '0.980', '0.080', '-0.74693', '-0.66490', '-0.00015', '0.66490',
    '-0.74693', '0.00049', '-0.00044', '0.00027', '1.00000']
  '009.0000': ['1.526', '0.988', '0.080', '-0.77079', '-0.63709', '-0.00018', '0.63709',
    '-0.77079', '0.00045', '-0.00043', '0.00023', '1.00000']
  '009.0667': ['1.517', '0.995', '0.080', '-0.79140', '-0.61130', '-0.00020', '0.61130',
    '-0.79140', '0.00044', '-0.00043', '0.00023', '1.00000']
  '009.1333': ['1.507', '1.003', '0.080', '-0.81130', '-0.58464', '-0.00024', '0.58464',
    '-0.81130', '0.00044', '-0.00045', '0.00022', '1.00000']
  '009.2000': ['1.497', '1.010', '0.080', '-0.82834', '-0.56022', '-0.00024', '0.56022',
    '-0.82834', '0.00041', '-0.00043', '0.00021', '1.00000']
  '009.2667': ['1.486', '1.019', '0.080', '-0.84644', '-0.53248', '-0.00027', '0.53248',
    '-0.84644', '0.00039', '-0.00044', '0.00019', '1.00000']
  '009.3333': ['1.473', '1.030', '0.080', '-0.85742', '-0.51462', '-0.00030', '0.51462',
    '-0.85742', '0.00034', '-0.00043', '0.00014', '1.00000']
  '009.4000': ['1.464', '1.034', '0.080', '-0.87117', '-0.49099', '-0.00029', '0.49099',
    '-0.87117', '0.00038', '-0.00044', '0.00019', '1.00000']
  '009.4667': ['1.453', '1.040', '0.080', '-0.87906', '-0.47671', '-0.00029', '0.47671',
    '-0.87906', '0.00038', '-0.00044', '0.00019', '1.00000']
  '009.5333': ['1.442', '1.046', '0.080', '-0.89372', '-0.44863', '-0.00029', '0.44863',
    '-0.89372', '0.00039', '-0.00044', '0.00021', '1.00000']
  '009.6000': ['1.431', '1.052', '0.080', '-0.90416', '-0.42720', '-0.00030', '0.42720',
    '-0.90416', '0.00038', '-0.00043', '0.00021', '1.00000']
  '009.6667': ['1.420', '1.057', '0.080', '-0.91772', '-0.39723', '-0.00031', '0.39723',
    '-0.91772', '0.00036', '-0.00043', '0.00021', '1.00000']
  '009.7333': ['1.409', '1.060', '0.080', '-0.93323', '-0.35927', '-0.00031', '0.35927',
    '-0.93323', '0.00038', '-0.00043', '0.00025', '1.00000']
  '009.8000': ['1.396', '1.066', '0.080', '-0.94594', '-0.32435', '-0.00031', '0.32435',
    '-0.94594', '0.00036', '-0.00041', '0.00024', '1.00000']
  '009.8667': ['1.385', '1.068', '0.080', '-0.95846', '-0.28523', '-0.00032', '0.28523',
    '-0.95846', '0.00038', '-0.00042', '0.00027', '1.00000']
  '009.9333': ['1.374', '1.069', '0.080', '-0.96842', '-0.24933', '-0.00036', '0.24933',
    '-0.96842', '0.00037', '-0.00044', '0.00027', '1.00000']
  '010.0000': ['1.377', '1.065', '0.080', '-0.97332', '-0.22944', '0.00021', '0.22944',
    '-0.97332', '0.00016', '0.00017', '0.00020', '1.00000']
  '010.0667': ['1.365', '1.066', '0.080', '-0.97949', '-0.20150', '0.00012', '0.20150',
    '-0.97949', '0.00019', '0.00008', '0.00021', '1.00000']
  '010.1333': ['1.349', '1.073', '0.080', '-0.98826', '-0.15281', '0.00010', '0.15281',
    '-0.98826', '0.00014', '0.00008', '0.00015', '1.00000']
  '010.2000': ['1.335', '1.072', '0.080', '-0.99577', '-0.09188', '0.00017', '0.09188',
    '-0.99577', '0.00016', '0.00015', '0.00017', '1.00000']
  '010.2667': ['1.319', '1.074', '0.080', '-0.99890', '-0.04689', '0.00016', '0.04689',
    '-0.99890', '0.00014', '0.00015', '0.00015', '1.00000']
  '010.3333': ['1.307', '1.071', '0.080', '-0.99999', '-0.00354', '0.00013', '0.00354',
    '-0.99999', '0.00019', '0.00013', '0.00019', '1.00000']
  '010.4000': ['1.291', '1.073', '0.080', '-0.99944', '0.03352', '0.00012', '-0.03352',
    '-0.99944', '0.00017', '0.00012', '0.00017', '1.00000']
  '010.4667': ['1.275', '1.074', '0.080', '-0.99829', '0.05852', '0.00011', '-0.05852',
    '-0.99829', '0.00020', '0.00012', '0.00019', '1.00000']
  '010.5333': ['1.260', '1.073', '0.080', '-0.99638', '0.08498', '0.00011', '-0.08498',
    '-0.99638', '0.00020', '0.00012', '0.00019', '1.00000']
  '010.6000': ['1.246', '1.070', '0.080', '-0.99471', '0.10268', '0.00009', '-0.10268',
    '-0.99471', '0.00022', '0.00011', '0.00021', '1.00000']
  '010.6667': ['1.235', '1.067', '0.080', '-0.99301', '0.11800', '0.00006', '-0.11800',
    '-0.99301', '0.00025', '0.00009', '0.00025', '1.00000']
  '010.7333': ['1.219', '1.066', '0.080', '-0.99260', '0.12144', '0.00007', '-0.12144',
    '-0.99260', '0.00025', '0.00010', '0.00024', '1.00000']
  '010.8000': ['1.200', '1.067', '0.080', '-0.99356', '0.11330', '0.00009', '-0.11330',
    '-0.99356', '0.00020', '0.00011', '0.00019', '1.00000']
  '010.8667': ['1.187', '1.063', '0.080', '-0.99069', '0.13614', '0.00014', '-0.13614',
    '-0.99069', '0.00019', '0.00016', '0.00017', '1.00000']
  '010.9333': ['1.157', '1.073', '0.080', '-0.99032', '0.13879', '0.00150', '-0.13880',
    '-0.99032', '-0.00088', '0.00137', '-0.00108', '1.00000']
  '011.0000': ['1.144', '1.071', '0.080', '-0.99322', '0.11627', '0.00146', '-0.11627',
    '-0.99322', '-0.00088', '0.00135', '-0.00104', '1.00000']
  '011.0667': ['1.166', '1.053', '0.080', '-0.99577', '0.09192', '0.00056', '-0.09192',
    '-0.99577', '0.00009', '0.00056', '0.00004', '1.00000']
  '011.1333': ['1.152', '1.052', '0.080', '-0.99513', '0.09853', '0.00055', '-0.09853',
    '-0.99513', '0.00009', '0.00056', '0.00003', '1.00000']
  '011.2000': ['1.140', '1.050', '0.080', '-0.99492', '0.10069', '0.00052', '-0.10069',
    '-0.99492', '0.00013', '0.00053', '0.00008', '1.00000']
  '011.2667': ['1.127', '1.048', '0.080', '-0.99506', '0.09929', '0.00050', '-0.09929',
    '-0.99506', '0.00016', '0.00052', '0.00011', '1.00000']
  '011.3333': ['1.115', '1.047', '0.080', '-0.99517', '0.09813', '0.00043', '-0.09813',
    '-0.99517', '0.00017', '0.00045', '0.00012', '1.00000']
  '011.4000': ['1.079', '1.049', '0.080', '-0.99247', '0.12247', '0.00002', '-0.12247',
    '-0.99247', '0.00022', '0.00005', '0.00021', '1.00000']
  '011.4667': ['1.068', '1.048', '0.080', '-0.99326', '0.11590', '0.00001', '-0.11590',
    '-0.99326', '0.00023', '0.00004', '0.00023', '1.00000']
  '011.5333': ['1.055', '1.047', '0.080', '-0.99410', '0.10847', '0.00002', '-0.10847',
    '-0.99410', '0.00023', '0.00005', '0.00023', '1.00000']
  '011.6000': ['1.066', '1.044', '0.080', '-0.99647', '0.08397', '0.00038', '-0.08397',
    '-0.99647', '0.00020', '0.00039', '0.00016', '1.00000']
  '011.6667': ['1.053', '1.042', '0.080', '-0.99694', '0.07819', '0.00037', '-0.07819',
    '-0.99694', '0.00022', '0.00038', '0.00019', '1.00000']
  '011.7333': ['1.040', '1.041', '0.080', '-0.99768', '0.06806', '0.00034', '-0.06806',
    '-0.99768', '0.00025', '0.00036', '0.00022', '1.00000']
  '011.8000': ['1.027', '1.040', '0.080', '-0.99796', '0.06392', '0.00032', '-0.06392',
    '-0.99796', '0.00028', '0.00034', '0.00026', '1.00000']
  '011.8667': ['1.014', '1.039', '0.080', '-0.99796', '0.06381', '0.00026', '-0.06381',
    '-0.99796', '0.00022', '0.00027', '0.00021', '1.00000']
  '011.9333': ['0.999', '1.038', '0.080', '-0.99859', '0.05314', '0.00029', '-0.05314',
    '-0.99859', '0.00026', '0.00031', '0.00024', '1.00000']
  '012.0000': ['0.985', '1.038', '0.080', '-0.99871', '0.05078', '0.00024', '-0.05078',
    '-0.99871', '0.00019', '0.00025', '0.00018', '1.00000']
  '012.0667': ['0.971', '1.038', '0.080', '-0.99844', '0.05580', '0.00024', '-0.05580',
    '-0.99844', '0.00020', '0.00025', '0.00018', '1.00000']
  '012.1333': ['0.957', '1.037', '0.080', '-0.99791', '0.06456', '0.00022', '-0.06456',
    '-0.99791', '0.00018', '0.00023', '0.00016', '1.00000']
  '012.2000': ['0.944', '1.037', '0.080', '-0.99723', '0.07432', '0.00013', '-0.07432',
    '-0.99723', '0.00010', '0.00014', '0.00009', '1.00000']
  '012.2667': ['0.930', '1.036', '0.080', '-0.99707', '0.07647', '0.00011', '-0.07647',
    '-0.99707', '0.00014', '0.00012', '0.00013', '1.00000']
  '012.3333': ['0.917', '1.035', '0.080', '-0.99730', '0.07348', '0.00012', '-0.07348',
    '-0.99730', '0.00018', '0.00013', '0.00017', '1.00000']
  '012.4000': ['0.904', '1.036', '0.080', '-0.99719', '0.07492', '0.00006', '-0.07492',
    '-0.99719', '0.00012', '0.00007', '0.00012', '1.00000']
  '012.4667': ['0.890', '1.036', '0.080', '-0.99774', '0.06727', '0.00010', '-0.06727',
    '-0.99774', '0.00007', '0.00010', '0.00006', '1.00000']
  '012.5333': ['0.878', '1.036', '0.080', '-0.99761', '0.06911', '0.00000', '-0.06911',
    '-0.99761', '0.00005', '0.00001', '0.00005', '1.00000']
  '012.6000': ['0.872', '1.049', '0.080', '-0.99435', '0.10610', '0.00015', '-0.10610',
    '-0.99435', '0.00030', '0.00018', '0.00028', '1.00000']
  '012.6667': ['0.858', '1.046', '0.080', '-0.99453', '0.10443', '0.00009', '-0.10443',
    '-0.99453', '0.00039', '0.00013', '0.00038', '1.00000']
  '012.7333': ['0.845', '1.045', '0.080', '-0.99370', '0.11203', '0.00011', '-0.11203',
    '-0.99370', '0.00035', '0.00015', '0.00034', '1.00000']
  '012.8000': ['0.831', '1.043', '0.080', '-0.99333', '0.11527', '0.00014', '-0.11527',
    '-0.99333', '0.00044', '0.00019', '0.00042', '1.00000']
  '012.8667': ['0.818', '1.042', '0.080', '-0.99250', '0.12226', '0.00010', '-0.12226',
    '-0.99250', '0.00042', '0.00015', '0.00040', '1.00000']
  '012.9333': ['0.806', '1.041', '0.080', '-0.99173', '0.12832', '0.00007', '-0.12832',
    '-0.99173', '0.00037', '0.00012', '0.00036', '1.00000']
  '013.0000': ['0.793', '1.039', '0.080', '-0.99063', '0.13655', '0.00005', '-0.13655',
    '-0.99063', '0.00036', '0.00010', '0.00035', '1.00000']
  '013.0667': ['0.780', '1.037', '0.080', '-0.98900', '0.14793', '0.00002', '-0.14793',
    '-0.98900', '0.00032', '0.00007', '0.00031', '1.00000']
  '013.1333': ['0.766', '1.036', '0.080', '-0.98638', '0.16447', '0.00000', '-0.16447',
    '-0.98638', '0.00030', '0.00005', '0.00029', '1.00000']
  '013.2000': ['0.749', '1.032', '0.080', '-0.98379', '0.17932', '-0.00000', '-0.17932',
    '-0.98379', '0.00030', '0.00005', '0.00029', '1.00000']
  '013.2667': ['0.737', '1.030', '0.080', '-0.98128', '0.19261', '-0.00003', '-0.19261',
    '-0.98128', '0.00027', '0.00002', '0.00027', '1.00000']
  '013.3333': ['0.724', '1.028', '0.080', '-0.98012', '0.19839', '-0.00004', '-0.19839',
    '-0.98012', '0.00028', '0.00001', '0.00028', '1.00000']
  '013.4000': ['0.711', '1.026', '0.080', '-0.97949', '0.20148', '-0.00004', '-0.20148',
    '-0.97949', '0.00029', '0.00002', '0.00029', '1.00000']
  '013.4667': ['0.698', '1.023', '0.080', '-0.98050', '0.19650', '-0.00007', '-0.19650',
    '-0.98050', '0.00029', '-0.00001', '0.00030', '1.00000']
  '013.5333': ['0.684', '1.020', '0.080', '-0.98217', '0.18798', '-0.00006', '-0.18798',
    '-0.98217', '0.00030', '0.00000', '0.00030', '1.00000']
  '013.6000': ['0.670', '1.018', '0.080', '-0.98566', '0.16872', '-0.00007', '-0.16872',
    '-0.98566', '0.00030', '-0.00002', '0.00031', '1.00000']
  '013.6667': ['0.658', '1.016', '0.080', '-0.98796', '0.15470', '-0.00009', '-0.15470',
    '-0.98796', '0.00033', '-0.00004', '0.00034', '1.00000']
  '013.7333': ['0.646', '1.014', '0.080', '-0.98994', '0.14150', '-0.00010', '-0.14150',
    '-0.98994', '0.00035', '-0.00005', '0.00036', '1.00000']
  '013.8000': ['0.633', '1.013', '0.080', '-0.99155', '0.12971', '-0.00013', '-0.12971',
    '-0.99155', '0.00036', '-0.00008', '0.00037', '1.00000']
  '013.8667': ['0.617', '1.011', '0.080', '-0.99322', '0.11627', '-0.00015', '-0.11627',
    '-0.99322', '0.00036', '-0.00011', '0.00037', '1.00000']
  '013.9333': ['0.604', '1.009', '0.080', '-0.99317', '0.11668', '-0.00016', '-0.11668',
    '-0.99317', '0.00036', '-0.00012', '0.00037', '1.00000']
  '014.0000': ['0.588', '1.007', '0.080', '-0.99356', '0.11331', '-0.00019', '-0.11331',
    '-0.99356', '0.00037', '-0.00014', '0.00039', '1.00000']
  '014.0667': ['0.577', '1.006', '0.080', '-0.99399', '0.10951', '-0.00021', '-0.10951',
    '-0.99399', '0.00033', '-0.00017', '0.00035', '1.00000']
  '014.1333': ['0.563', '1.005', '0.080', '-0.99435', '0.10615', '-0.00023', '-0.10615',
    '-0.99435', '0.00032', '-0.00019', '0.00034', '1.00000']
  '014.2000': ['0.545', '1.002', '0.080', '-0.99419', '0.10762', '-0.00023', '-0.10762',
    '-0.99419', '0.00035', '-0.00019', '0.00037', '1.00000']
  '014.2667': ['0.532', '1.001', '0.080', '-0.99361', '0.11284', '-0.00024', '-0.11284',
    '-0.99361', '0.00035', '-0.00020', '0.00037', '1.00000']
  '014.3333': ['0.520', '1.000', '0.080', '-0.99323', '0.11617', '-0.00024', '-0.11617',
    '-0.99323', '0.00034', '-0.00020', '0.00037', '1.00000']
  '014.4000': ['0.506', '0.998', '0.080', '-0.99241', '0.12301', '-0.00025', '-0.12301',
    '-0.99241', '0.00033', '-0.00020', '0.00036', '1.00000']
  '014.4667': ['0.491', '0.996', '0.080', '-0.99121', '0.13230', '-0.00026', '-0.13230',
    '-0.99121', '0.00034', '-0.00022', '0.00037', '1.00000']
  '014.5333': ['0.475', '0.994', '0.080', '-0.99029', '0.13901', '-0.00026', '-0.13901',
    '-0.99029', '0.00036', '-0.00021', '0.00039', '1.00000']
  '014.6000': ['0.463', '0.992', '0.080', '-0.99016', '0.13997', '-0.00027', '-0.13997',
    '-0.99016', '0.00035', '-0.00022', '0.00038', '1.00000']
  '014.6667': ['0.452', '0.991', '0.080', '-0.98968', '0.14328', '-0.00028', '-0.14328',
    '-0.98968', '0.00035', '-0.00023', '0.00039', '1.00000']
  '014.7333': ['0.438', '0.989', '0.080', '-0.98901', '0.14787', '-0.00030', '-0.14787',
    '-0.98901', '0.00035', '-0.00024', '0.00039', '1.00000']
  '014.8000': ['0.423', '0.987', '0.080', '-0.98874', '0.14967', '-0.00031', '-0.14967',
    '-0.98874', '0.00036', '-0.00025', '0.00040', '1.00000']
  '014.8667': ['0.413', '0.986', '0.080', '-0.98790', '0.15508', '-0.00033', '-0.15508',
    '-0.98790', '0.00036', '-0.00027', '0.00040', '1.00000']
  '014.9333': ['0.402', '0.984', '0.080', '-0.98728', '0.15899', '-0.00033', '-0.15899',
    '-0.98728', '0.00035', '-0.00027', '0.00040', '1.00000']
  '015.0000': ['0.391', '0.982', '0.080', '-0.98486', '0.17334', '-0.00034', '-0.17334',
    '-0.98486', '0.00031', '-0.00028', '0.00037', '1.00000']
  '015.0667': ['0.379', '0.980', '0.080', '-0.98144', '0.19175', '-0.00033', '-0.19175',
    '-0.98144', '0.00028', '-0.00027', '0.00034', '1.00000']
  '015.1333': ['0.364', '0.977', '0.080', '-0.97477', '0.22320', '-0.00034', '-0.22320',
    '-0.97477', '0.00025', '-0.00028', '0.00032', '1.00000']
  '015.2000': ['0.350', '0.973', '0.080', '-0.96418', '0.26526', '-0.00034', '-0.26526',
    '-0.96418', '0.00023', '-0.00026', '0.00031', '1.00000']
  '015.2667': ['0.339', '0.969', '0.080', '-0.95223', '0.30540', '-0.00034', '-0.30540',
    '-0.95223', '0.00025', '-0.00025', '0.00034', '1.00000']
  '015.3333': ['0.330', '0.966', '0.080', '-0.94047', '0.33988', '-0.00034', '-0.33988',
    '-0.94047', '0.00025', '-0.00023', '0.00035', '1.00000']
  '015.4000': ['0.317', '0.960', '0.080', '-0.91950', '0.39308', '-0.00035', '-0.39308',
    '-0.91950', '0.00028', '-0.00022', '0.00040', '1.00000']
  '015.4667': ['0.303', '0.953', '0.080', '-0.89250', '0.45105', '-0.00043', '-0.45105',
    '-0.89250', '0.00029', '-0.00025', '0.00046', '1.00000']
  '015.5333': ['0.291', '0.946', '0.080', '-0.86839', '0.49588', '-0.00043', '-0.49588',
    '-0.86839', '0.00030', '-0.00023', '0.00048', '1.00000']
  '015.6000': ['0.280', '0.939', '0.080', '-0.84646', '0.53245', '-0.00046', '-0.53245',
    '-0.84646', '0.00028', '-0.00024', '0.00048', '1.00000']
  '015.6667': ['0.270', '0.932', '0.080', '-0.82782', '0.56099', '-0.00048', '-0.56099',
    '-0.82782', '0.00026', '-0.00025', '0.00048', '1.00000']
  '015.7333': ['0.259', '0.925', '0.080', '-0.80713', '0.59037', '-0.00049', '-0.59037',
    '-0.80713', '0.00023', '-0.00026', '0.00048', '1.00000']
  '015.8000': ['0.251', '0.919', '0.080', '-0.79037', '0.61263', '-0.00050', '-0.61263',
    '-0.79037', '0.00022', '-0.00026', '0.00048', '1.00000']
  '015.8667': ['0.239', '0.910', '0.080', '-0.77077', '0.63711', '-0.00050', '-0.63711',
    '-0.77077', '0.00016', '-0.00028', '0.00044', '1.00000']
  '015.9333': ['0.228', '0.901', '0.080', '-0.74770', '0.66403', '-0.00050', '-0.66403',
    '-0.74770', '0.00016', '-0.00027', '0.00045', '1.00000']
  '016.0000': ['0.218', '0.892', '0.080', '-0.72253', '0.69134', '-0.00050', '-0.69134',
    '-0.72253', '0.00013', '-0.00027', '0.00044', '1.00000']
  '016.0667': ['0.207', '0.882', '0.080', '-0.69208', '0.72182', '-0.00048', '-0.72182',
    '-0.69208', '0.00011', '-0.00026', '0.00042', '1.00000']
  '016.1333': ['0.209', '0.880', '0.080', '-0.67090', '0.74155', '-0.00033', '-0.74155',
    '-0.67090', '0.00051', '0.00016', '0.00059', '1.00000']
  '016.2000': ['0.202', '0.873', '0.080', '-0.64430', '0.76478', '-0.00034', '-0.76478',
    '-0.64430', '0.00053', '0.00018', '0.00060', '1.00000']
  '016.2667': ['0.194', '0.862', '0.080', '-0.60128', '0.79904', '-0.00039', '-0.79904',
    '-0.60128', '0.00051', '0.00018', '0.00061', '1.00000']
  '016.3333': ['0.185', '0.848', '0.080', '-0.54086', '0.84111', '-0.00041', '-0.84111',
    '-0.54086', '0.00048', '0.00018', '0.00060', '1.00000']
  '016.4000': ['0.177', '0.834', '0.080', '-0.49423', '0.86933', '-0.00044', '-0.86933',
    '-0.49423', '0.00044', '0.00017', '0.00060', '1.00000']
  '016.4667': ['0.172', '0.826', '0.080', '-0.46945', '0.88296', '-0.00044', '-0.88296',
    '-0.46945', '0.00040', '0.00015', '0.00058', '1.00000']
  '016.5333': ['0.168', '0.816', '0.080', '-0.43879', '0.89859', '-0.00048', '-0.89859',
    '-0.43879', '0.00038', '0.00013', '0.00060', '1.00000']
  '016.6000': ['0.162', '0.804', '0.080', '-0.40610', '0.91383', '-0.00050', '-0.91383',
    '-0.40610', '0.00033', '0.00010', '0.00059', '1.00000']
  '016.6667': ['0.155', '0.790', '0.080', '-0.37858', '0.92557', '-0.00051', '-0.92557',
    '-0.37858', '0.00032', '0.00010', '0.00059', '1.00000']
  '016.7333': ['0.151', '0.777', '0.080', '-0.36046', '0.93278', '-0.00056', '-0.93278',
    '-0.36046', '0.00031', '0.00009', '0.00064', '1.00000']
  '016.8000': ['0.146', '0.767', '0.080', '-0.33989', '0.94046', '-0.00051', '-0.94046',
    '-0.33989', '0.00029', '0.00010', '0.00057', '1.00000']
  '016.8667': ['0.141', '0.753', '0.080', '-0.31404', '0.94941', '-0.00057', '-0.94941',
    '-0.31404', '0.00021', '0.00003', '0.00061', '1.00000']
  '016.9333': ['0.137', '0.736', '0.080', '-0.29225', '0.95634', '-0.00057', '-0.95634',
    '-0.29225', '0.00017', '-0.00001', '0.00059', '1.00000']
  '017.0000': ['0.134', '0.728', '0.080', '-0.27962', '0.96011', '-0.00054', '-0.96011',
    '-0.27962', '0.00013', '-0.00002', '0.00055', '1.00000']
  '017.0667': ['0.131', '0.720', '0.080', '-0.26329', '0.96472', '-0.00051', '-0.96472',
    '-0.26329', '0.00013', '-0.00001', '0.00052', '1.00000']
  '017.1333': ['0.127', '0.702', '0.080', '-0.22264', '0.97490', '-0.00053', '-0.97490',
    '-0.22264', '0.00006', '-0.00006', '0.00053', '1.00000']
  '017.2000': ['0.124', '0.685', '0.080', '-0.18841', '0.98209', '-0.00056', '-0.98209',
    '-0.18841', '0.00002', '-0.00008', '0.00055', '1.00000']
  '017.2667': ['0.122', '0.677', '0.080', '-0.17029', '0.98539', '-0.00052', '-0.98539',
    '-0.17029', '0.00000', '-0.00009', '0.00051', '1.00000']
  '017.3333': ['0.121', '0.663', '0.080', '-0.15104', '0.98853', '-0.00064', '-0.98853',
    '-0.15104', '-0.00001', '-0.00011', '0.00063', '1.00000']
  '017.4000': ['0.118', '0.657', '0.080', '-0.13647', '0.99064', '-0.00053', '-0.99064',
    '-0.13647', '-0.00012', '-0.00019', '0.00050', '1.00000']
  '017.4667': ['0.116', '0.645', '0.080', '-0.11857', '0.99295', '-0.00052', '-0.99295',
    '-0.11857', '-0.00008', '-0.00014', '0.00051', '1.00000']
  '017.5333': ['0.117', '0.639', '0.080', '-0.10940', '0.99400', '-0.00058', '-0.99400',
    '-0.10940', '-0.00010', '-0.00016', '0.00057', '1.00000']
  '017.6000': ['0.115', '0.627', '0.080', '-0.08844', '0.99608', '-0.00055', '-0.99608',
    '-0.08844', '-0.00021', '-0.00026', '0.00053', '1.00000']
  '017.6666': ['0.113', '0.615', '0.080', '-0.07372', '0.99728', '-0.00051', '-0.99728',
    '-0.07372', '-0.00014', '-0.00018', '0.00050', '1.00000']
  '017.7333': ['0.112', '0.598', '0.080', '-0.03644', '0.99934', '-0.00047', '-0.99934',
    '-0.03644', '-0.00027', '-0.00028', '0.00046', '1.00000']
  '017.8666': ['0.111', '0.570', '0.080', '0.01458', '0.99989', '-0.00050', '-0.99989',
    '0.01458', '-0.00029', '-0.00028', '0.00051', '1.00000']
  '018.0000': ['0.112', '0.549', '0.080', '0.04379', '0.99904', '-0.00042', '-0.99904',
    '0.04379', '-0.00030', '-0.00028', '0.00043', '1.00000']
  '018.1333': ['0.113', '0.528', '0.080', '0.07658', '0.99706', '-0.00040', '-0.99706',
    '0.07658', '-0.00033', '-0.00030', '0.00043', '1.00000']
  '018.2000': ['0.114', '0.512', '0.080', '0.10306', '0.99468', '-0.00037', '-0.99468',
    '0.10306', '-0.00037', '-0.00033', '0.00041', '1.00000']
  '018.4000': ['0.119', '0.475', '0.080', '0.16997', '0.98545', '-0.00039', '-0.98545',
    '0.16997', '-0.00044', '-0.00037', '0.00046', '1.00000']
  '018.5333': ['0.124', '0.450', '0.080', '0.19467', '0.98087', '-0.00039', '-0.98087',
    '0.19467', '-0.00047', '-0.00038', '0.00047', '1.00000']
  '018.6666': ['0.128', '0.427', '0.080', '0.22295', '0.97483', '-0.00038', '-0.97483',
    '0.22295', '-0.00050', '-0.00040', '0.00048', '1.00000']
  '018.8000': ['0.134', '0.403', '0.080', '0.26952', '0.96300', '-0.00035', '-0.96300',
    '0.26952', '-0.00051', '-0.00040', '0.00047', '1.00000']
  '019.0000': ['0.149', '0.362', '0.080', '0.39676', '0.91792', '-0.00023', '-0.91792',
    '0.39676', '-0.00053', '-0.00039', '0.00042', '1.00000']
  '019.1333': ['0.161', '0.338', '0.080', '0.50648', '0.86225', '-0.00019', '-0.86225',
    '0.50648', '-0.00052', '-0.00035', '0.00043', '1.00000']
  '019.2666': ['0.170', '0.325', '0.080', '0.56065', '0.82805', '-0.00017', '-0.82805',
    '0.56065', '-0.00051', '-0.00033', '0.00043', '1.00000']
  '019.4000': ['0.191', '0.297', '0.080', '0.64455', '0.76457', '-0.00010', '-0.76457',
    '0.64455', '-0.00050', '-0.00032', '0.00040', '1.00000']
  '019.5333': ['0.204', '0.282', '0.080', '0.66964', '0.74269', '-0.00010', '-0.74269',
    '0.66964', '-0.00051', '-0.00031', '0.00041', '1.00000']
  '019.7333': ['0.230', '0.255', '0.080', '0.70561', '0.70860', '-0.00007', '-0.70860',
    '0.70561', '-0.00053', '-0.00032', '0.00043', '1.00000']
  '019.8000': ['0.240', '0.244', '0.080', '0.71815', '0.69589', '-0.00006', '-0.69589',
    '0.71815', '-0.00052', '-0.00032', '0.00041', '1.00000']
  '019.9333': ['0.256', '0.230', '0.080', '0.73666', '0.67627', '-0.00004', '-0.67627',
    '0.73666', '-0.00051', '-0.00031', '0.00040', '1.00000']
  '020.0666': ['0.275', '0.213', '0.080', '0.75418', '0.65667', '0.00001', '-0.65667',
    '0.75418', '-0.00047', '-0.00031', '0.00035', '1.00000']
  '020.1333': ['0.286', '0.204', '0.080', '0.77323', '0.63412', '0.00003', '-0.63412',
    '0.77323', '-0.00045', '-0.00030', '0.00033', '1.00000']
  '020.2000': ['0.297', '0.195', '0.080', '0.79710', '0.60385', '0.00003', '-0.60385',
    '0.79710', '-0.00043', '-0.00028', '0.00032', '1.00000']
  '020.2666': ['0.306', '0.189', '0.080', '0.81431', '0.58043', '0.00003', '-0.58043',
    '0.81431', '-0.00043', '-0.00027', '0.00033', '1.00000']
  '020.3333': ['0.315', '0.182', '0.080', '0.82808', '0.56061', '0.00004', '-0.56061',
    '0.82808', '-0.00044', '-0.00028', '0.00034', '1.00000']
  '020.4000': ['0.326', '0.176', '0.080', '0.84350', '0.53712', '0.00004', '-0.53712',
    '0.84350', '-0.00045', '-0.00028', '0.00036', '1.00000']
  '020.4666': ['0.339', '0.168', '0.080', '0.86058', '0.50932', '0.00005', '-0.50932',
    '0.86058', '-0.00043', '-0.00026', '0.00035', '1.00000']
  '020.5333': ['0.344', '0.165', '0.080', '0.86696', '0.49838', '0.00005', '-0.49838',
    '0.86696', '-0.00044', '-0.00026', '0.00036', '1.00000']
  '020.6000': ['0.356', '0.157', '0.080', '0.87775', '0.47911', '0.00004', '-0.47911',
    '0.87775', '-0.00045', '-0.00025', '0.00037', '1.00000']
  '020.6666': ['0.367', '0.150', '0.080', '0.88438', '0.46676', '0.00005', '-0.46676',
    '0.88438', '-0.00041', '-0.00024', '0.00034', '1.00000']
  '020.7333': ['0.376', '0.145', '0.080', '0.88998', '0.45599', '0.00007', '-0.45599',
    '0.88998', '-0.00040', '-0.00024', '0.00033', '1.00000']
  '020.8000': ['0.389', '0.139', '0.080', '0.90194', '0.43187', '0.00008', '-0.43187',
    '0.90194', '-0.00038', '-0.00024', '0.00031', '1.00000']
  '020.8666': ['0.398', '0.137', '0.080', '0.91266', '0.40871', '0.00009', '-0.40871',
    '0.91266', '-0.00039', '-0.00024', '0.00032', '1.00000']
  '020.9333': ['0.404', '0.134', '0.080', '0.91661', '0.39978', '0.00010', '-0.39978',
    '0.91661', '-0.00039', '-0.00025', '0.00031', '1.00000']
  '021.0000': ['0.413', '0.130', '0.080', '0.92596', '0.37763', '0.00010', '-0.37763',
