begin_time_stamp: 1588330087.7999983
data_header:
  time_stamp: [x, y, z, R11, R12, R13, R21, R22, R23, R31, R32, R33]
trajectory_data:
  '000.0000': ['0.494', '0.112', '0.080', '0.99719', '0.07494', '0.00056', '-0.07494',
    '0.99719', '0.00013', '-0.00054', '-0.00017', '1.00000']
  '000.0667': ['0.519', '0.107', '0.080', '0.99892', '0.04637', '0.00062', '-0.04637',
    '0.99892', '0.00024', '-0.00061', '-0.00027', '1.00000']
  '000.1333': ['0.542', '0.102', '0.080', '0.99983', '0.01823', '0.00066', '-0.01823',
    '0.99983', '0.00036', '-0.00065', '-0.00038', '1.00000']
  '000.2000': ['0.564', '0.098', '0.080', '1.00000', '-0.00184', '0.00068', '0.00184',
    '1.00000', '0.00045', '-0.00068', '-0.00045', '1.00000']
  '000.2667': ['0.581', '0.096', '0.080', '0.99986', '-0.01680', '0.00071', '0.01680',
    '0.99986', '0.00049', '-0.00072', '-0.00047', '1.00000']
  '000.3333': ['0.597', '0.094', '0.080', '0.99960', '-0.02828', '0.00072', '0.02828',
    '0.99960', '0.00051', '-0.00073', '-0.00049', '1.00000']
  '000.4000': ['0.610', '0.094', '0.080', '0.99906', '-0.04338', '0.00073', '0.04338',
    '0.99906', '0.00050', '-0.00075', '-0.00046', '1.00000']
  '000.4667': ['0.622', '0.094', '0.080', '0.99880', '-0.04889', '0.00073', '0.04889',
    '0.99880', '0.00047', '-0.00075', '-0.00044', '1.00000']
  '000.5333': ['0.633', '0.095', '0.080', '0.99845', '-0.05561', '0.00073', '0.05561',
    '0.99845', '0.00043', '-0.00075', '-0.00039', '1.00000']
  '000.6000': ['0.643', '0.096', '0.080', '0.99821', '-0.05977', '0.00073', '0.05976',
    '0.99821', '0.00037', '-0.00075', '-0.00032', '1.00000']
  '000.6667': ['0.653', '0.097', '0.080', '0.99792', '-0.06441', '0.00073', '0.06441',
    '0.99792', '0.00032', '-0.00075', '-0.00027', '1.00000']
  '000.7333': ['0.662', '0.099', '0.080', '0.99793', '-0.06431', '0.00069', '0.06431',
    '0.99793', '0.00026', '-0.00070', '-0.00021', '1.00000']
  '000.8000': ['0.673', '0.100', '0.080', '0.99791', '-0.06461', '0.00072', '0.06461',
    '0.99791', '0.00022', '-0.00073', '-0.00017', '1.00000']
  '000.8667': ['0.682', '0.102', '0.080', '0.99834', '-0.05751', '0.00071', '0.05751',
    '0.99834', '0.00013', '-0.00071', '-0.00009', '1.00000']
  '000.9333': ['0.691', '0.103', '0.080', '0.99832', '-0.05795', '0.00071', '0.05795',
    '0.99832', '0.00006', '-0.00072', '-0.00002', '1.00000']
  '001.0000': ['0.700', '0.105', '0.080', '0.99858', '-0.05330', '0.00072', '0.05330',
    '0.99858', '-0.00003', '-0.00071', '0.00007', '1.00000']
  '001.0667': ['0.711', '0.107', '0.080', '0.99873', '-0.05039', '0.00072', '0.05039',
    '0.99873', '-0.00011', '-0.00071', '0.00014', '1.00000']
  '001.1333': ['0.723', '0.108', '0.080', '0.99881', '-0.04880', '0.00072', '0.04880',
    '0.99881', '-0.00017', '-0.00071', '0.00020', '1.00000']
  '001.2000': ['0.736', '0.109', '0.080', '0.99876', '-0.04985', '0.00068', '0.04985',
    '0.99876', '-0.00020', '-0.00067', '0.00023', '1.00000']
  '001.2667': ['0.748', '0.110', '0.080', '0.99855', '-0.05390', '0.00071', '0.05390',
    '0.99855', '-0.00026', '-0.00070', '0.00030', '1.00000']
  '001.3333': ['0.760', '0.111', '0.080', '0.99830', '-0.05823', '0.00073', '0.05823',
    '0.99830', '-0.00029', '-0.00071', '0.00033', '1.00000']
  '001.4000': ['0.774', '0.112', '0.080', '0.99816', '-0.06070', '0.00071', '0.06070',
    '0.99816', '-0.00034', '-0.00069', '0.00038', '1.00000']
  '001.4667': ['0.787', '0.112', '0.080', '0.99778', '-0.06661', '0.00070', '0.06661',
    '0.99778', '-0.00037', '-0.00067', '0.00042', '1.00000']
  '001.5333': ['0.798', '0.114', '0.080', '0.99714', '-0.07559', '0.00071', '0.07559',
    '0.99714', '-0.00043', '-0.00068', '0.00048', '1.00000']
  '001.6000': ['0.813', '0.115', '0.080', '0.99630', '-0.08597', '0.00075', '0.08597',
    '0.99630', '-0.00049', '-0.00070', '0.00055', '1.00000']
  '001.6667': ['0.827', '0.115', '0.080', '0.99538', '-0.09603', '0.00072', '0.09603',
    '0.99538', '-0.00049', '-0.00067', '0.00056', '1.00000']
  '001.7333': ['0.838', '0.116', '0.080', '0.99465', '-0.10330', '0.00083', '0.10331',
    '0.99465', '-0.00056', '-0.00076', '0.00064', '1.00000']
  '001.8000': ['0.852', '0.116', '0.080', '0.99303', '-0.11786', '0.00080', '0.11786',
    '0.99303', '-0.00057', '-0.00073', '0.00066', '1.00000']
  '001.8667': ['0.863', '0.118', '0.080', '0.99267', '-0.12087', '0.00089', '0.12087',
    '0.99267', '-0.00062', '-0.00081', '0.00073', '1.00000']
  '001.9333': ['0.877', '0.118', '0.080', '0.99286', '-0.11928', '0.00088', '0.11928',
    '0.99286', '-0.00063', '-0.00080', '0.00073', '1.00000']
  '002.0000': ['0.891', '0.117', '0.080', '0.99275', '-0.12018', '0.00084', '0.12018',
    '0.99275', '-0.00057', '-0.00077', '0.00067', '1.00000']
  '002.0667': ['0.900', '0.118', '0.080', '0.99269', '-0.12068', '0.00098', '0.12068',
    '0.99269', '-0.00063', '-0.00089', '0.00074', '1.00000']
  '002.1333': ['0.914', '0.117', '0.080', '0.99216', '-0.12496', '0.00094', '0.12496',
    '0.99216', '-0.00058', '-0.00086', '0.00069', '1.00000']
  '002.2000': ['0.929', '0.118', '0.080', '0.99208', '-0.12557', '0.00085', '0.12557',
    '0.99208', '-0.00066', '-0.00076', '0.00077', '1.00000']
  '002.2667': ['0.940', '0.118', '0.080', '0.99106', '-0.13340', '0.00093', '0.13340',
    '0.99106', '-0.00068', '-0.00083', '0.00080', '1.00000']
  '002.3333': ['0.953', '0.117', '0.080', '0.98945', '-0.14485', '0.00093', '0.14486',
    '0.98945', '-0.00058', '-0.00084', '0.00071', '1.00000']
  '002.4000': ['0.966', '0.118', '0.080', '0.98914', '-0.14698', '0.00093', '0.14698',
    '0.98914', '-0.00061', '-0.00083', '0.00074', '1.00000']
  '002.4667': ['0.980', '0.116', '0.080', '0.98817', '-0.15335', '0.00092', '0.15335',
    '0.98817', '-0.00046', '-0.00084', '0.00059', '1.00000']
  '002.5333': ['0.992', '0.116', '0.080', '0.98838', '-0.15203', '0.00094', '0.15203',
    '0.98838', '-0.00041', '-0.00087', '0.00055', '1.00000']
  '002.6000': ['1.005', '0.116', '0.080', '0.98772', '-0.15620', '0.00088', '0.15620',
    '0.98772', '-0.00034', '-0.00082', '0.00047', '1.00000']
  '002.6667': ['1.016', '0.116', '0.080', '0.98705', '-0.16039', '0.00086', '0.16039',
    '0.98705', '-0.00032', '-0.00080', '0.00046', '1.00000']
  '002.7333': ['1.028', '0.116', '0.080', '0.98699', '-0.16081', '0.00085', '0.16081',
    '0.98699', '-0.00025', '-0.00080', '0.00038', '1.00000']
  '002.8000': ['1.040', '0.119', '0.080', '0.98625', '-0.16525', '0.00078', '0.16525',
    '0.98625', '-0.00040', '-0.00070', '0.00052', '1.00000']
  '002.8667': ['1.052', '0.119', '0.080', '0.98542', '-0.17017', '0.00076', '0.17017',
    '0.98542', '-0.00035', '-0.00069', '0.00047', '1.00000']
  '002.9333': ['1.063', '0.119', '0.080', '0.98476', '-0.17394', '0.00074', '0.17394',
    '0.98476', '-0.00029', '-0.00068', '0.00042', '1.00000']
  '003.0000': ['1.074', '0.119', '0.080', '0.98370', '-0.17983', '0.00075', '0.17983',
    '0.98370', '-0.00023', '-0.00070', '0.00036', '1.00000']
  '003.0667': ['1.085', '0.121', '0.080', '0.98377', '-0.17943', '0.00074', '0.17943',
    '0.98377', '-0.00029', '-0.00068', '0.00042', '1.00000']
  '003.1333': ['1.096', '0.122', '0.080', '0.98321', '-0.18248', '0.00072', '0.18248',
    '0.98321', '-0.00027', '-0.00066', '0.00040', '1.00000']
  '003.2000': ['1.106', '0.123', '0.080', '0.98350', '-0.18091', '0.00067', '0.18091',
    '0.98350', '-0.00026', '-0.00061', '0.00038', '1.00000']
  '003.2667': ['1.116', '0.125', '0.080', '0.98327', '-0.18213', '0.00066', '0.18213',
    '0.98327', '-0.00028', '-0.00060', '0.00040', '1.00000']
  '003.3333': ['1.126', '0.127', '0.080', '0.98342', '-0.18137', '0.00060', '0.18137',
    '0.98342', '-0.00027', '-0.00054', '0.00038', '1.00000']
  '003.4000': ['1.135', '0.131', '0.080', '0.98360', '-0.18035', '0.00059', '0.18035',
    '0.98360', '-0.00041', '-0.00051', '0.00051', '1.00000']
  '003.4667': ['1.145', '0.134', '0.080', '0.98316', '-0.18273', '0.00061', '0.18273',
    '0.98316', '-0.00049', '-0.00050', '0.00060', '1.00000']
  '003.5333': ['1.155', '0.135', '0.080', '0.98354', '-0.18069', '0.00061', '0.18069',
    '0.98354', '-0.00044', '-0.00052', '0.00054', '1.00000']
  '003.6000': ['1.166', '0.138', '0.080', '0.98555', '-0.16938', '0.00062', '0.16938',
    '0.98555', '-0.00052', '-0.00053', '0.00062', '1.00000']
  '003.6667': ['1.151', '0.137', '0.080', '0.98076', '-0.19520', '0.00013', '0.19520',
    '0.98076', '-0.00036', '-0.00006', '0.00038', '1.00000']
  '003.7333': ['1.163', '0.141', '0.080', '0.98254', '-0.18607', '0.00017', '0.18607',
    '0.98254', '-0.00040', '-0.00010', '0.00043', '1.00000']
  '003.8000': ['1.174', '0.144', '0.080', '0.98375', '-0.17952', '0.00018', '0.17952',
    '0.98375', '-0.00043', '-0.00010', '0.00045', '1.00000']
  '003.8667': ['1.208', '0.151', '0.080', '0.98997', '-0.14131', '0.00078', '0.14131',
    '0.98997', '-0.00074', '-0.00067', '0.00084', '1.00000']
  '003.9333': ['1.220', '0.154', '0.080', '0.99132', '-0.13144', '0.00079', '0.13144',
    '0.99132', '-0.00075', '-0.00068', '0.00085', '1.00000']
  '004.0000': ['1.230', '0.158', '0.080', '0.99203', '-0.12601', '0.00095', '0.12601',
    '0.99203', '-0.00070', '-0.00086', '0.00081', '1.00000']
  '004.0667': ['1.242', '0.161', '0.080', '0.99337', '-0.11494', '0.00104', '0.11494',
    '0.99337', '-0.00087', '-0.00093', '0.00098', '1.00000']
  '004.1333': ['1.227', '0.152', '0.080', '0.99113', '-0.13286', '0.00045', '0.13286',
    '0.99113', '-0.00043', '-0.00039', '0.00049', '1.00000']
  '004.2000': ['1.241', '0.155', '0.080', '0.99221', '-0.12458', '0.00047', '0.12458',
    '0.99221', '-0.00049', '-0.00041', '0.00055', '1.00000']
  '004.2667': ['1.251', '0.155', '0.080', '0.99207', '-0.12565', '0.00049', '0.12566',
    '0.99207', '-0.00049', '-0.00042', '0.00055', '1.00000']
  '004.3333': ['1.263', '0.158', '0.080', '0.99370', '-0.11206', '0.00054', '0.11206',
    '0.99370', '-0.00054', '-0.00047', '0.00060', '1.00000']
  '004.4000': ['1.276', '0.160', '0.080', '0.99370', '-0.11207', '0.00040', '0.11207',
    '0.99370', '-0.00058', '-0.00033', '0.00063', '1.00000']
  '004.4667': ['1.284', '0.161', '0.080', '0.99451', '-0.10468', '0.00038', '0.10468',
    '0.99451', '-0.00056', '-0.00032', '0.00060', '1.00000']
  '004.5333': ['1.293', '0.162', '0.080', '0.99492', '-0.10063', '0.00042', '0.10063',
    '0.99492', '-0.00056', '-0.00036', '0.00060', '1.00000']
  '004.6000': ['1.302', '0.163', '0.080', '0.99472', '-0.10267', '0.00040', '0.10267',
    '0.99472', '-0.00054', '-0.00034', '0.00058', '1.00000']
  '004.6667': ['1.311', '0.163', '0.080', '0.99411', '-0.10835', '0.00035', '0.10835',
    '0.99411', '-0.00051', '-0.00029', '0.00055', '1.00000']
  '004.7333': ['1.321', '0.164', '0.080', '0.99523', '-0.09757', '0.00038', '0.09757',
    '0.99523', '-0.00052', '-0.00033', '0.00056', '1.00000']
  '004.8000': ['1.329', '0.164', '0.080', '0.99569', '-0.09273', '0.00040', '0.09273',
    '0.99569', '-0.00051', '-0.00035', '0.00055', '1.00000']
  '004.8667': ['1.340', '0.165', '0.080', '0.99594', '-0.09001', '0.00039', '0.09001',
    '0.99594', '-0.00052', '-0.00034', '0.00055', '1.00000']
  '004.9333': ['1.351', '0.167', '0.080', '0.99661', '-0.08223', '0.00036', '0.08223',
    '0.99661', '-0.00049', '-0.00032', '0.00051', '1.00000']
  '005.0000': ['1.360', '0.167', '0.080', '0.99669', '-0.08135', '0.00036', '0.08135',
    '0.99669', '-0.00046', '-0.00032', '0.00049', '1.00000']
  '005.0667': ['1.370', '0.168', '0.080', '0.99419', '-0.10764', '0.00038', '0.10764',
    '0.99419', '-0.00044', '-0.00033', '0.00048', '1.00000']
  '005.1333': ['1.382', '0.170', '0.080', '0.98896', '-0.14819', '0.00034', '0.14819',
    '0.98896', '-0.00042', '-0.00027', '0.00046', '1.00000']
  '005.2000': ['1.394', '0.174', '0.080', '0.98279', '-0.18471', '0.00031', '0.18471',
    '0.98279', '-0.00039', '-0.00024', '0.00044', '1.00000']
  '005.2667': ['1.402', '0.174', '0.080', '0.97469', '-0.22355', '0.00032', '0.22355',
    '0.97469', '-0.00034', '-0.00023', '0.00041', '1.00000']
  '005.3333': ['1.414', '0.178', '0.080', '0.96696', '-0.25494', '0.00029', '0.25494',
    '0.96696', '-0.00034', '-0.00020', '0.00041', '1.00000']
  '005.4000': ['1.424', '0.180', '0.080', '0.95523', '-0.29586', '0.00029', '0.29586',
    '0.95523', '-0.00032', '-0.00018', '0.00039', '1.00000']
  '005.4667': ['1.435', '0.186', '0.080', '0.94359', '-0.33112', '0.00027', '0.33112',
    '0.94359', '-0.00032', '-0.00015', '0.00039', '1.00000']
  '005.5333': ['1.445', '0.189', '0.080', '0.92921', '-0.36954', '0.00026', '0.36954',
    '0.92921', '-0.00032', '-0.00012', '0.00039', '1.00000']
  '005.6000': ['1.455', '0.193', '0.080', '0.91457', '-0.40444', '0.00025', '0.40444',
    '0.91457', '-0.00031', '-0.00010', '0.00039', '1.00000']
  '005.6667': ['1.464', '0.198', '0.080', '0.89959', '-0.43674', '0.00026', '0.43674',
    '0.89959', '-0.00032', '-0.00010', '0.00041', '1.00000']
  '005.7333': ['1.474', '0.204', '0.080', '0.88583', '-0.46402', '0.00028', '0.46402',
    '0.88583', '-0.00033', '-0.00010', '0.00042', '1.00000']
  '005.8000': ['1.482', '0.210', '0.080', '0.87082', '-0.49161', '0.00030', '0.49161',
    '0.87082', '-0.00033', '-0.00010', '0.00044', '1.00000']
  '005.8667': ['1.491', '0.215', '0.080', '0.85354', '-0.52103', '0.00031', '0.52103',
    '0.85354', '-0.00034', '-0.00009', '0.00046', '1.00000']
  '005.9333': ['1.500', '0.221', '0.080', '0.83434', '-0.55125', '0.00032', '0.55125',
    '0.83434', '-0.00035', '-0.00008', '0.00047', '1.00000']
  '006.0000': ['1.509', '0.228', '0.080', '0.81984', '-0.57260', '0.00032', '0.57260',
    '0.81984', '-0.00033', '-0.00007', '0.00046', '1.00000']
  '006.0667': ['1.518', '0.235', '0.080', '0.80465', '-0.59375', '0.00034', '0.59375',
    '0.80465', '-0.00033', '-0.00007', '0.00047', '1.00000']
  '006.1333': ['1.527', '0.242', '0.080', '0.78767', '-0.61610', '0.00036', '0.61610',
    '0.78767', '-0.00034', '-0.00007', '0.00048', '1.00000']
  '006.2000': ['1.536', '0.248', '0.080', '0.76859', '-0.63974', '0.00034', '0.63974',
    '0.76859', '-0.00031', '-0.00006', '0.00045', '1.00000']
  '006.2667': ['1.538', '0.245', '0.080', '0.75928', '-0.65077', '-0.00009', '0.65077',
    '0.75928', '-0.00030', '0.00027', '0.00017', '1.00000']
  '006.3333': ['1.546', '0.252', '0.080', '0.73924', '-0.67344', '-0.00010', '0.67344',
    '0.73924', '-0.00029', '0.00027', '0.00015', '1.00000']
  '006.4000': ['1.555', '0.261', '0.080', '0.71594', '-0.69816', '-0.00011', '0.69816',
    '0.71594', '-0.00030', '0.00029', '0.00014', '1.00000']
  '006.4667': ['1.563', '0.269', '0.080', '0.69458', '-0.71941', '-0.00007', '0.71941',
    '0.69458', '-0.00028', '0.00025', '0.00015', '1.00000']
  '006.5333': ['1.579', '0.292', '0.080', '0.66368', '-0.74802', '0.00026', '0.74802',
    '0.66368', '-0.00025', '0.00001', '0.00036', '1.00000']
  '006.6000': ['1.588', '0.301', '0.080', '0.64460', '-0.76452', '0.00026', '0.76452',
    '0.64460', '-0.00023', '0.00001', '0.00034', '1.00000']
  '006.6667': ['1.587', '0.297', '0.080', '0.63440', '-0.77300', '-0.00003', '0.77300',
    '0.63440', '-0.00030', '0.00025', '0.00017', '1.00000']
  '006.7333': ['1.594', '0.307', '0.080', '0.61239', '-0.79056', '0.00002', '0.79056',
    '0.61239', '-0.00030', '0.00023', '0.00021', '1.00000']
  '006.8000': ['1.601', '0.317', '0.080', '0.58666', '-0.80983', '0.00003', '0.80983',
    '0.58666', '-0.00031', '0.00023', '0.00021', '1.00000']
  '006.8667': ['1.608', '0.327', '0.080', '0.55669', '-0.83072', '0.00003', '0.83072',
    '0.55669', '-0.00031', '0.00024', '0.00020', '1.00000']
  '006.9333': ['1.614', '0.337', '0.080', '0.52150', '-0.85325', '0.00008', '0.85325',
    '0.52150', '-0.00030', '0.00022', '0.00022', '1.00000']
  '007.0000': ['1.621', '0.348', '0.080', '0.48483', '-0.87461', '0.00010', '0.87461',
    '0.48483', '-0.00033', '0.00024', '0.00024', '1.00000']
  '007.0667': ['1.627', '0.359', '0.080', '0.44303', '-0.89651', '0.00011', '0.89651',
    '0.44303', '-0.00029', '0.00021', '0.00023', '1.00000']
  '007.1333': ['1.631', '0.371', '0.080', '0.40661', '-0.91360', '0.00014', '0.91360',
    '0.40661', '-0.00030', '0.00021', '0.00025', '1.00000']
  '007.2667': ['1.641', '0.396', '0.080', '0.33407', '-0.94255', '0.00012', '0.94255',
    '0.33407', '-0.00027', '0.00022', '0.00020', '1.00000']
  '007.4000': ['1.648', '0.421', '0.080', '0.26582', '-0.96402', '0.00015', '0.96402',
    '0.26582', '-0.00024', '0.00019', '0.00021', '1.00000']
  '007.5333': ['1.653', '0.446', '0.080', '0.19175', '-0.98144', '0.00024', '0.98144',
    '0.19175', '-0.00021', '0.00016', '0.00028', '1.00000']
  '007.6667': ['1.656', '0.470', '0.080', '0.13527', '-0.99081', '0.00033', '0.99081',
    '0.13527', '-0.00011', '0.00006', '0.00034', '1.00000']
  '007.7333': ['1.657', '0.481', '0.080', '0.10855', '-0.99409', '0.00029', '0.99409',
    '0.10855', '-0.00002', '-0.00002', '0.00029', '1.00000']
  '007.8667': ['1.660', '0.506', '0.080', '0.06831', '-0.99766', '0.00025', '0.99766',
    '0.06831', '-0.00003', '0.00002', '0.00025', '1.00000']
  '008.0000': ['1.660', '0.531', '0.080', '0.01581', '-0.99987', '0.00037', '0.99988',
    '0.01581', '0.00008', '-0.00008', '0.00037', '1.00000']
  '008.1333': ['1.661', '0.558', '0.080', '-0.03210', '-0.99948', '0.00027', '0.99948',
    '-0.03210', '0.00012', '-0.00011', '0.00027', '1.00000']
  '008.2667': ['1.662', '0.583', '0.080', '-0.05682', '-0.99838', '0.00017', '0.99838',
    '-0.05682', '0.00018', '-0.00017', '0.00018', '1.00000']
  '008.4000': ['1.660', '0.609', '0.080', '-0.09160', '-0.99580', '0.00021', '0.99580',
    '-0.09160', '0.00019', '-0.00017', '0.00023', '1.00000']
  '008.5333': ['1.660', '0.633', '0.080', '-0.12130', '-0.99262', '0.00007', '0.99262',
    '-0.12130', '0.00030', '-0.00029', '0.00011', '1.00000']
  '008.6667': ['1.658', '0.659', '0.080', '-0.14432', '-0.98953', '0.00004', '0.98953',
    '-0.14432', '0.00035', '-0.00034', '0.00009', '1.00000']
  '008.7333': ['1.656', '0.672', '0.080', '-0.15363', '-0.98813', '0.00006', '0.98813',
    '-0.15363', '0.00036', '-0.00034', '0.00011', '1.00000']
  '008.8000': ['1.654', '0.685', '0.080', '-0.15993', '-0.98713', '0.00002', '0.98713',
    '-0.15993', '0.00034', '-0.00033', '0.00008', '1.00000']
  '008.8667': ['1.652', '0.698', '0.080', '-0.16868', '-0.98567', '0.00003', '0.98567',
    '-0.16868', '0.00039', '-0.00038', '0.00009', '1.00000']
  '008.9333': ['1.650', '0.711', '0.080', '-0.17993', '-0.98368', '0.00002', '0.98368',
    '-0.17993', '0.00038', '-0.00037', '0.00009', '1.00000']
  '009.0000': ['1.647', '0.725', '0.080', '-0.18768', '-0.98223', '0.00001', '0.98223',
    '-0.18768', '0.00039', '-0.00039', '0.00008', '1.00000']
  '009.0667': ['1.645', '0.738', '0.080', '-0.19896', '-0.98001', '-0.00002', '0.98001',
    '-0.19896', '0.00043', '-0.00042', '0.00006', '1.00000']
  '009.1333': ['1.643', '0.752', '0.080', '-0.21346', '-0.97695', '-0.00003', '0.97695',
    '-0.21346', '0.00041', '-0.00040', '0.00006', '1.00000']
  '009.2000': ['1.639', '0.765', '0.080', '-0.22317', '-0.97478', '-0.00001', '0.97478',
    '-0.22317', '0.00044', '-0.00043', '0.00009', '1.00000']
  '009.2667': ['1.637', '0.778', '0.080', '-0.23486', '-0.97203', '-0.00008', '0.97203',
    '-0.23486', '0.00043', '-0.00044', '0.00002', '1.00000']
  '009.3333': ['1.633', '0.792', '0.080', '-0.24941', '-0.96840', '-0.00005', '0.96840',
    '-0.24941', '0.00042', '-0.00042', '0.00006', '1.00000']
  '009.4000': ['1.629', '0.805', '0.080', '-0.26266', '-0.96489', '-0.00005', '0.96489',
    '-0.26266', '0.00041', '-0.00041', '0.00006', '1.00000']
  '009.4667': ['1.626', '0.817', '0.080', '-0.27469', '-0.96153', '-0.00005', '0.96153',
    '-0.27469', '0.00044', '-0.00044', '0.00008', '1.00000']
  '009.5333': ['1.622', '0.829', '0.080', '-0.29043', '-0.95690', '-0.00005', '0.95690',
    '-0.29043', '0.00045', '-0.00044', '0.00008', '1.00000']
  '009.6000': ['1.620', '0.840', '0.080', '-0.31018', '-0.95068', '-0.00010', '0.95068',
    '-0.31018', '0.00048', '-0.00049', '0.00005', '1.00000']
  '009.6667': ['1.616', '0.852', '0.080', '-0.33988', '-0.94047', '-0.00010', '0.94047',
    '-0.33988', '0.00047', '-0.00048', '0.00006', '1.00000']
  '009.7333': ['1.612', '0.863', '0.080', '-0.36412', '-0.93135', '-0.00014', '0.93135',
    '-0.36412', '0.00046', '-0.00048', '0.00003', '1.00000']
  '009.8000': ['1.607', '0.876', '0.080', '-0.38953', '-0.92101', '-0.00014', '0.92101',
    '-0.38953', '0.00043', '-0.00045', '0.00004', '1.00000']
  '009.8667': ['1.603', '0.885', '0.080', '-0.41997', '-0.90754', '-0.00011', '0.90754',
    '-0.41997', '0.00047', '-0.00047', '0.00010', '1.00000']
  '009.9333': ['1.598', '0.898', '0.080', '-0.45181', '-0.89212', '-0.00017', '0.89212',
    '-0.45181', '0.00043', '-0.00047', '0.00004', '1.00000']
  '010.0000': ['1.592', '0.909', '0.080', '-0.48684', '-0.87349', '-0.00018', '0.87349',
    '-0.48684', '0.00039', '-0.00043', '0.00003', '1.00000']
  '010.0667': ['1.586', '0.920', '0.080', '-0.51885', '-0.85487', '-0.00021', '0.85487',
    '-0.51885', '0.00038', '-0.00044', '0.00002', '1.00000']
  '010.1333': ['1.579', '0.931', '0.080', '-0.54800', '-0.83648', '-0.00023', '0.83648',
    '-0.54800', '0.00039', '-0.00045', '0.00002', '1.00000']
  '010.2000': ['1.571', '0.942', '0.080', '-0.57528', '-0.81796', '-0.00023', '0.81796',
    '-0.57528', '0.00038', '-0.00044', '0.00003', '1.00000']
  '010.2667': ['1.564', '0.952', '0.080', '-0.60558', '-0.79578', '-0.00026', '0.79578',
    '-0.60558', '0.00034', '-0.00043', '-0.00000', '1.00000']
  '010.3333': ['1.555', '0.961', '0.080', '-0.63858', '-0.76956', '-0.00025', '0.76956',
    '-0.63858', '0.00033', '-0.00041', '0.00002', '1.00000']
  '010.4000': ['1.546', '0.970', '0.080', '-0.67558', '-0.73729', '-0.00023', '0.73729',
    '-0.67558', '0.00035', '-0.00041', '0.00006', '1.00000']
  '010.4667': ['1.538', '0.978', '0.080', '-0.71129', '-0.70290', '-0.00022', '0.70290',
    '-0.71129', '0.00037', '-0.00042', '0.00011', '1.00000']
  '010.5333': ['1.529', '0.986', '0.080', '-0.74139', '-0.67107', '-0.00021', '0.67107',
    '-0.74139', '0.00038', '-0.00041', '0.00014', '1.00000']
  '010.6000': ['1.520', '0.992', '0.080', '-0.76717', '-0.64144', '-0.00018', '0.64144',
    '-0.76717', '0.00044', '-0.00042', '0.00022', '1.00000']
  '010.6667': ['1.512', '0.998', '0.080', '-0.78991', '-0.61322', '-0.00019', '0.61322',
    '-0.78991', '0.00048', '-0.00045', '0.00027', '1.00000']
  '010.7333': ['1.503', '1.004', '0.080', '-0.80915', '-0.58761', '-0.00022', '0.58761',
    '-0.80915', '0.00050', '-0.00047', '0.00027', '1.00000']
  '010.8000': ['1.493', '1.012', '0.080', '-0.82552', '-0.56437', '-0.00025', '0.56437',
    '-0.82552', '0.00046', '-0.00047', '0.00024', '1.00000']
  '010.8667': ['1.483', '1.020', '0.080', '-0.84087', '-0.54124', '-0.00027', '0.54124',
    '-0.84087', '0.00044', '-0.00046', '0.00023', '1.00000']
  '010.9333': ['1.472', '1.027', '0.080', '-0.85369', '-0.52078', '-0.00028', '0.52078',
    '-0.85369', '0.00044', '-0.00047', '0.00023', '1.00000']
  '011.0000': ['1.461', '1.035', '0.080', '-0.86494', '-0.50188', '-0.00036', '0.50188',
    '-0.86494', '0.00043', '-0.00053', '0.00019', '1.00000']
  '011.0667': ['1.450', '1.042', '0.080', '-0.88963', '-0.45668', '-0.00032', '0.45668',
    '-0.88963', '0.00040', '-0.00047', '0.00021', '1.00000']
  '011.1333': ['1.437', '1.049', '0.080', '-0.90866', '-0.41754', '-0.00033', '0.41754',
    '-0.90866', '0.00036', '-0.00045', '0.00018', '1.00000']
  '011.2000': ['1.427', '1.052', '0.080', '-0.92638', '-0.37659', '-0.00035', '0.37659',
    '-0.92638', '0.00035', '-0.00046', '0.00019', '1.00000']
  '011.2667': ['1.413', '1.058', '0.080', '-0.94410', '-0.32967', '-0.00034', '0.32967',
    '-0.94410', '0.00036', '-0.00044', '0.00022', '1.00000']
  '011.3333': ['1.400', '1.062', '0.080', '-0.96024', '-0.27918', '-0.00034', '0.27918',
    '-0.96024', '0.00035', '-0.00043', '0.00024', '1.00000']
  '011.4000': ['1.388', '1.066', '0.080', '-0.97246', '-0.23306', '-0.00035', '0.23306',
    '-0.97246', '0.00034', '-0.00042', '0.00025', '1.00000']
  '011.4667': ['1.374', '1.069', '0.080', '-0.98322', '-0.18242', '-0.00036', '0.18242',
    '-0.98322', '0.00032', '-0.00041', '0.00025', '1.00000']
  '011.5333': ['1.362', '1.070', '0.080', '-0.99086', '-0.13492', '-0.00036', '0.13492',
    '-0.99086', '0.00033', '-0.00040', '0.00028', '1.00000']
  '011.6000': ['1.352', '1.068', '0.080', '-0.99536', '-0.09618', '-0.00037', '0.09618',
    '-0.99536', '0.00038', '-0.00041', '0.00034', '1.00000']
  '011.6667': ['1.335', '1.073', '0.080', '-0.99797', '-0.06362', '-0.00038', '0.06362',
    '-0.99797', '0.00035', '-0.00041', '0.00032', '1.00000']
  '011.7333': ['1.321', '1.076', '0.080', '-0.99924', '-0.03893', '-0.00039', '0.03893',
    '-0.99924', '0.00033', '-0.00041', '0.00031', '1.00000']
  '011.8000': ['1.309', '1.074', '0.080', '-0.99990', '-0.01388', '-0.00037', '0.01388',
    '-0.99990', '0.00035', '-0.00038', '0.00034', '1.00000']
  '011.8667': ['1.293', '1.077', '0.080', '-1.00000', '0.00006', '-0.00043', '-0.00006',
    '-1.00000', '0.00032', '-0.00043', '0.00032', '1.00000']
  '011.9333': ['1.280', '1.075', '0.080', '-0.99906', '0.04334', '-0.00037', '-0.04334',
    '-0.99906', '0.00034', '-0.00035', '0.00036', '1.00000']
  '012.0000': ['1.268', '1.071', '0.080', '-0.99768', '0.06809', '-0.00044', '-0.06809',
    '-0.99768', '0.00040', '-0.00041', '0.00043', '1.00000']
  '012.0667': ['1.252', '1.072', '0.080', '-0.99790', '0.06478', '-0.00043', '-0.06478',
    '-0.99790', '0.00035', '-0.00041', '0.00038', '1.00000']
  '012.1333': ['1.233', '1.074', '0.080', '-0.99809', '0.06177', '-0.00048', '-0.06177',
    '-0.99809', '0.00031', '-0.00046', '0.00034', '1.00000']
  '012.2000': ['1.220', '1.069', '0.080', '-0.99657', '0.08277', '-0.00048', '-0.08277',
    '-0.99657', '0.00031', '-0.00045', '0.00034', '1.00000']
  '012.2667': ['1.204', '1.068', '0.080', '-0.99512', '0.09870', '-0.00046', '-0.09870',
    '-0.99512', '0.00031', '-0.00043', '0.00035', '1.00000']
  '012.3333': ['1.187', '1.068', '0.080', '-0.99266', '0.12096', '-0.00042', '-0.12096',
    '-0.99266', '0.00032', '-0.00037', '0.00036', '1.00000']
  '012.4000': ['1.176', '1.063', '0.080', '-0.99039', '0.13833', '-0.00040', '-0.13833',
    '-0.99039', '0.00035', '-0.00035', '0.00040', '1.00000']
  '012.4667': ['1.162', '1.060', '0.080', '-0.98917', '0.14675', '-0.00038', '-0.14675',
    '-0.98917', '0.00036', '-0.00033', '0.00041', '1.00000']
  '012.5333': ['1.145', '1.060', '0.080', '-0.98855', '0.15087', '-0.00036', '-0.15087',
    '-0.98855', '0.00035', '-0.00030', '0.00040', '1.00000']
  '012.6000': ['1.131', '1.058', '0.080', '-0.99173', '0.12831', '-0.00039', '-0.12831',
    '-0.99173', '0.00032', '-0.00034', '0.00037', '1.00000']
  '012.6667': ['1.122', '1.053', '0.080', '-0.99331', '0.11547', '-0.00042', '-0.11547',
    '-0.99331', '0.00033', '-0.00037', '0.00038', '1.00000']
  '012.7333': ['1.113', '1.048', '0.080', '-0.99472', '0.10261', '-0.00044', '-0.10261',
    '-0.99472', '0.00034', '-0.00041', '0.00038', '1.00000']
  '012.8000': ['1.095', '1.050', '0.080', '-0.99530', '0.09682', '-0.00044', '-0.09682',
    '-0.99530', '0.00032', '-0.00040', '0.00036', '1.00000']
  '012.8667': ['1.085', '1.045', '0.080', '-0.99479', '0.10194', '-0.00040', '-0.10194',
    '-0.99479', '0.00036', '-0.00037', '0.00040', '1.00000']
  '012.9333': ['1.066', '1.046', '0.080', '-0.99481', '0.10178', '-0.00037', '-0.10178',
    '-0.99481', '0.00034', '-0.00033', '0.00037', '1.00000']
  '015.1333': ['0.644', '1.035', '0.080', '-0.99974', '0.02260', '0.00010', '-0.02260',
    '-0.99974', '0.00064', '0.00011', '0.00063', '1.00000']
  '015.2000': ['0.634', '1.036', '0.080', '-0.99992', '0.01246', '0.00008', '-0.01246',
    '-0.99992', '0.00063', '0.00009', '0.00063', '1.00000']
  '015.2667': ['0.623', '1.035', '0.080', '-0.99994', '0.01121', '0.00009', '-0.01121',
    '-0.99994', '0.00062', '0.00009', '0.00062', '1.00000']
  '015.3333': ['0.616', '1.036', '0.080', '-0.99998', '0.00638', '0.00007', '-0.00638',
    '-0.99998', '0.00063', '0.00008', '0.00063', '1.00000']
  '015.4000': ['0.602', '1.034', '0.080', '-0.99999', '0.00503', '0.00008', '-0.00503',
    '-0.99999', '0.00063', '0.00008', '0.00063', '1.00000']
  '015.4667': ['0.588', '1.035', '0.080', '-0.99999', '-0.00426', '0.00006', '0.00426',
    '-0.99999', '0.00065', '0.00006', '0.00065', '1.00000']
  '015.5333': ['0.577', '1.035', '0.080', '-1.00000', '-0.00141', '0.00004', '0.00141',
    '-1.00000', '0.00067', '0.00004', '0.00067', '1.00000']
  '015.6000': ['0.563', '1.037', '0.080', '-0.99992', '0.01255', '0.00001', '-0.01255',
    '-0.99992', '0.00066', '0.00002', '0.00066', '1.00000']
  '015.6667': ['0.545', '1.034', '0.080', '-0.99977', '0.02140', '0.00000', '-0.02140',
    '-0.99977', '0.00068', '0.00002', '0.00068', '1.00000']
  '015.7333': ['0.531', '1.033', '0.080', '-0.99934', '0.03630', '-0.00001', '-0.03630',
    '-0.99934', '0.00069', '0.00001', '0.00069', '1.00000']
  '015.8000': ['0.522', '1.033', '0.080', '-0.99917', '0.04063', '-0.00001', '-0.04063',
    '-0.99917', '0.00069', '0.00001', '0.00069', '1.00000']
  '015.8667': ['0.503', '1.031', '0.080', '-0.99773', '0.06733', '-0.00000', '-0.06733',
    '-0.99773', '0.00069', '0.00004', '0.00069', '1.00000']
  '015.9333': ['0.490', '1.030', '0.080', '-0.99565', '0.09312', '-0.00001', '-0.09312',
    '-0.99565', '0.00070', '0.00005', '0.00070', '1.00000']
  '016.0000': ['0.479', '1.030', '0.080', '-0.99318', '0.11663', '-0.00003', '-0.11663',
    '-0.99318', '0.00070', '0.00005', '0.00070', '1.00000']
  '016.0667': ['0.464', '1.028', '0.080', '-0.99008', '0.14049', '-0.00004', '-0.14049',
    '-0.99008', '0.00071', '0.00006', '0.00071', '1.00000']
  '016.1333': ['0.450', '1.025', '0.080', '-0.98567', '0.16869', '-0.00007', '-0.16869',
    '-0.98567', '0.00070', '0.00005', '0.00070', '1.00000']
  '016.2000': ['0.439', '1.023', '0.080', '-0.98155', '0.19122', '-0.00006', '-0.19122',
    '-0.98155', '0.00069', '0.00007', '0.00069', '1.00000']
  '016.2667': ['0.418', '1.017', '0.080', '-0.97271', '0.23201', '-0.00007', '-0.23201',
    '-0.97271', '0.00069', '0.00009', '0.00069', '1.00000']
  '016.3333': ['0.408', '1.015', '0.080', '-0.96719', '0.25404', '-0.00009', '-0.25404',
    '-0.96719', '0.00069', '0.00009', '0.00069', '1.00000']
  '016.4000': ['0.399', '1.013', '0.080', '-0.96253', '0.27117', '-0.00010', '-0.27117',
    '-0.96253', '0.00068', '0.00009', '0.00068', '1.00000']
  '016.4667': ['0.380', '1.007', '0.080', '-0.95446', '0.29834', '-0.00012', '-0.29834',
    '-0.95446', '0.00068', '0.00009', '0.00069', '1.00000']
  '016.5333': ['0.369', '1.003', '0.080', '-0.94788', '0.31863', '-0.00012', '-0.31863',
    '-0.94788', '0.00069', '0.00011', '0.00069', '1.00000']
  '016.6000': ['0.360', '1.000', '0.080', '-0.93977', '0.34180', '-0.00014', '-0.34180',
    '-0.93977', '0.00070', '0.00010', '0.00070', '1.00000']
  '016.6667': ['0.349', '0.996', '0.080', '-0.92855', '0.37122', '-0.00016', '-0.37122',
    '-0.92855', '0.00071', '0.00011', '0.00072', '1.00000']
  '016.7333': ['0.333', '0.988', '0.080', '-0.91014', '0.41430', '-0.00019', '-0.41430',
    '-0.91014', '0.00071', '0.00012', '0.00072', '1.00000']
  '016.8000': ['0.325', '0.983', '0.080', '-0.89849', '0.43900', '-0.00021', '-0.43900',
    '-0.89849', '0.00069', '0.00012', '0.00071', '1.00000']
  '016.8667': ['0.315', '0.979', '0.080', '-0.88445', '0.46664', '-0.00022', '-0.46664',
    '-0.88445', '0.00068', '0.00012', '0.00070', '1.00000']
  '016.9333': ['0.304', '0.972', '0.080', '-0.86608', '0.49991', '-0.00024', '-0.49991',
    '-0.86608', '0.00069', '0.00013', '0.00072', '1.00000']
  '017.0000': ['0.288', '0.962', '0.080', '-0.82551', '0.56438', '-0.00027', '-0.56438',
    '-0.82551', '0.00066', '0.00015', '0.00069', '1.00000']
  '017.0667': ['0.280', '0.956', '0.080', '-0.80514', '0.59309', '-0.00027', '-0.59309',
    '-0.80514', '0.00064', '0.00016', '0.00068', '1.00000']
  '017.1333': ['0.272', '0.949', '0.080', '-0.78180', '0.62353', '-0.00028', '-0.62353',
    '-0.78180', '0.00066', '0.00019', '0.00069', '1.00000']
  '017.2000': ['0.265', '0.943', '0.080', '-0.76029', '0.64959', '-0.00029', '-0.64959',
    '-0.76029', '0.00064', '0.00020', '0.00068', '1.00000']
  '017.2667': ['0.253', '0.932', '0.080', '-0.72204', '0.69185', '-0.00028', '-0.69185',
    '-0.72204', '0.00060', '0.00022', '0.00063', '1.00000']
  '017.3333': ['0.240', '0.918', '0.080', '-0.68475', '0.72878', '-0.00030', '-0.72878',
    '-0.68475', '0.00059', '0.00022', '0.00062', '1.00000']
  '017.4000': ['0.233', '0.911', '0.080', '-0.66934', '0.74296', '-0.00032', '-0.74296',
    '-0.66934', '0.00056', '0.00020', '0.00061', '1.00000']
  '017.4667': ['0.221', '0.897', '0.080', '-0.64190', '0.76679', '-0.00036', '-0.76679',
    '-0.64190', '0.00055', '0.00020', '0.00063', '1.00000']
  '017.5333': ['0.213', '0.887', '0.080', '-0.62027', '0.78439', '-0.00039', '-0.78439',
    '-0.62027', '0.00057', '0.00020', '0.00066', '1.00000']
  '017.6000': ['0.205', '0.877', '0.080', '-0.58275', '0.81265', '-0.00041', '-0.81265',
    '-0.58275', '0.00051', '0.00018', '0.00063', '1.00000']
  '017.6666': ['0.201', '0.870', '0.080', '-0.56736', '0.82347', '-0.00042', '-0.82347',
    '-0.56736', '0.00052', '0.00019', '0.00064', '1.00000']
  '017.7333': ['0.194', '0.861', '0.080', '-0.54171', '0.84056', '-0.00044', '-0.84056',
    '-0.54171', '0.00049', '0.00018', '0.00064', '1.00000']
  '017.8000': ['0.190', '0.854', '0.080', '-0.52691', '0.84992', '-0.00045', '-0.84992',
    '-0.52691', '0.00049', '0.00018', '0.00064', '1.00000']
  '017.8666': ['0.180', '0.838', '0.080', '-0.48155', '0.87642', '-0.00050', '-0.87642',
    '-0.48155', '0.00046', '0.00016', '0.00066', '1.00000']
  '017.9333': ['0.164', '0.812', '0.080', '-0.43541', '0.90023', '-0.00060', '-0.90023',
    '-0.43541', '0.00008', '-0.00019', '0.00058', '1.00000']
  '018.0000': ['0.160', '0.800', '0.080', '-0.39996', '0.91653', '-0.00060', '-0.91653',
    '-0.39996', '0.00005', '-0.00019', '0.00057', '1.00000']
  '018.0666': ['0.152', '0.785', '0.080', '-0.37824', '0.92571', '-0.00057', '-0.92571',
    '-0.37824', '0.00001', '-0.00020', '0.00053', '1.00000']
  '018.1333': ['0.145', '0.770', '0.080', '-0.34468', '0.93872', '-0.00056', '-0.93872',
    '-0.34468', '0.00000', '-0.00019', '0.00053', '1.00000']
  '018.2000': ['0.142', '0.757', '0.080', '-0.31846', '0.94794', '-0.00059', '-0.94794',
    '-0.31846', '-0.00001', '-0.00020', '0.00056', '1.00000']
  '018.2666': ['0.148', '0.758', '0.080', '-0.30024', '0.95386', '-0.00055', '-0.95386',
    '-0.30024', '0.00023', '0.00006', '0.00060', '1.00000']
  '018.3333': ['0.144', '0.747', '0.080', '-0.28019', '0.95994', '-0.00053', '-0.95994',
    '-0.28019', '0.00020', '0.00004', '0.00056', '1.00000']
  '018.4000': ['0.142', '0.739', '0.080', '-0.26975', '0.96293', '-0.00053', '-0.96293',
    '-0.26975', '0.00017', '0.00002', '0.00056', '1.00000']
  '018.4666': ['0.139', '0.729', '0.080', '-0.25867', '0.96597', '-0.00057', '-0.96597',
    '-0.25867', '0.00015', '-0.00000', '0.00059', '1.00000']
  '018.5333': ['0.135', '0.714', '0.080', '-0.24015', '0.97073', '-0.00057', '-0.97073',
    '-0.24015', '0.00011', '-0.00003', '0.00057', '1.00000']
  '018.6000': ['0.130', '0.699', '0.080', '-0.22427', '0.97453', '-0.00051', '-0.97453',
    '-0.22427', '0.00009', '-0.00003', '0.00051', '1.00000']
  '018.6666': ['0.129', '0.691', '0.080', '-0.21522', '0.97657', '-0.00057', '-0.97657',
    '-0.21522', '0.00002', '-0.00010', '0.00056', '1.00000']
  '018.7333': ['0.127', '0.679', '0.080', '-0.19841', '0.98012', '-0.00061', '-0.98012',
    '-0.19841', '-0.00005', '-0.00017', '0.00059', '1.00000']
  '018.8000': ['0.124', '0.666', '0.080', '-0.17919', '0.98381', '-0.00059', '-0.98381',
    '-0.17919', '-0.00007', '-0.00017', '0.00057', '1.00000']
  '018.8666': ['0.121', '0.652', '0.080', '-0.16075', '0.98700', '-0.00060', '-0.98700',
    '-0.16075', '-0.00004', '-0.00014', '0.00059', '1.00000']
  '018.9333': ['0.120', '0.641', '0.080', '-0.14825', '0.98895', '-0.00063', '-0.98895',
    '-0.14825', '-0.00007', '-0.00016', '0.00062', '1.00000']
  '019.0000': ['0.118', '0.633', '0.080', '-0.13664', '0.99062', '-0.00060', '-0.99062',
    '-0.13664', '-0.00012', '-0.00020', '0.00058', '1.00000']
  '019.0666': ['0.115', '0.620', '0.080', '-0.11210', '0.99370', '-0.00053', '-0.99370',
    '-0.11210', '-0.00019', '-0.00025', '0.00050', '1.00000']
  '019.1333': ['0.114', '0.608', '0.080', '-0.08687', '0.99622', '-0.00051', '-0.99622',
    '-0.08687', '-0.00023', '-0.00028', '0.00049', '1.00000']
  '019.2000': ['0.114', '0.599', '0.080', '-0.06646', '0.99779', '-0.00051', '-0.99779',
    '-0.06646', '-0.00026', '-0.00029', '0.00049', '1.00000']
  '019.2666': ['0.113', '0.587', '0.080', '-0.04106', '0.99916', '-0.00050', '-0.99916',
    '-0.04106', '-0.00028', '-0.00030', '0.00049', '1.00000']
  '019.3333': ['0.114', '0.569', '0.080', '-0.00573', '0.99998', '-0.00054', '-0.99998',
    '-0.00573', '-0.00023', '-0.00023', '0.00054', '1.00000']
  '019.4000': ['0.113', '0.558', '0.080', '0.01586', '0.99987', '-0.00047', '-0.99987',
    '0.01586', '-0.00027', '-0.00027', '0.00048', '1.00000']
  '019.4666': ['0.113', '0.545', '0.080', '0.03415', '0.99942', '-0.00045', '-0.99942',
    '0.03415', '-0.00027', '-0.00026', '0.00046', '1.00000']
  '019.5333': ['0.113', '0.533', '0.080', '0.04515', '0.99898', '-0.00045', '-0.99898',
    '0.04515', '-0.00033', '-0.00031', '0.00047', '1.00000']
  '019.6000': ['0.113', '0.526', '0.080', '0.05136', '0.99868', '-0.00044', '-0.99868',
    '0.05136', '-0.00034', '-0.00032', '0.00046', '1.00000']
  '019.6666': ['0.114', '0.516', '0.080', '0.05940', '0.99823', '-0.00043', '-0.99823',
    '0.05940', '-0.00035', '-0.00032', '0.00045', '1.00000']
  '019.7333': ['0.115', '0.498', '0.080', '0.07555', '0.99714', '-0.00045', '-0.99714',
    '0.07554', '-0.00038', '-0.00034', '0.00047', '1.00000']
  '019.8000': ['0.117', '0.480', '0.080', '0.10049', '0.99494', '-0.00044', '-0.99494',
    '0.10049', '-0.00042', '-0.00038', '0.00048', '1.00000']
  '019.8666': ['0.118', '0.466', '0.080', '0.14294', '0.98973', '-0.00041', '-0.98973',
    '0.14294', '-0.00045', '-0.00039', '0.00047', '1.00000']
  '019.9333': ['0.120', '0.454', '0.080', '0.18035', '0.98360', '-0.00041', '-0.98360',
    '0.18035', '-0.00046', '-0.00037', '0.00049', '1.00000']
  '020.0000': ['0.122', '0.443', '0.080', '0.21689', '0.97620', '-0.00038', '-0.97620',
    '0.21689', '-0.00047', '-0.00038', '0.00047', '1.00000']
  '020.0666': ['0.126', '0.428', '0.080', '0.26568', '0.96406', '-0.00036', '-0.96406',
    '0.26568', '-0.00048', '-0.00037', '0.00047', '1.00000']
  '023.0000': ['0.480', '0.123', '0.080', '0.99900', '0.04479', '0.00046', '-0.04479',
    '0.99900', '0.00010', '-0.00045', '-0.00012', '1.00000']
  '023.0666': ['0.505', '0.118', '0.080', '0.99978', '0.02103', '0.00052', '-0.02103',
    '0.99978', '0.00023', '-0.00051', '-0.00024', '1.00000']
  '023.1333': ['0.528', '0.113', '0.080', '0.99998', '-0.00617', '0.00058', '0.00617',
    '0.99998', '0.00032', '-0.00058', '-0.00032', '1.00000']
  '023.2000': ['0.549', '0.109', '0.080', '0.99948', '-0.03217', '0.00062', '0.03217',
    '0.99948', '0.00041', '-0.00063', '-0.00039', '1.00000']
  '023.2666': ['0.567', '0.107', '0.080', '0.99861', '-0.05261', '0.00065', '0.05261',
    '0.99862', '0.00046', '-0.00067', '-0.00042', '1.00000']
  '023.3333': ['0.583', '0.105', '0.080', '0.99779', '-0.06640', '0.00068', '0.06640',
    '0.99779', '0.00047', '-0.00071', '-0.00043', '1.00000']
  '023.4000': ['0.597', '0.105', '0.080', '0.99712', '-0.07581', '0.00069', '0.07581',
    '0.99712', '0.00047', '-0.00073', '-0.00042', '1.00000']
  '023.4666': ['0.612', '0.104', '0.080', '0.99574', '-0.09224', '0.00070', '0.09224',
    '0.99574', '0.00049', '-0.00074', '-0.00042', '1.00000']
  '023.5333': ['0.619', '0.106', '0.080', '0.99533', '-0.09656', '0.00071', '0.09656',
