begin_time_stamp: 1588329401.5999968
data_header:
  time_stamp: [x, y, z, R11, R12, R13, R21, R22, R23, R31, R32, R33]
trajectory_data:
  '000.0000': ['0.573', '0.186', '0.080', '0.99941', '-0.03421', '0.00025', '0.03421',
    '0.99941', '-0.00039', '-0.00024', '0.00040', '1.00000']
  '000.0667': ['0.573', '0.185', '0.080', '0.99935', '-0.03593', '0.00025', '0.03593',
    '0.99935', '-0.00039', '-0.00023', '0.00040', '1.00000']
  '000.1333': ['0.573', '0.185', '0.080', '0.99930', '-0.03744', '0.00025', '0.03744',
    '0.99930', '-0.00039', '-0.00023', '0.00040', '1.00000']
  '000.2000': ['0.573', '0.186', '0.080', '0.99926', '-0.03835', '0.00025', '0.03835',
    '0.99926', '-0.00040', '-0.00023', '0.00041', '1.00000']
  '000.2667': ['0.574', '0.185', '0.080', '0.99931', '-0.03719', '0.00024', '0.03719',
    '0.99931', '-0.00039', '-0.00023', '0.00040', '1.00000']
  '000.3333': ['0.572', '0.186', '0.080', '0.99926', '-0.03841', '0.00025', '0.03841',
    '0.99926', '-0.00040', '-0.00023', '0.00041', '1.00000']
  '000.4000': ['0.572', '0.186', '0.080', '0.99941', '-0.03430', '0.00025', '0.03430',
    '0.99941', '-0.00040', '-0.00024', '0.00040', '1.00000']
  '000.4667': ['0.572', '0.187', '0.080', '0.99943', '-0.03362', '0.00026', '0.03362',
    '0.99943', '-0.00040', '-0.00024', '0.00041', '1.00000']
  '000.5333': ['0.573', '0.185', '0.080', '0.99932', '-0.03692', '0.00025', '0.03692',
    '0.99932', '-0.00039', '-0.00024', '0.00040', '1.00000']
  '000.6000': ['0.573', '0.185', '0.080', '0.99936', '-0.03581', '0.00024', '0.03581',
    '0.99936', '-0.00039', '-0.00023', '0.00040', '1.00000']
  '000.6667': ['0.573', '0.186', '0.080', '0.99937', '-0.03550', '0.00025', '0.03550',
    '0.99937', '-0.00039', '-0.00024', '0.00040', '1.00000']
  '000.7333': ['0.573', '0.185', '0.080', '0.99937', '-0.03551', '0.00025', '0.03551',
    '0.99937', '-0.00039', '-0.00024', '0.00040', '1.00000']
  '000.8000': ['0.570', '0.188', '0.080', '0.99933', '-0.03653', '0.00026', '0.03653',
    '0.99933', '-0.00041', '-0.00025', '0.00041', '1.00000']
  '000.8667': ['0.572', '0.186', '0.080', '0.99930', '-0.03746', '0.00025', '0.03746',
    '0.99930', '-0.00040', '-0.00023', '0.00041', '1.00000']
  '000.9333': ['0.574', '0.185', '0.080', '0.99938', '-0.03528', '0.00025', '0.03528',
    '0.99938', '-0.00039', '-0.00023', '0.00040', '1.00000']
  '001.0000': ['0.574', '0.185', '0.080', '0.99944', '-0.03346', '0.00025', '0.03346',
    '0.99944', '-0.00039', '-0.00023', '0.00040', '1.00000']
  '001.0667': ['0.574', '0.185', '0.080', '0.99930', '-0.03730', '0.00024', '0.03730',
    '0.99930', '-0.00039', '-0.00023', '0.00040', '1.00000']
  '001.1333': ['0.572', '0.186', '0.080', '0.99933', '-0.03672', '0.00025', '0.03672',
    '0.99933', '-0.00039', '-0.00024', '0.00040', '1.00000']
  '001.2000': ['0.572', '0.186', '0.080', '0.99933', '-0.03673', '0.00026', '0.03673',
    '0.99933', '-0.00039', '-0.00024', '0.00040', '1.00000']
  '001.2667': ['0.572', '0.186', '0.080', '0.99943', '-0.03382', '0.00026', '0.03382',
    '0.99943', '-0.00040', '-0.00025', '0.00041', '1.00000']
  '001.3333': ['0.574', '0.185', '0.080', '0.99943', '-0.03385', '0.00025', '0.03385',
    '0.99943', '-0.00039', '-0.00023', '0.00040', '1.00000']
  '001.4000': ['0.574', '0.185', '0.080', '0.99937', '-0.03548', '0.00025', '0.03548',
    '0.99937', '-0.00039', '-0.00023', '0.00040', '1.00000']
  '001.4667': ['0.573', '0.185', '0.080', '0.99934', '-0.03642', '0.00025', '0.03642',
    '0.99934', '-0.00039', '-0.00023', '0.00040', '1.00000']
  '001.5333': ['0.572', '0.186', '0.080', '0.99922', '-0.03938', '0.00025', '0.03938',
    '0.99922', '-0.00041', '-0.00023', '0.00042', '1.00000']
  '001.6000': ['0.572', '0.187', '0.080', '0.99928', '-0.03785', '0.00026', '0.03785',
    '0.99928', '-0.00040', '-0.00024', '0.00041', '1.00000']
  '001.6667': ['0.572', '0.187', '0.080', '0.99936', '-0.03584', '0.00026', '0.03584',
    '0.99936', '-0.00040', '-0.00025', '0.00041', '1.00000']
  '001.7333': ['0.573', '0.186', '0.080', '0.99941', '-0.03436', '0.00025', '0.03436',
    '0.99941', '-0.00040', '-0.00024', '0.00040', '1.00000']
  '001.8000': ['0.572', '0.186', '0.080', '0.99931', '-0.03717', '0.00026', '0.03717',
    '0.99931', '-0.00040', '-0.00024', '0.00041', '1.00000']
  '001.8667': ['0.574', '0.185', '0.080', '0.99936', '-0.03571', '0.00024', '0.03571',
    '0.99936', '-0.00039', '-0.00023', '0.00040', '1.00000']
  '001.9333': ['0.575', '0.184', '0.080', '0.99935', '-0.03602', '0.00024', '0.03602',
    '0.99935', '-0.00038', '-0.00023', '0.00039', '1.00000']
  '002.0000': ['0.573', '0.186', '0.080', '0.99933', '-0.03654', '0.00025', '0.03654',
    '0.99933', '-0.00039', '-0.00023', '0.00040', '1.00000']
  '002.0667': ['0.578', '0.184', '0.080', '0.99969', '-0.02495', '0.00025', '0.02495',
    '0.99969', '-0.00038', '-0.00024', '0.00038', '1.00000']
  '002.1333': ['0.589', '0.184', '0.080', '1.00000', '0.00004', '0.00026', '-0.00004',
    '1.00000', '-0.00035', '-0.00026', '0.00035', '1.00000']
  '002.2000': ['0.600', '0.183', '0.080', '0.99964', '0.02675', '0.00025', '-0.02675',
    '0.99964', '-0.00033', '-0.00025', '0.00032', '1.00000']
  '002.2667': ['0.610', '0.186', '0.080', '0.99904', '0.04371', '0.00027', '-0.04371',
    '0.99904', '-0.00036', '-0.00029', '0.00034', '1.00000']
  '002.3333': ['0.623', '0.184', '0.080', '0.99788', '0.06502', '0.00027', '-0.06502',
    '0.99788', '-0.00037', '-0.00029', '0.00035', '1.00000']
  '002.4000': ['0.634', '0.183', '0.080', '0.99709', '0.07625', '0.00027', '-0.07625',
    '0.99709', '-0.00035', '-0.00029', '0.00033', '1.00000']
  '002.4667': ['0.652', '0.182', '0.080', '0.99695', '0.07802', '0.00026', '-0.07802',
    '0.99695', '-0.00033', '-0.00029', '0.00030', '1.00000']
  '002.5333': ['0.668', '0.182', '0.080', '0.99850', '0.05467', '0.00027', '-0.05467',
    '0.99850', '-0.00035', '-0.00028', '0.00034', '1.00000']
  '002.6000': ['0.679', '0.182', '0.080', '0.99911', '0.04215', '0.00026', '-0.04215',
    '0.99911', '-0.00036', '-0.00028', '0.00035', '1.00000']
  '002.6667': ['0.689', '0.183', '0.080', '0.99956', '0.02963', '0.00026', '-0.02963',
    '0.99956', '-0.00036', '-0.00027', '0.00035', '1.00000']
  '002.7333': ['0.698', '0.182', '0.080', '0.99967', '0.02575', '0.00024', '-0.02575',
    '0.99967', '-0.00037', '-0.00025', '0.00036', '1.00000']
  '002.8000': ['0.706', '0.182', '0.080', '0.99947', '0.03268', '0.00026', '-0.03268',
    '0.99947', '-0.00036', '-0.00027', '0.00036', '1.00000']
  '002.8667': ['0.718', '0.181', '0.080', '0.99924', '0.03896', '0.00026', '-0.03896',
    '0.99924', '-0.00035', '-0.00027', '0.00034', '1.00000']
  '002.9333': ['0.728', '0.179', '0.080', '0.99885', '0.04803', '0.00025', '-0.04803',
    '0.99885', '-0.00035', '-0.00026', '0.00034', '1.00000']
  '003.0000': ['0.735', '0.181', '0.080', '0.99830', '0.05828', '0.00026', '-0.05828',
    '0.99830', '-0.00037', '-0.00028', '0.00035', '1.00000']
  '003.0667': ['0.744', '0.181', '0.080', '0.99772', '0.06744', '0.00027', '-0.06744',
    '0.99772', '-0.00037', '-0.00029', '0.00035', '1.00000']
  '003.1333': ['0.755', '0.179', '0.080', '0.99742', '0.07172', '0.00027', '-0.07172',
    '0.99742', '-0.00036', '-0.00029', '0.00034', '1.00000']
  '003.2000': ['0.765', '0.179', '0.080', '0.99734', '0.07294', '0.00027', '-0.07294',
    '0.99734', '-0.00035', '-0.00029', '0.00033', '1.00000']
  '003.2667': ['0.772', '0.179', '0.080', '0.99720', '0.07479', '0.00028', '-0.07479',
    '0.99720', '-0.00035', '-0.00030', '0.00033', '1.00000']
  '003.5333': ['0.821', '0.174', '0.080', '0.99562', '0.09350', '0.00025', '-0.09350',
    '0.99562', '-0.00028', '-0.00028', '0.00026', '1.00000']
  '003.6000': ['0.833', '0.171', '0.080', '0.99503', '0.09961', '0.00024', '-0.09961',
    '0.99503', '-0.00027', '-0.00027', '0.00025', '1.00000']
  '003.6667': ['0.841', '0.172', '0.080', '0.99313', '0.11704', '0.00031', '-0.11704',
    '0.99313', '-0.00027', '-0.00034', '0.00023', '1.00000']
  '006.0000': ['1.163', '0.089', '0.080', '0.99995', '0.00957', '-0.00019', '-0.00957',
    '0.99995', '0.00001', '0.00019', '-0.00000', '1.00000']
  '006.0667': ['1.171', '0.086', '0.080', '1.00000', '-0.00282', '-0.00015', '0.00282',
    '1.00000', '0.00002', '0.00015', '-0.00002', '1.00000']
  '006.1333': ['1.187', '0.088', '0.080', '0.99983', '-0.01852', '-0.00014', '0.01852',
    '0.99983', '-0.00002', '0.00014', '0.00001', '1.00000']
  '006.2000': ['1.203', '0.090', '0.080', '0.99856', '-0.05365', '-0.00022', '0.05365',
    '0.99856', '-0.00005', '0.00022', '0.00004', '1.00000']
  '006.2667': ['1.213', '0.089', '0.080', '0.99741', '-0.07193', '-0.00022', '0.07193',
    '0.99741', '-0.00002', '0.00022', '0.00001', '1.00000']
  '006.3333': ['1.227', '0.093', '0.080', '0.99692', '-0.07844', '-0.00016', '0.07844',
    '0.99692', '-0.00006', '0.00016', '0.00005', '1.00000']
  '006.4000': ['1.242', '0.097', '0.080', '0.99403', '-0.10910', '-0.00021', '0.10910',
    '0.99403', '-0.00008', '0.00022', '0.00006', '1.00000']
  '006.4667': ['1.251', '0.097', '0.080', '0.99278', '-0.11993', '-0.00028', '0.11993',
    '0.99278', '-0.00010', '0.00029', '0.00007', '1.00000']
  '006.5333': ['1.257', '0.095', '0.080', '0.98962', '-0.14370', '-0.00031', '0.14370',
    '0.98962', '-0.00008', '0.00032', '0.00003', '1.00000']
  '006.6000': ['1.286', '0.107', '0.080', '0.98841', '-0.15178', '0.00021', '0.15178',
    '0.98841', '-0.00048', '-0.00014', '0.00051', '1.00000']
  '006.6667': ['1.296', '0.108', '0.080', '0.98306', '-0.18331', '0.00015', '0.18331',
    '0.98306', '-0.00045', '-0.00006', '0.00047', '1.00000']
  '006.7333': ['1.304', '0.109', '0.080', '0.98339', '-0.18148', '0.00019', '0.18148',
    '0.98339', '-0.00041', '-0.00011', '0.00044', '1.00000']
  '006.8000': ['1.317', '0.115', '0.080', '0.98074', '-0.19531', '0.00018', '0.19531',
    '0.98074', '-0.00042', '-0.00010', '0.00044', '1.00000']
  '006.8667': ['1.325', '0.113', '0.080', '0.97504', '-0.22205', '0.00016', '0.22205',
    '0.97504', '-0.00037', '-0.00007', '0.00040', '1.00000']
  '006.9333': ['1.334', '0.116', '0.080', '0.96789', '-0.25138', '0.00017', '0.25138',
    '0.96789', '-0.00038', '-0.00006', '0.00041', '1.00000']
  '007.0000': ['1.345', '0.119', '0.080', '0.95794', '-0.28698', '0.00014', '0.28698',
    '0.95794', '-0.00038', '-0.00003', '0.00041', '1.00000']
  '007.0667': ['1.355', '0.123', '0.080', '0.95349', '-0.30141', '0.00018', '0.30141',
    '0.95349', '-0.00037', '-0.00006', '0.00041', '1.00000']
  '007.1333': ['1.365', '0.128', '0.080', '0.94456', '-0.32834', '0.00017', '0.32834',
    '0.94456', '-0.00037', '-0.00004', '0.00041', '1.00000']
  '007.2000': ['1.375', '0.132', '0.080', '0.93379', '-0.35783', '0.00017', '0.35783',
    '0.93379', '-0.00035', '-0.00003', '0.00039', '1.00000']
  '007.2667': ['1.385', '0.136', '0.080', '0.92015', '-0.39157', '0.00016', '0.39157',
    '0.92015', '-0.00033', '-0.00002', '0.00036', '1.00000']
  '007.3333': ['1.396', '0.142', '0.080', '0.90164', '-0.43249', '0.00015', '0.43249',
    '0.90164', '-0.00032', '-0.00000', '0.00035', '1.00000']
  '007.4000': ['1.406', '0.148', '0.080', '0.88304', '-0.46930', '0.00014', '0.46930',
    '0.88304', '-0.00031', '0.00002', '0.00034', '1.00000']
  '007.4667': ['1.415', '0.154', '0.080', '0.86358', '-0.50422', '0.00016', '0.50422',
    '0.86358', '-0.00031', '0.00002', '0.00034', '1.00000']
  '007.5333': ['1.425', '0.160', '0.080', '0.84222', '-0.53914', '0.00014', '0.53914',
    '0.84222', '-0.00031', '0.00005', '0.00033', '1.00000']
  '007.6000': ['1.435', '0.166', '0.080', '0.82345', '-0.56739', '0.00017', '0.56739',
    '0.82345', '-0.00032', '0.00004', '0.00036', '1.00000']
  '007.6667': ['1.443', '0.172', '0.080', '0.80575', '-0.59226', '0.00017', '0.59226',
    '0.80575', '-0.00031', '0.00004', '0.00036', '1.00000']
  '007.7333': ['1.452', '0.180', '0.080', '0.79312', '-0.60907', '0.00019', '0.60907',
    '0.79312', '-0.00033', '0.00005', '0.00038', '1.00000']
  '007.8000': ['1.460', '0.185', '0.080', '0.77519', '-0.63172', '0.00017', '0.63172',
    '0.77519', '-0.00033', '0.00008', '0.00036', '1.00000']
  '007.8667': ['1.468', '0.193', '0.080', '0.76343', '-0.64589', '0.00021', '0.64589',
    '0.76343', '-0.00033', '0.00005', '0.00039', '1.00000']
  '007.9333': ['1.475', '0.200', '0.080', '0.75042', '-0.66096', '0.00024', '0.66096',
    '0.75042', '-0.00033', '0.00004', '0.00040', '1.00000']
  '008.0000': ['1.484', '0.208', '0.080', '0.73781', '-0.67501', '0.00024', '0.67501',
    '0.73781', '-0.00034', '0.00006', '0.00041', '1.00000']
  '008.0667': ['1.493', '0.216', '0.080', '0.73138', '-0.68197', '0.00024', '0.68197',
    '0.73138', '-0.00032', '0.00004', '0.00040', '1.00000']
  '008.1333': ['1.501', '0.224', '0.080', '0.71904', '-0.69497', '0.00025', '0.69497',
    '0.71904', '-0.00033', '0.00005', '0.00041', '1.00000']
  '008.2000': ['1.508', '0.232', '0.080', '0.70494', '-0.70927', '0.00027', '0.70927',
    '0.70494', '-0.00033', '0.00004', '0.00042', '1.00000']
  '008.2667': ['1.516', '0.241', '0.080', '0.68515', '-0.72840', '0.00027', '0.72840',
    '0.68515', '-0.00034', '0.00006', '0.00043', '1.00000']
  '008.3333': ['1.524', '0.249', '0.080', '0.67251', '-0.74009', '0.00029', '0.74009',
    '0.67251', '-0.00034', '0.00006', '0.00044', '1.00000']
  '008.4000': ['1.531', '0.258', '0.080', '0.65736', '-0.75358', '0.00031', '0.75358',
    '0.65736', '-0.00032', '0.00004', '0.00045', '1.00000']
  '008.4667': ['1.539', '0.267', '0.080', '0.64476', '-0.76438', '0.00029', '0.76438',
    '0.64476', '-0.00030', '0.00004', '0.00042', '1.00000']
  '008.5333': ['1.546', '0.276', '0.080', '0.63448', '-0.77294', '0.00028', '0.77294',
    '0.63448', '-0.00030', '0.00005', '0.00040', '1.00000']
  '008.6000': ['1.553', '0.285', '0.080', '0.62480', '-0.78078', '0.00027', '0.78078',
    '0.62480', '-0.00028', '0.00004', '0.00039', '1.00000']
  '008.6667': ['1.555', '0.285', '0.080', '0.63015', '-0.77647', '-0.00011', '0.77647',
    '0.63015', '-0.00032', '0.00032', '0.00011', '1.00000']
  '008.7333': ['1.562', '0.295', '0.080', '0.62795', '-0.77825', '-0.00009', '0.77825',
    '0.62795', '-0.00032', '0.00031', '0.00013', '1.00000']
  '008.8000': ['1.569', '0.304', '0.080', '0.62338', '-0.78192', '-0.00009', '0.78192',
    '0.62338', '-0.00031', '0.00030', '0.00012', '1.00000']
  '008.8667': ['1.577', '0.313', '0.080', '0.61926', '-0.78519', '-0.00008', '0.78519',
    '0.61926', '-0.00031', '0.00029', '0.00013', '1.00000']
  '008.9333': ['1.584', '0.323', '0.080', '0.60955', '-0.79275', '-0.00008', '0.79275',
    '0.60955', '-0.00032', '0.00030', '0.00013', '1.00000']
  '009.0000': ['1.591', '0.332', '0.080', '0.58931', '-0.80791', '-0.00006', '0.80791',
    '0.58931', '-0.00032', '0.00029', '0.00014', '1.00000']
  '009.0667': ['1.597', '0.342', '0.080', '0.56775', '-0.82320', '-0.00003', '0.82320',
    '0.56775', '-0.00032', '0.00028', '0.00016', '1.00000']
  '009.1333': ['1.610', '0.363', '0.080', '0.51999', '-0.85417', '0.00027', '0.85417',
    '0.51999', '-0.00025', '0.00007', '0.00036', '1.00000']
  '009.2000': ['1.616', '0.374', '0.080', '0.49991', '-0.86608', '0.00029', '0.86608',
    '0.49991', '-0.00026', '0.00007', '0.00038', '1.00000']
  '009.2667': ['1.617', '0.374', '0.080', '0.48924', '-0.87215', '0.00003', '0.87215',
    '0.48924', '-0.00031', '0.00025', '0.00017', '1.00000']
  '009.3333': ['1.623', '0.385', '0.080', '0.45911', '-0.88838', '0.00002', '0.88838',
    '0.45911', '-0.00030', '0.00025', '0.00015', '1.00000']
  '009.4000': ['1.628', '0.396', '0.080', '0.42948', '-0.90308', '0.00002', '0.90308',
    '0.42948', '-0.00030', '0.00026', '0.00015', '1.00000']
  '009.4667': ['1.633', '0.408', '0.080', '0.39707', '-0.91779', '0.00001', '0.91779',
    '0.39707', '-0.00029', '0.00026', '0.00013', '1.00000']
  '009.5333': ['1.638', '0.421', '0.080', '0.36372', '-0.93151', '0.00005', '0.93151',
    '0.36372', '-0.00029', '0.00025', '0.00015', '1.00000']
  '009.6000': ['1.641', '0.432', '0.080', '0.33013', '-0.94394', '0.00012', '0.94394',
    '0.33013', '-0.00024', '0.00019', '0.00019', '1.00000']
  '009.6667': ['1.645', '0.445', '0.080', '0.30570', '-0.95213', '0.00015', '0.95213',
    '0.30570', '-0.00023', '0.00017', '0.00021', '1.00000']
  '009.7333': ['1.649', '0.455', '0.080', '0.27197', '-0.96231', '0.00013', '0.96231',
    '0.27197', '-0.00022', '0.00017', '0.00018', '1.00000']
  '009.8000': ['1.652', '0.467', '0.080', '0.23617', '-0.97171', '0.00016', '0.97171',
    '0.23617', '-0.00016', '0.00011', '0.00020', '1.00000']
  '009.8667': ['1.654', '0.479', '0.080', '0.20759', '-0.97822', '0.00017', '0.97822',
    '0.20759', '-0.00015', '0.00011', '0.00019', '1.00000']
  '009.9333': ['1.658', '0.492', '0.080', '0.17432', '-0.98469', '0.00009', '0.98469',
    '0.17432', '-0.00018', '0.00016', '0.00012', '1.00000']
  '010.0000': ['1.659', '0.503', '0.080', '0.14587', '-0.98930', '0.00017', '0.98930',
    '0.14587', '-0.00016', '0.00013', '0.00019', '1.00000']
  '010.0667': ['1.658', '0.514', '0.080', '0.11207', '-0.99370', '0.00025', '0.99370',
    '0.11207', '-0.00006', '0.00003', '0.00025', '1.00000']
  '010.1333': ['1.659', '0.525', '0.080', '0.07441', '-0.99723', '0.00027', '0.99723',
    '0.07441', '0.00001', '-0.00003', '0.00027', '1.00000']
  '010.2000': ['1.659', '0.538', '0.080', '0.03930', '-0.99923', '0.00032', '0.99923',
    '0.03930', '0.00004', '-0.00005', '0.00032', '1.00000']
  '010.2667': ['1.661', '0.552', '0.080', '0.00261', '-1.00000', '0.00024', '1.00000',
    '0.00261', '0.00008', '-0.00008', '0.00024', '1.00000']
  '010.3333': ['1.662', '0.564', '0.080', '-0.02762', '-0.99962', '0.00013', '0.99962',
    '-0.02762', '0.00020', '-0.00020', '0.00014', '1.00000']
  '010.4000': ['1.661', '0.576', '0.080', '-0.04861', '-0.99882', '0.00012', '0.99882',
    '-0.04861', '0.00023', '-0.00022', '0.00013', '1.00000']
  '010.4667': ['1.658', '0.589', '0.080', '-0.06649', '-0.99779', '0.00027', '0.99779',
    '-0.06649', '0.00024', '-0.00022', '0.00028', '1.00000']
  '010.5333': ['1.658', '0.602', '0.080', '-0.08759', '-0.99616', '0.00021', '0.99616',
    '-0.08759', '0.00018', '-0.00016', '0.00022', '1.00000']
  '010.6000': ['1.660', '0.615', '0.080', '-0.11378', '-0.99351', '0.00009', '0.99351',
    '-0.11378', '0.00026', '-0.00025', '0.00012', '1.00000']
  '010.6667': ['1.659', '0.627', '0.080', '-0.13506', '-0.99084', '0.00005', '0.99084',
    '-0.13506', '0.00033', '-0.00032', '0.00009', '1.00000']
  '010.7333': ['1.658', '0.640', '0.080', '-0.14704', '-0.98913', '0.00000', '0.98913',
    '-0.14704', '0.00032', '-0.00031', '0.00005', '1.00000']
  '010.8000': ['1.657', '0.653', '0.080', '-0.15864', '-0.98734', '-0.00004', '0.98734',
    '-0.15864', '0.00034', '-0.00034', '0.00002', '1.00000']
  '010.8667': ['1.656', '0.665', '0.080', '-0.17180', '-0.98513', '-0.00006', '0.98513',
    '-0.17180', '0.00036', '-0.00036', '0.00000', '1.00000']
  '010.9333': ['1.653', '0.678', '0.080', '-0.18815', '-0.98214', '0.00002', '0.98214',
    '-0.18815', '0.00037', '-0.00036', '0.00009', '1.00000']
  '011.0000': ['1.651', '0.691', '0.080', '-0.20709', '-0.97832', '-0.00002', '0.97832',
    '-0.20709', '0.00040', '-0.00040', '0.00006', '1.00000']
  '011.0667': ['1.649', '0.704', '0.080', '-0.22701', '-0.97389', '-0.00010', '0.97389',
    '-0.22701', '0.00042', '-0.00043', '-0.00000', '1.00000']
  '011.1333': ['1.646', '0.717', '0.080', '-0.24445', '-0.96966', '-0.00011', '0.96966',
    '-0.24445', '0.00045', '-0.00046', '0.00000', '1.00000']
  '011.2000': ['1.643', '0.731', '0.080', '-0.25753', '-0.96627', '-0.00012', '0.96627',
    '-0.25753', '0.00046', '-0.00047', '0.00000', '1.00000']
  '011.2667': ['1.639', '0.745', '0.080', '-0.27355', '-0.96186', '-0.00012', '0.96186',
    '-0.27355', '0.00044', '-0.00046', '0.00001', '1.00000']
  '011.3333': ['1.634', '0.759', '0.080', '-0.28641', '-0.95811', '-0.00010', '0.95811',
    '-0.28641', '0.00043', '-0.00044', '0.00003', '1.00000']
  '011.4000': ['1.630', '0.772', '0.080', '-0.29770', '-0.95466', '-0.00012', '0.95466',
    '-0.29770', '0.00042', '-0.00044', '0.00001', '1.00000']
  '011.4667': ['1.627', '0.785', '0.080', '-0.31041', '-0.95060', '-0.00014', '0.95060',
    '-0.31041', '0.00044', '-0.00046', '0.00001', '1.00000']
  '011.5333': ['1.622', '0.798', '0.080', '-0.32126', '-0.94699', '-0.00015', '0.94699',
    '-0.32126', '0.00043', '-0.00046', '-0.00001', '1.00000']
  '011.6000': ['1.618', '0.811', '0.080', '-0.32747', '-0.94486', '-0.00017', '0.94486',
    '-0.32747', '0.00043', '-0.00046', '-0.00002', '1.00000']
  '011.6667': ['1.614', '0.823', '0.080', '-0.33880', '-0.94086', '-0.00015', '0.94086',
    '-0.33880', '0.00045', '-0.00047', '0.00001', '1.00000']
  '011.7333': ['1.609', '0.835', '0.080', '-0.34706', '-0.93784', '-0.00015', '0.93784',
    '-0.34706', '0.00048', '-0.00050', '0.00003', '1.00000']
  '011.8000': ['1.606', '0.846', '0.080', '-0.35451', '-0.93505', '-0.00016', '0.93505',
    '-0.35451', '0.00046', '-0.00049', '0.00001', '1.00000']
  '011.8667': ['1.601', '0.858', '0.080', '-0.37043', '-0.92886', '-0.00015', '0.92886',
    '-0.37043', '0.00046', '-0.00049', '0.00003', '1.00000']
  '011.9333': ['1.597', '0.868', '0.080', '-0.38151', '-0.92437', '-0.00018', '0.92437',
    '-0.38151', '0.00047', '-0.00050', '0.00002', '1.00000']
  '012.0000': ['1.592', '0.880', '0.080', '-0.39198', '-0.91997', '-0.00017', '0.91997',
    '-0.39198', '0.00046', '-0.00049', '0.00002', '1.00000']
  '012.0667': ['1.587', '0.891', '0.080', '-0.41332', '-0.91058', '-0.00015', '0.91058',
    '-0.41332', '0.00046', '-0.00048', '0.00005', '1.00000']
  '012.1333': ['1.582', '0.902', '0.080', '-0.43600', '-0.89995', '-0.00015', '0.89995',
    '-0.43600', '0.00047', '-0.00049', '0.00007', '1.00000']
  '012.2000': ['1.578', '0.912', '0.080', '-0.45898', '-0.88844', '-0.00023', '0.88844',
    '-0.45898', '0.00045', '-0.00051', '0.00001', '1.00000']
  '012.2667': ['1.573', '0.924', '0.080', '-0.48260', '-0.87584', '-0.00027', '0.87584',
    '-0.48260', '0.00041', '-0.00049', '-0.00004', '1.00000']
  '012.3333': ['1.566', '0.935', '0.080', '-0.50571', '-0.86271', '-0.00030', '0.86271',
    '-0.50571', '0.00039', '-0.00048', '-0.00006', '1.00000']
  '012.4000': ['1.560', '0.945', '0.080', '-0.52580', '-0.85061', '-0.00031', '0.85061',
    '-0.52580', '0.00037', '-0.00048', '-0.00007', '1.00000']
  '012.4667': ['1.553', '0.955', '0.080', '-0.54740', '-0.83687', '-0.00032', '0.83687',
    '-0.54740', '0.00036', '-0.00048', '-0.00007', '1.00000']
  '012.5333': ['1.546', '0.965', '0.080', '-0.56943', '-0.82204', '-0.00030', '0.82204',
    '-0.56943', '0.00036', '-0.00047', '-0.00004', '1.00000']
  '012.6000': ['1.538', '0.976', '0.080', '-0.60495', '-0.79627', '-0.00027', '0.79627',
    '-0.60495', '0.00036', '-0.00045', '0.00000', '1.00000']
  '012.6667': ['1.530', '0.984', '0.080', '-0.63843', '-0.76968', '-0.00025', '0.76968',
    '-0.63843', '0.00038', '-0.00045', '0.00005', '1.00000']
  '012.7333': ['1.522', '0.992', '0.080', '-0.67234', '-0.74024', '-0.00021', '0.74024',
    '-0.67234', '0.00043', '-0.00046', '0.00013', '1.00000']
  '012.8000': ['1.515', '0.999', '0.080', '-0.70199', '-0.71219', '-0.00019', '0.71219',
    '-0.70199', '0.00047', '-0.00047', '0.00019', '1.00000']
  '012.8667': ['1.508', '1.006', '0.080', '-0.72800', '-0.68558', '-0.00023', '0.68558',
    '-0.72800', '0.00048', '-0.00050', '0.00019', '1.00000']
  '012.9333': ['1.500', '1.013', '0.080', '-0.75024', '-0.66116', '-0.00026', '0.66116',
    '-0.75024', '0.00049', '-0.00052', '0.00020', '1.00000']
  '013.0000': ['1.491', '1.022', '0.080', '-0.77500', '-0.63196', '-0.00032', '0.63196',
    '-0.77500', '0.00050', '-0.00056', '0.00019', '1.00000']
  '013.0667': ['1.481', '1.029', '0.080', '-0.79819', '-0.60240', '-0.00029', '0.60240',
    '-0.79819', '0.00047', '-0.00051', '0.00020', '1.00000']
  '013.1333': ['1.471', '1.038', '0.080', '-0.81757', '-0.57582', '-0.00033', '0.57582',
    '-0.81757', '0.00042', '-0.00051', '0.00016', '1.00000']
  '013.2000': ['1.461', '1.045', '0.080', '-0.83669', '-0.54767', '-0.00036', '0.54767',
    '-0.83669', '0.00041', '-0.00052', '0.00014', '1.00000']
  '013.2667': ['1.449', '1.054', '0.080', '-0.85655', '-0.51607', '-0.00037', '0.51607',
    '-0.85655', '0.00037', '-0.00051', '0.00012', '1.00000']
  '013.3333': ['1.439', '1.060', '0.080', '-0.87738', '-0.47980', '-0.00038', '0.47980',
    '-0.87738', '0.00038', '-0.00052', '0.00015', '1.00000']
  '013.4000': ['1.428', '1.066', '0.080', '-0.89444', '-0.44719', '-0.00043', '0.44719',
    '-0.89444', '0.00039', '-0.00056', '0.00016', '1.00000']
  '013.4667': ['1.416', '1.071', '0.080', '-0.91633', '-0.40043', '-0.00036', '0.40043',
    '-0.91633', '0.00036', '-0.00047', '0.00018', '1.00000']
  '013.5333': ['1.404', '1.076', '0.080', '-0.93205', '-0.36232', '-0.00036', '0.36232',
    '-0.93205', '0.00034', '-0.00046', '0.00019', '1.00000']
  '013.6000': ['1.412', '1.058', '0.080', '-0.94275', '-0.33351', '0.00021', '0.33351',
    '-0.94275', '0.00015', '0.00015', '0.00021', '1.00000']
  '013.6667': ['1.399', '1.062', '0.080', '-0.95866', '-0.28455', '0.00019', '0.28455',
    '-0.95866', '0.00013', '0.00015', '0.00018', '1.00000']
  '013.7333': ['1.386', '1.065', '0.080', '-0.96954', '-0.24492', '0.00018', '0.24492',
    '-0.96954', '0.00014', '0.00014', '0.00018', '1.00000']
  '013.8000': ['1.373', '1.069', '0.080', '-0.97784', '-0.20936', '0.00016', '0.20936',
    '-0.97784', '0.00014', '0.00013', '0.00017', '1.00000']
  '013.8667': ['1.360', '1.071', '0.080', '-0.98446', '-0.17561', '0.00015', '0.17561',
    '-0.98446', '0.00014', '0.00012', '0.00017', '1.00000']
  '013.9333': ['1.346', '1.075', '0.080', '-0.99021', '-0.13958', '0.00014', '0.13958',
    '-0.99021', '0.00014', '0.00012', '0.00015', '1.00000']
  '014.0000': ['1.334', '1.075', '0.080', '-0.99559', '-0.09386', '0.00012', '0.09386',
    '-0.99559', '0.00015', '0.00011', '0.00016', '1.00000']
  '014.0667': ['1.319', '1.077', '0.080', '-0.99874', '-0.05021', '0.00011', '0.05021',
    '-0.99874', '0.00013', '0.00010', '0.00014', '1.00000']
  '014.1333': ['1.301', '1.079', '0.080', '-1.00000', '-0.00236', '0.00011', '0.00236',
    '-1.00000', '0.00012', '0.00011', '0.00012', '1.00000']
  '014.2000': ['1.287', '1.078', '0.080', '-0.99939', '0.03505', '0.00006', '-0.03505',
    '-0.99939', '0.00014', '0.00006', '0.00014', '1.00000']
  '014.2667': ['1.276', '1.073', '0.080', '-0.99626', '0.08640', '0.00005', '-0.08640',
    '-0.99626', '0.00020', '0.00007', '0.00020', '1.00000']
  '014.3333': ['1.261', '1.071', '0.080', '-0.99356', '0.11328', '0.00005', '-0.11328',
    '-0.99356', '0.00020', '0.00007', '0.00019', '1.00000']
  '014.4000': ['1.243', '1.071', '0.080', '-0.99068', '0.13624', '0.00005', '-0.13624',
    '-0.99068', '0.00018', '0.00008', '0.00017', '1.00000']
  '014.4667': ['1.226', '1.070', '0.080', '-0.98743', '0.15806', '0.00006', '-0.15806',
    '-0.98743', '0.00015', '0.00008', '0.00014', '1.00000']
  '014.5333': ['1.215', '1.065', '0.080', '-0.98428', '0.17662', '0.00004', '-0.17662',
    '-0.98428', '0.00021', '0.00007', '0.00020', '1.00000']
  '014.6000': ['1.203', '1.060', '0.080', '-0.98261', '0.18567', '0.00001', '-0.18567',
    '-0.98261', '0.00026', '0.00006', '0.00025', '1.00000']
  '014.6667': ['1.187', '1.059', '0.080', '-0.98405', '0.17791', '0.00004', '-0.17791',
    '-0.98405', '0.00023', '0.00008', '0.00022', '1.00000']
  '014.7333': ['1.175', '1.055', '0.080', '-0.98336', '0.18166', '0.00001', '-0.18166',
    '-0.98336', '0.00027', '0.00006', '0.00026', '1.00000']
  '014.8000': ['1.180', '1.039', '0.080', '-0.99339', '0.11481', '0.00052', '-0.11481',
    '-0.99339', '0.00007', '0.00052', '0.00001', '1.00000']
  '014.8667': ['1.167', '1.037', '0.080', '-0.99493', '0.10058', '0.00052', '-0.10058',
    '-0.99493', '0.00008', '0.00053', '0.00003', '1.00000']
  '014.9333': ['1.154', '1.036', '0.080', '-0.99495', '0.10034', '0.00050', '-0.10034',
    '-0.99495', '0.00006', '0.00050', '0.00001', '1.00000']
  '015.0000': ['1.120', '1.049', '0.080', '-0.99318', '0.11659', '0.00003', '-0.11659',
    '-0.99318', '0.00021', '0.00006', '0.00020', '1.00000']
  '015.0667': ['1.105', '1.048', '0.080', '-0.99423', '0.10731', '0.00003', '-0.10731',
    '-0.99423', '0.00019', '0.00005', '0.00018', '1.00000']
  '015.1333': ['1.091', '1.047', '0.080', '-0.99500', '0.09983', '0.00003', '-0.09983',
    '-0.99500', '0.00022', '0.00005', '0.00022', '1.00000']
  '015.2000': ['1.076', '1.046', '0.080', '-0.99589', '0.09060', '0.00004', '-0.09060',
    '-0.99589', '0.00022', '0.00006', '0.00021', '1.00000']
  '015.2667': ['1.066', '1.044', '0.080', '-0.99675', '0.08060', '-0.00002', '-0.08060',
    '-0.99675', '0.00020', '-0.00000', '0.00020', '1.00000']
  '015.3333': ['1.055', '1.043', '0.080', '-0.99778', '0.06660', '-0.00003', '-0.06660',
    '-0.99778', '0.00020', '-0.00002', '0.00020', '1.00000']
  '015.4000': ['1.061', '1.030', '0.080', '-0.99884', '0.04819', '0.00040', '-0.04819',
    '-0.99884', '0.00009', '0.00040', '0.00007', '1.00000']
  '015.4667': ['1.047', '1.029', '0.080', '-0.99870', '0.05090', '0.00040', '-0.05090',
    '-0.99870', '0.00009', '0.00040', '0.00007', '1.00000']
  '015.5333': ['1.033', '1.029', '0.080', '-0.99843', '0.05604', '0.00039', '-0.05604',
    '-0.99843', '0.00009', '0.00039', '0.00006', '1.00000']
  '015.6000': ['1.019', '1.028', '0.080', '-0.99838', '0.05698', '0.00037', '-0.05698',
    '-0.99838', '0.00012', '0.00038', '0.00010', '1.00000']
  '015.6667': ['1.006', '1.027', '0.080', '-0.99865', '0.05186', '0.00035', '-0.05186',
    '-0.99865', '0.00018', '0.00036', '0.00016', '1.00000']
  '015.7333': ['0.993', '1.026', '0.080', '-0.99896', '0.04565', '0.00026', '-0.04565',
    '-0.99896', '0.00019', '0.00027', '0.00018', '1.00000']
  '015.8000': ['0.979', '1.027', '0.080', '-0.99926', '0.03835', '0.00023', '-0.03835',
    '-0.99926', '0.00014', '0.00024', '0.00013', '1.00000']
  '015.8667': ['0.964', '1.026', '0.080', '-0.99947', '0.03243', '0.00024', '-0.03243',
    '-0.99947', '0.00016', '0.00025', '0.00015', '1.00000']
  '015.9333': ['0.950', '1.027', '0.080', '-0.99928', '0.03791', '0.00022', '-0.03791',
    '-0.99928', '0.00008', '0.00022', '0.00008', '1.00000']
  '016.0000': ['0.937', '1.027', '0.080', '-0.99896', '0.04560', '0.00019', '-0.04560',
    '-0.99896', '0.00003', '0.00020', '0.00003', '1.00000']
  '016.0667': ['0.924', '1.025', '0.080', '-0.99878', '0.04936', '0.00015', '-0.04936',
    '-0.99878', '0.00013', '0.00016', '0.00012', '1.00000']
  '016.1333': ['0.910', '1.024', '0.080', '-0.99880', '0.04900', '0.00011', '-0.04900',
    '-0.99880', '0.00020', '0.00012', '0.00020', '1.00000']
  '016.2000': ['0.896', '1.025', '0.080', '-0.99834', '0.05761', '0.00005', '-0.05761',
    '-0.99834', '0.00010', '0.00006', '0.00009', '1.00000']
  '016.2667': ['0.882', '1.025', '0.080', '-0.99802', '0.06284', '0.00005', '-0.06284',
    '-0.99802', '0.00006', '0.00006', '0.00005', '1.00000']
  '016.3333': ['0.868', '1.025', '0.080', '-0.99774', '0.06721', '0.00003', '-0.06721',
    '-0.99774', '-0.00004', '0.00003', '-0.00004', '1.00000']
  '016.4000': ['0.852', '1.023', '0.080', '-0.99788', '0.06509', '0.00017', '-0.06509',
    '-0.99788', '0.00002', '0.00017', '0.00001', '1.00000']
  '016.4667': ['0.839', '1.024', '0.080', '-0.99743', '0.07160', '0.00012', '-0.07160',
    '-0.99743', '-0.00003', '0.00012', '-0.00004', '1.00000']
  '016.5333': ['0.825', '1.021', '0.080', '-0.99680', '0.07996', '0.00010', '-0.07996',
    '-0.99680', '0.00008', '0.00011', '0.00007', '1.00000']
  '016.6000': ['0.812', '1.020', '0.080', '-0.99645', '0.08422', '0.00001', '-0.08422',
    '-0.99645', '0.00009', '0.00002', '0.00009', '1.00000']
  '016.6667': ['0.799', '1.019', '0.080', '-0.99598', '0.08956', '-0.00001', '-0.08956',
    '-0.99598', '0.00010', '-0.00000', '0.00010', '1.00000']
  '016.7333': ['0.787', '1.019', '0.080', '-0.99540', '0.09576', '-0.00009', '-0.09576',
    '-0.99540', '0.00003', '-0.00008', '0.00004', '1.00000']
  '016.8000': ['0.773', '1.019', '0.080', '-0.99535', '0.09627', '-0.00010', '-0.09627',
    '-0.99535', '-0.00001', '-0.00010', '-0.00000', '1.00000']
  '016.8667': ['0.768', '1.030', '0.080', '-0.99331', '0.11547', '0.00006', '-0.11547',
    '-0.99331', '0.00029', '0.00010', '0.00028', '1.00000']
  '016.9333': ['0.753', '1.027', '0.080', '-0.99358', '0.11309', '0.00002', '-0.11309',
    '-0.99358', '0.00029', '0.00006', '0.00028', '1.00000']
  '017.0000': ['0.743', '1.027', '0.080', '-0.99396', '0.10975', '0.00000', '-0.10975',
    '-0.99396', '0.00028', '0.00003', '0.00027', '1.00000']
  '017.0667': ['0.729', '1.024', '0.080', '-0.99438', '0.10584', '0.00000', '-0.10584',
    '-0.99438', '0.00030', '0.00003', '0.00030', '1.00000']
  '017.1333': ['0.715', '1.023', '0.080', '-0.99449', '0.10484', '-0.00001', '-0.10484',
    '-0.99449', '0.00031', '0.00002', '0.00031', '1.00000']
  '017.2000': ['0.701', '1.021', '0.080', '-0.99469', '0.10295', '-0.00004', '-0.10295',
    '-0.99469', '0.00032', '-0.00000', '0.00032', '1.00000']
  '017.2667': ['0.678', '1.009', '0.080', '-0.99646', '0.08412', '-0.00026', '-0.08412',
    '-0.99646', '0.00005', '-0.00026', '0.00007', '1.00000']
  '017.3333': ['0.664', '1.008', '0.080', '-0.99561', '0.09359', '-0.00029', '-0.09359',
    '-0.99561', '0.00004', '-0.00028', '0.00006', '1.00000']
  '017.4000': ['0.650', '1.007', '0.080', '-0.99496', '0.10026', '-0.00030', '-0.10026',
    '-0.99496', '0.00004', '-0.00029', '0.00007', '1.00000']
  '017.4667': ['0.636', '1.005', '0.080', '-0.99475', '0.10235', '-0.00034', '-0.10235',
    '-0.99475', '0.00003', '-0.00034', '0.00007', '1.00000']
  '017.5333': ['0.621', '1.004', '0.080', '-0.99434', '0.10623', '-0.00037', '-0.10623',
    '-0.99434', '0.00004', '-0.00037', '0.00008', '1.00000']
  '017.6000': ['0.607', '1.002', '0.080', '-0.99504', '0.09945', '-0.00037', '-0.09945',
    '-0.99504', '0.00004', '-0.00036', '0.00007', '1.00000']
  '017.6666': ['0.603', '1.011', '0.080', '-0.99316', '0.11673', '-0.00014', '-0.11673',
    '-0.99316', '0.00031', '-0.00010', '0.00033', '1.00000']
  '017.7333': ['0.589', '1.010', '0.080', '-0.99361', '0.11284', '-0.00015', '-0.11284',
    '-0.99361', '0.00032', '-0.00012', '0.00034', '1.00000']
  '017.8000': ['0.572', '1.007', '0.080', '-0.99432', '0.10644', '-0.00018', '-0.10644',
    '-0.99432', '0.00034', '-0.00014', '0.00035', '1.00000']
  '017.8666': ['0.553', '0.998', '0.080', '-0.99677', '0.08031', '-0.00050', '-0.08031',
    '-0.99677', '0.00004', '-0.00050', '0.00008', '1.00000']
  '017.9333': ['0.540', '0.998', '0.080', '-0.99723', '0.07436', '-0.00052', '-0.07436',
    '-0.99723', '0.00003', '-0.00052', '0.00007', '1.00000']
  '018.0000': ['0.526', '0.996', '0.080', '-0.99740', '0.07200', '-0.00054', '-0.07200',
    '-0.99740', '0.00004', '-0.00054', '0.00008', '1.00000']
  '018.0666': ['0.513', '0.996', '0.080', '-0.99716', '0.07528', '-0.00054', '-0.07528',
    '-0.99716', '-0.00001', '-0.00054', '0.00003', '1.00000']
  '018.1333': ['0.504', '1.001', '0.080', '-0.99613', '0.08793', '-0.00024', '-0.08793',
    '-0.99613', '0.00034', '-0.00021', '0.00036', '1.00000']
  '018.2000': ['0.493', '1.000', '0.080', '-0.99565', '0.09314', '-0.00024', '-0.09314',
    '-0.99565', '0.00033', '-0.00021', '0.00035', '1.00000']
  '018.2666': ['0.480', '0.999', '0.080', '-0.99469', '0.10293', '-0.00025', '-0.10293',
    '-0.99469', '0.00034', '-0.00021', '0.00036', '1.00000']
  '018.3333': ['0.469', '0.998', '0.080', '-0.99415', '0.10799', '-0.00025', '-0.10799',
    '-0.99415', '0.00034', '-0.00022', '0.00036', '1.00000']
  '018.4000': ['0.453', '0.997', '0.080', '-0.99289', '0.11900', '-0.00026', '-0.11900',
    '-0.99289', '0.00031', '-0.00022', '0.00034', '1.00000']
  '018.4666': ['0.438', '0.994', '0.080', '-0.99097', '0.13405', '-0.00027', '-0.13405',
    '-0.99097', '0.00031', '-0.00022', '0.00034', '1.00000']
  '018.5333': ['0.420', '0.992', '0.080', '-0.98849', '0.15128', '-0.00028', '-0.15128',
    '-0.98849', '0.00031', '-0.00024', '0.00035', '1.00000']
  '018.6000': ['0.408', '0.990', '0.080', '-0.98607', '0.16630', '-0.00029', '-0.16630',
    '-0.98607', '0.00029', '-0.00024', '0.00033', '1.00000']
  '018.6666': ['0.396', '0.988', '0.080', '-0.98183', '0.18976', '-0.00029', '-0.18976',
    '-0.98183', '0.00027', '-0.00024', '0.00032', '1.00000']
  '018.7333': ['0.379', '0.980', '0.080', '-0.96957', '0.24482', '-0.00058', '-0.24482',
    '-0.96957', '-0.00016', '-0.00060', '-0.00001', '1.00000']
  '018.8000': ['0.367', '0.977', '0.080', '-0.95894', '0.28359', '-0.00057', '-0.28359',
    '-0.95894', '-0.00018', '-0.00060', '-0.00002', '1.00000']
  '018.8666': ['0.355', '0.974', '0.080', '-0.94459', '0.32825', '-0.00056', '-0.32825',
    '-0.94459', '-0.00023', '-0.00060', '-0.00003', '1.00000']
  '018.9333': ['0.342', '0.969', '0.080', '-0.92816', '0.37219', '-0.00055', '-0.37219',
    '-0.92816', '-0.00024', '-0.00060', '-0.00002', '1.00000']
  '019.0000': ['0.335', '0.970', '0.080', '-0.92059', '0.39053', '-0.00033', '-0.39053',
    '-0.92059', '0.00023', '-0.00022', '0.00034', '1.00000']
  '019.0666': ['0.323', '0.964', '0.080', '-0.90190', '0.43194', '-0.00034', '-0.43194',
    '-0.90190', '0.00022', '-0.00022', '0.00034', '1.00000']
  '019.1333': ['0.314', '0.958', '0.080', '-0.88063', '0.47380', '-0.00037', '-0.47380',
    '-0.88063', '0.00024', '-0.00021', '0.00039', '1.00000']
  '019.2000': ['0.303', '0.951', '0.080', '-0.85535', '0.51805', '-0.00040', '-0.51805',
    '-0.85535', '0.00026', '-0.00021', '0.00043', '1.00000']
  '019.2666': ['0.293', '0.944', '0.080', '-0.83056', '0.55693', '-0.00044', '-0.55693',
    '-0.83056', '0.00024', '-0.00023', '0.00045', '1.00000']
  '019.3333': ['0.283', '0.936', '0.080', '-0.80008', '0.59989', '-0.00044', '-0.59989',
    '-0.80008', '0.00024', '-0.00021', '0.00045', '1.00000']
  '019.4000': ['0.273', '0.928', '0.080', '-0.77046', '0.63749', '-0.00047', '-0.63749',
    '-0.77046', '0.00021', '-0.00023', '0.00046', '1.00000']
  '019.4666': ['0.263', '0.919', '0.080', '-0.73679', '0.67612', '-0.00047', '-0.67612',
    '-0.73679', '0.00018', '-0.00023', '0.00045', '1.00000']
  '019.5333': ['0.254', '0.910', '0.080', '-0.70929', '0.70492', '-0.00048', '-0.70492',
    '-0.70929', '0.00016', '-0.00023', '0.00045', '1.00000']
  '019.6000': ['0.246', '0.902', '0.080', '-0.68737', '0.72630', '-0.00049', '-0.72630',
    '-0.68737', '0.00014', '-0.00024', '0.00045', '1.00000']
  '019.6666': ['0.228', '0.880', '0.080', '-0.66208', '0.74943', '-0.00072', '-0.74943',
    '-0.66208', '-0.00033', '-0.00072', '0.00032', '1.00000']
  '019.7333': ['0.218', '0.870', '0.080', '-0.65636', '0.75445', '-0.00072', '-0.75445',
    '-0.65636', '-0.00037', '-0.00075', '0.00030', '1.00000']
  '019.8000': ['0.207', '0.859', '0.080', '-0.64806', '0.76159', '-0.00070', '-0.76159',
    '-0.64806', '-0.00038', '-0.00075', '0.00028', '1.00000']
  '020.2000': ['0.161', '0.793', '0.080', '-0.50151', '0.86515', '-0.00069', '-0.86515',
    '-0.50151', '-0.00040', '-0.00069', '0.00039', '1.00000']
  '020.2666': ['0.156', '0.781', '0.080', '-0.47541', '0.87977', '-0.00069', '-0.87977',
    '-0.47541', '-0.00040', '-0.00068', '0.00041', '1.00000']
  '020.3333': ['0.147', '0.767', '0.080', '-0.44601', '0.89503', '-0.00065', '-0.89503',
    '-0.44601', '-0.00041', '-0.00066', '0.00040', '1.00000']
  '027.0000': ['0.403', '0.461', '0.080', '-0.72158', '0.69233', '-0.00002', '-0.69233',
    '-0.72158', '-0.00020', '-0.00016', '-0.00013', '1.00000']
  '027.0666': ['0.396', '0.454', '0.080', '-0.71200', '0.70218', '-0.00003', '-0.70218',
    '-0.71200', '-0.00023', '-0.00018', '-0.00014', '1.00000']
  '027.1333': ['0.387', '0.446', '0.080', '-0.69941', '0.71472', '-0.00003', '-0.71472',
    '-0.69941', '-0.00025', '-0.00020', '-0.00015', '1.00000']
  '027.2000': ['0.381', '0.441', '0.080', '-0.68858', '0.72516', '-0.00005', '-0.72516',
    '-0.68858', '-0.00026', '-0.00022', '-0.00014', '1.00000']
