begin_time_stamp: 1588329932.733333
data_header:
  time_stamp: [x, y, z, R11, R12, R13, R21, R22, R23, R31, R32, R33]
trajectory_data:
  '000.0000': ['0.176', '0.626', '0.080', '-0.12194', '0.99254', '-0.00037', '-0.99254',
    '-0.12194', '-0.00019', '-0.00023', '0.00034', '1.00000']
  '000.0667': ['0.174', '0.609', '0.080', '-0.12850', '0.99171', '-0.00036', '-0.99171',
    '-0.12850', '-0.00022', '-0.00026', '0.00033', '1.00000']
  '000.1333': ['0.171', '0.595', '0.080', '-0.13134', '0.99134', '-0.00036', '-0.99134',
    '-0.13134', '-0.00023', '-0.00028', '0.00032', '1.00000']
  '000.4667': ['0.165', '0.539', '0.080', '-0.10093', '0.99489', '-0.00033', '-0.99489',
    '-0.10093', '-0.00031', '-0.00034', '0.00030', '1.00000']
  '000.5333': ['0.164', '0.524', '0.080', '-0.09711', '0.99527', '-0.00034', '-0.99527',
    '-0.09711', '-0.00032', '-0.00036', '0.00031', '1.00000']
  '000.6000': ['0.163', '0.514', '0.080', '-0.09406', '0.99557', '-0.00033', '-0.99557',
    '-0.09406', '-0.00034', '-0.00037', '0.00030', '1.00000']
  '000.6667': ['0.162', '0.504', '0.080', '-0.09132', '0.99582', '-0.00032', '-0.99582',
    '-0.09132', '-0.00037', '-0.00039', '0.00029', '1.00000']
  '000.7333': ['0.161', '0.494', '0.080', '-0.08580', '0.99631', '-0.00032', '-0.99631',
    '-0.08580', '-0.00037', '-0.00039', '0.00029', '1.00000']
  '003.5333': ['0.361', '0.187', '0.080', '0.91174', '0.41077', '-0.00003', '-0.41077',
    '0.91174', '-0.00022', '-0.00006', '0.00022', '1.00000']
  '003.6000': ['0.384', '0.177', '0.080', '0.92524', '0.37938', '0.00004', '-0.37938',
    '0.92524', '-0.00017', '-0.00010', '0.00014', '1.00000']
  '003.6667': ['0.407', '0.168', '0.080', '0.93583', '0.35246', '0.00013', '-0.35246',
    '0.93583', '-0.00011', '-0.00016', '0.00006', '1.00000']
  '003.7333': ['0.430', '0.159', '0.080', '0.94442', '0.32874', '0.00019', '-0.32874',
    '0.94442', '-0.00002', '-0.00019', '-0.00004', '1.00000']
  '003.8000': ['0.451', '0.151', '0.080', '0.95131', '0.30823', '0.00026', '-0.30823',
    '0.95131', '0.00007', '-0.00023', '-0.00014', '1.00000']
  '003.8667': ['0.477', '0.142', '0.080', '0.95813', '0.28634', '0.00033', '-0.28634',
    '0.95813', '0.00017', '-0.00026', '-0.00026', '1.00000']
  '003.9333': ['0.497', '0.135', '0.080', '0.96436', '0.26461', '0.00038', '-0.26461',
    '0.96436', '0.00025', '-0.00030', '-0.00034', '1.00000']
  '004.0000': ['0.517', '0.128', '0.080', '0.97137', '0.23759', '0.00046', '-0.23759',
    '0.97137', '0.00033', '-0.00037', '-0.00043', '1.00000']
  '004.0667': ['0.532', '0.123', '0.080', '0.97565', '0.21935', '0.00052', '-0.21935',
    '0.97565', '0.00038', '-0.00043', '-0.00048', '1.00000']
  '004.1333': ['0.551', '0.117', '0.080', '0.97944', '0.20175', '0.00056', '-0.20175',
    '0.97944', '0.00044', '-0.00046', '-0.00055', '1.00000']
  '004.2000': ['0.569', '0.112', '0.080', '0.98330', '0.18198', '0.00059', '-0.18198',
    '0.98330', '0.00050', '-0.00049', '-0.00060', '1.00000']
  '004.2667': ['0.580', '0.110', '0.080', '0.98660', '0.16314', '0.00063', '-0.16314',
    '0.98660', '0.00049', '-0.00054', '-0.00059', '1.00000']
  '004.3333': ['0.592', '0.107', '0.080', '0.98938', '0.14532', '0.00065', '-0.14532',
    '0.98938', '0.00050', '-0.00057', '-0.00059', '1.00000']
  '004.4000': ['0.603', '0.105', '0.080', '0.99207', '0.12569', '0.00066', '-0.12569',
    '0.99207', '0.00048', '-0.00060', '-0.00056', '1.00000']
  '004.4667': ['0.615', '0.104', '0.080', '0.99458', '0.10394', '0.00069', '-0.10394',
    '0.99458', '0.00048', '-0.00063', '-0.00055', '1.00000']
  '004.5333': ['0.626', '0.102', '0.080', '0.99635', '0.08535', '0.00069', '-0.08535',
    '0.99635', '0.00046', '-0.00065', '-0.00051', '1.00000']
  '004.6000': ['0.635', '0.103', '0.080', '0.99705', '0.07677', '0.00071', '-0.07677',
    '0.99705', '0.00040', '-0.00067', '-0.00045', '1.00000']
  '004.6667': ['0.646', '0.103', '0.080', '0.99800', '0.06320', '0.00069', '-0.06320',
    '0.99800', '0.00036', '-0.00067', '-0.00040', '1.00000']
  '004.7333': ['0.658', '0.102', '0.080', '0.99898', '0.04517', '0.00068', '-0.04517',
    '0.99898', '0.00034', '-0.00066', '-0.00037', '1.00000']
  '004.8000': ['0.667', '0.103', '0.080', '0.99946', '0.03280', '0.00063', '-0.03280',
    '0.99946', '0.00025', '-0.00062', '-0.00027', '1.00000']
  '004.8667': ['0.678', '0.104', '0.080', '0.99958', '0.02913', '0.00068', '-0.02913',
    '0.99958', '0.00018', '-0.00067', '-0.00019', '1.00000']
  '004.9333': ['0.689', '0.105', '0.080', '0.99969', '0.02483', '0.00066', '-0.02483',
    '0.99969', '0.00012', '-0.00066', '-0.00014', '1.00000']
  '005.0000': ['0.700', '0.106', '0.080', '0.99985', '0.01753', '0.00066', '-0.01753',
    '0.99985', '0.00005', '-0.00065', '-0.00007', '1.00000']
  '005.0667': ['0.710', '0.106', '0.080', '0.99993', '0.01195', '0.00066', '-0.01195',
    '0.99993', '-0.00002', '-0.00066', '0.00002', '1.00000']
  '005.1333': ['0.722', '0.107', '0.080', '0.99995', '0.01038', '0.00069', '-0.01038',
    '0.99995', '-0.00008', '-0.00069', '0.00007', '1.00000']
  '005.2000': ['0.732', '0.108', '0.080', '0.99997', '0.00783', '0.00069', '-0.00783',
    '0.99997', '-0.00018', '-0.00070', '0.00018', '1.00000']
  '005.2667': ['0.743', '0.109', '0.080', '0.99999', '0.00473', '0.00074', '-0.00473',
    '0.99999', '-0.00025', '-0.00074', '0.00025', '1.00000']
  '005.3333': ['0.756', '0.109', '0.080', '0.99999', '0.00459', '0.00074', '-0.00459',
    '0.99999', '-0.00028', '-0.00074', '0.00027', '1.00000']
  '005.4000': ['0.768', '0.109', '0.080', '0.99996', '0.00860', '0.00072', '-0.00860',
    '0.99996', '-0.00035', '-0.00073', '0.00035', '1.00000']
  '005.4667': ['0.781', '0.109', '0.080', '0.99995', '0.01022', '0.00074', '-0.01022',
    '0.99995', '-0.00037', '-0.00075', '0.00037', '1.00000']
  '005.5333': ['0.794', '0.109', '0.080', '0.99994', '0.01086', '0.00074', '-0.01086',
    '0.99994', '-0.00042', '-0.00075', '0.00041', '1.00000']
  '005.6000': ['0.807', '0.108', '0.080', '0.99991', '0.01343', '0.00077', '-0.01343',
    '0.99991', '-0.00044', '-0.00077', '0.00043', '1.00000']
  '005.6667': ['0.820', '0.108', '0.080', '0.99977', '0.02137', '0.00081', '-0.02137',
    '0.99977', '-0.00050', '-0.00082', '0.00049', '1.00000']
  '005.7333': ['0.835', '0.107', '0.080', '0.99980', '0.02021', '0.00081', '-0.02021',
    '0.99980', '-0.00052', '-0.00082', '0.00050', '1.00000']
  '005.8000': ['0.847', '0.107', '0.080', '0.99959', '0.02866', '0.00086', '-0.02866',
    '0.99959', '-0.00058', '-0.00088', '0.00055', '1.00000']
  '005.8667': ['0.862', '0.106', '0.080', '0.99960', '0.02822', '0.00084', '-0.02822',
    '0.99960', '-0.00055', '-0.00085', '0.00053', '1.00000']
  '005.9333': ['0.875', '0.105', '0.080', '0.99953', '0.03078', '0.00085', '-0.03078',
    '0.99953', '-0.00057', '-0.00087', '0.00054', '1.00000']
  '006.0000': ['0.887', '0.104', '0.080', '0.99961', '0.02796', '0.00092', '-0.02796',
    '0.99961', '-0.00061', '-0.00093', '0.00059', '1.00000']
  '006.0667': ['0.902', '0.102', '0.080', '0.99983', '0.01864', '0.00094', '-0.01864',
    '0.99983', '-0.00059', '-0.00095', '0.00057', '1.00000']
  '006.1333': ['0.916', '0.101', '0.080', '0.99988', '0.01517', '0.00097', '-0.01517',
    '0.99988', '-0.00055', '-0.00098', '0.00054', '1.00000']
  '006.2000': ['0.929', '0.099', '0.080', '0.99996', '0.00840', '0.00100', '-0.00840',
    '0.99996', '-0.00057', '-0.00101', '0.00056', '1.00000']
  '006.2667': ['0.943', '0.097', '0.080', '0.99999', '-0.00328', '0.00099', '0.00328',
    '0.99999', '-0.00053', '-0.00099', '0.00054', '1.00000']
  '006.3333': ['0.955', '0.096', '0.080', '0.99994', '-0.01107', '0.00099', '0.01107',
    '0.99994', '-0.00055', '-0.00099', '0.00056', '1.00000']
  '006.4000': ['0.968', '0.094', '0.080', '0.99990', '-0.01402', '0.00099', '0.01402',
    '0.99990', '-0.00049', '-0.00099', '0.00050', '1.00000']
  '006.4667': ['0.981', '0.094', '0.080', '0.99997', '-0.00750', '0.00095', '0.00751',
    '0.99997', '-0.00051', '-0.00095', '0.00052', '1.00000']
  '006.5333': ['0.992', '0.090', '0.080', '0.99983', '-0.01814', '0.00101', '0.01815',
    '0.99984', '-0.00033', '-0.00100', '0.00035', '1.00000']
  '006.6000': ['1.004', '0.088', '0.080', '0.99969', '-0.02507', '0.00099', '0.02507',
    '0.99969', '-0.00026', '-0.00098', '0.00029', '1.00000']
  '006.6667': ['1.016', '0.086', '0.080', '0.99936', '-0.03570', '0.00094', '0.03570',
    '0.99936', '-0.00015', '-0.00094', '0.00018', '1.00000']
  '006.7333': ['1.027', '0.086', '0.080', '0.99929', '-0.03765', '0.00090', '0.03765',
    '0.99929', '-0.00018', '-0.00089', '0.00021', '1.00000']
  '006.8000': ['1.038', '0.113', '0.080', '0.99985', '0.01740', '0.00100', '-0.01740',
    '0.99985', '-0.00249', '-0.00105', '0.00247', '1.00000']
  '006.8667': ['1.049', '0.114', '0.080', '0.99994', '0.01066', '0.00093', '-0.01066',
    '0.99994', '-0.00256', '-0.00096', '0.00255', '1.00000']
  '006.9333': ['1.061', '0.113', '0.080', '1.00000', '0.00020', '0.00089', '-0.00020',
    '1.00000', '-0.00248', '-0.00089', '0.00248', '1.00000']
  '007.0000': ['1.073', '0.091', '0.080', '0.99868', '-0.05132', '0.00068', '0.05132',
    '0.99868', '-0.00050', '-0.00065', '0.00053', '1.00000']
  '007.0667': ['1.083', '0.094', '0.080', '0.99840', '-0.05655', '0.00065', '0.05655',
    '0.99840', '-0.00066', '-0.00061', '0.00070', '1.00000']
  '007.1333': ['1.096', '0.093', '0.080', '0.99792', '-0.06453', '0.00061', '0.06453',
    '0.99792', '-0.00053', '-0.00057', '0.00057', '1.00000']
  '007.2000': ['1.108', '0.088', '0.080', '0.99699', '-0.07756', '0.00059', '0.07756',
    '0.99699', '-0.00017', '-0.00057', '0.00021', '1.00000']
  '007.2667': ['1.120', '0.100', '0.080', '0.99743', '-0.07167', '0.00044', '0.07167',
    '0.99743', '-0.00096', '-0.00037', '0.00099', '1.00000']
  '007.3333': ['1.131', '0.109', '0.080', '0.99659', '-0.08255', '0.00043', '0.08255',
    '0.99659', '-0.00156', '-0.00030', '0.00159', '1.00000']
  '007.4000': ['1.142', '0.102', '0.080', '0.99438', '-0.10587', '0.00049', '0.10587',
    '0.99438', '-0.00091', '-0.00039', '0.00095', '1.00000']
  '007.4667': ['1.155', '0.099', '0.080', '0.99277', '-0.12002', '0.00040', '0.12002',
    '0.99277', '-0.00055', '-0.00034', '0.00059', '1.00000']
  '007.5333': ['1.170', '0.119', '0.080', '0.99268', '-0.12081', '0.00003', '0.12081',
    '0.99267', '-0.00210', '0.00023', '0.00209', '1.00000']
  '007.6000': ['1.177', '0.113', '0.080', '0.98928', '-0.14604', '0.00042', '0.14604',
    '0.98928', '-0.00135', '-0.00022', '0.00139', '1.00000']
  '007.6667': ['1.158', '0.095', '0.080', '0.98172', '-0.19033', '0.00002', '0.19033',
    '0.98172', '-0.00046', '0.00007', '0.00046', '1.00000']
  '007.7333': ['1.169', '0.098', '0.080', '0.98108', '-0.19362', '0.00007', '0.19362',
    '0.98108', '-0.00050', '0.00002', '0.00050', '1.00000']
  '007.8000': ['1.207', '0.114', '0.080', '0.98620', '-0.16558', '0.00058', '0.16558',
    '0.98620', '-0.00096', '-0.00041', '0.00104', '1.00000']
  '007.8667': ['1.217', '0.117', '0.080', '0.98507', '-0.17216', '0.00065', '0.17216',
    '0.98507', '-0.00095', '-0.00048', '0.00105', '1.00000']
  '007.9333': ['1.227', '0.121', '0.080', '0.98264', '-0.18552', '0.00081', '0.18552',
    '0.98264', '-0.00102', '-0.00061', '0.00115', '1.00000']
  '008.0000': ['1.238', '0.124', '0.080', '0.97980', '-0.19997', '0.00097', '0.19997',
    '0.97980', '-0.00118', '-0.00071', '0.00135', '1.00000']
  '008.0667': ['1.222', '0.111', '0.080', '0.97078', '-0.23999', '0.00040', '0.23999',
    '0.97078', '-0.00057', '-0.00026', '0.00065', '1.00000']
  '008.1333': ['1.234', '0.115', '0.080', '0.96732', '-0.25354', '0.00038', '0.25354',
    '0.96732', '-0.00049', '-0.00025', '0.00057', '1.00000']
  '008.2000': ['1.246', '0.119', '0.080', '0.96447', '-0.26419', '0.00038', '0.26419',
    '0.96447', '-0.00047', '-0.00024', '0.00055', '1.00000']
  '008.2667': ['1.258', '0.123', '0.080', '0.96146', '-0.27495', '0.00038', '0.27495',
    '0.96146', '-0.00049', '-0.00023', '0.00057', '1.00000']
  '008.3333': ['1.269', '0.126', '0.080', '0.95766', '-0.28790', '0.00037', '0.28790',
    '0.95766', '-0.00045', '-0.00023', '0.00054', '1.00000']
  '008.4000': ['1.278', '0.128', '0.080', '0.95158', '-0.30741', '0.00040', '0.30741',
    '0.95158', '-0.00043', '-0.00025', '0.00053', '1.00000']
  '008.4667': ['1.289', '0.133', '0.080', '0.94421', '-0.32935', '0.00030', '0.32935',
    '0.94421', '-0.00046', '-0.00013', '0.00053', '1.00000']
  '008.5333': ['1.299', '0.137', '0.080', '0.93634', '-0.35110', '0.00030', '0.35110',
    '0.93634', '-0.00049', '-0.00011', '0.00056', '1.00000']
  '008.6000': ['1.308', '0.141', '0.080', '0.93183', '-0.36289', '0.00026', '0.36289',
    '0.93183', '-0.00046', '-0.00007', '0.00053', '1.00000']
  '008.6667': ['1.319', '0.146', '0.080', '0.92701', '-0.37505', '0.00029', '0.37505',
    '0.92701', '-0.00050', '-0.00009', '0.00057', '1.00000']
  '008.7333': ['1.326', '0.148', '0.080', '0.92559', '-0.37852', '0.00029', '0.37852',
    '0.92559', '-0.00044', '-0.00010', '0.00051', '1.00000']
  '008.8000': ['1.336', '0.152', '0.080', '0.92290', '-0.38504', '0.00030', '0.38504',
    '0.92290', '-0.00044', '-0.00011', '0.00053', '1.00000']
  '008.8667': ['1.348', '0.157', '0.080', '0.91766', '-0.39736', '0.00030', '0.39736',
    '0.91766', '-0.00043', '-0.00010', '0.00051', '1.00000']
  '008.9333': ['1.357', '0.161', '0.080', '0.91297', '-0.40802', '0.00029', '0.40802',
    '0.91297', '-0.00044', '-0.00008', '0.00052', '1.00000']
  '009.0000': ['1.366', '0.164', '0.080', '0.90916', '-0.41645', '0.00028', '0.41645',
    '0.90916', '-0.00042', '-0.00008', '0.00050', '1.00000']
  '009.0667': ['1.373', '0.168', '0.080', '0.90758', '-0.41988', '0.00035', '0.41988',
    '0.90758', '-0.00041', '-0.00015', '0.00052', '1.00000']
  '009.1333': ['1.383', '0.174', '0.080', '0.90246', '-0.43077', '0.00034', '0.43077',
    '0.90246', '-0.00041', '-0.00013', '0.00051', '1.00000']
  '009.2000': ['1.392', '0.177', '0.080', '0.89463', '-0.44681', '0.00031', '0.44681',
    '0.89463', '-0.00038', '-0.00011', '0.00048', '1.00000']
  '009.2667': ['1.402', '0.183', '0.080', '0.89110', '-0.45380', '0.00034', '0.45380',
    '0.89110', '-0.00036', '-0.00014', '0.00047', '1.00000']
  '009.3333': ['1.411', '0.187', '0.080', '0.88400', '-0.46749', '0.00031', '0.46749',
    '0.88400', '-0.00034', '-0.00012', '0.00044', '1.00000']
  '009.4000': ['1.422', '0.194', '0.080', '0.87537', '-0.48345', '0.00030', '0.48345',
    '0.87537', '-0.00034', '-0.00010', '0.00044', '1.00000']
  '009.4667': ['1.431', '0.199', '0.080', '0.86430', '-0.50297', '0.00027', '0.50297',
    '0.86430', '-0.00032', '-0.00007', '0.00041', '1.00000']
  '009.5333': ['1.440', '0.205', '0.080', '0.85493', '-0.51875', '0.00025', '0.51875',
    '0.85493', '-0.00030', '-0.00006', '0.00039', '1.00000']
  '009.6000': ['1.450', '0.211', '0.080', '0.84748', '-0.53082', '0.00023', '0.53082',
    '0.84748', '-0.00029', '-0.00004', '0.00037', '1.00000']
  '009.6667': ['1.459', '0.218', '0.080', '0.83791', '-0.54581', '0.00024', '0.54581',
    '0.83791', '-0.00029', '-0.00004', '0.00037', '1.00000']
  '009.7333': ['1.468', '0.224', '0.080', '0.82810', '-0.56058', '0.00025', '0.56058',
    '0.82810', '-0.00028', '-0.00005', '0.00038', '1.00000']
  '009.8000': ['1.477', '0.230', '0.080', '0.82013', '-0.57218', '0.00022', '0.57218',
    '0.82013', '-0.00027', '-0.00002', '0.00035', '1.00000']
  '009.8667': ['1.487', '0.237', '0.080', '0.81442', '-0.58028', '0.00022', '0.58028',
    '0.81442', '-0.00029', '-0.00001', '0.00037', '1.00000']
  '009.9333': ['1.495', '0.243', '0.080', '0.80985', '-0.58664', '0.00023', '0.58664',
    '0.80985', '-0.00028', '-0.00002', '0.00036', '1.00000']
  '010.0000': ['1.504', '0.250', '0.080', '0.80980', '-0.58671', '0.00025', '0.58671',
    '0.80980', '-0.00031', '-0.00002', '0.00039', '1.00000']
  '010.0667': ['1.513', '0.257', '0.080', '0.80735', '-0.59007', '0.00026', '0.59007',
    '0.80735', '-0.00031', '-0.00003', '0.00041', '1.00000']
  '010.1333': ['1.520', '0.263', '0.080', '0.79845', '-0.60207', '0.00029', '0.60207',
    '0.79845', '-0.00033', '-0.00004', '0.00044', '1.00000']
  '010.2000': ['1.528', '0.269', '0.080', '0.78952', '-0.61372', '0.00033', '0.61372',
    '0.78952', '-0.00033', '-0.00006', '0.00046', '1.00000']
  '010.2667': ['1.537', '0.276', '0.080', '0.77876', '-0.62732', '0.00031', '0.62732',
    '0.77876', '-0.00033', '-0.00004', '0.00045', '1.00000']
  '010.3333': ['1.537', '0.269', '0.080', '0.77670', '-0.62987', '-0.00012', '0.62987',
    '0.77670', '-0.00032', '0.00030', '0.00017', '1.00000']
  '010.4000': ['1.547', '0.276', '0.080', '0.76481', '-0.64425', '-0.00011', '0.64425',
    '0.76481', '-0.00033', '0.00030', '0.00018', '1.00000']
  '010.4667': ['1.556', '0.285', '0.080', '0.75147', '-0.65977', '-0.00009', '0.65977',
    '0.75147', '-0.00034', '0.00029', '0.00020', '1.00000']
  '010.5333': ['1.564', '0.293', '0.080', '0.73416', '-0.67897', '-0.00010', '0.67897',
    '0.73416', '-0.00033', '0.00029', '0.00017', '1.00000']
  '010.6000': ['1.573', '0.301', '0.080', '0.71816', '-0.69588', '-0.00009', '0.69588',
    '0.71816', '-0.00031', '0.00028', '0.00016', '1.00000']
  '010.6667': ['1.581', '0.309', '0.080', '0.70223', '-0.71195', '-0.00009', '0.71195',
    '0.70223', '-0.00029', '0.00027', '0.00014', '1.00000']
  '010.7333': ['1.589', '0.318', '0.080', '0.67813', '-0.73495', '-0.00009', '0.73494',
    '0.67813', '-0.00031', '0.00029', '0.00014', '1.00000']
  '010.8000': ['1.597', '0.328', '0.080', '0.65164', '-0.75853', '-0.00006', '0.75853',
    '0.65164', '-0.00031', '0.00027', '0.00015', '1.00000']
  '010.8667': ['1.604', '0.337', '0.080', '0.62401', '-0.78142', '-0.00004', '0.78142',
    '0.62401', '-0.00031', '0.00027', '0.00016', '1.00000']
  '010.9333': ['1.611', '0.347', '0.080', '0.59406', '-0.80442', '-0.00001', '0.80442',
    '0.59406', '-0.00031', '0.00025', '0.00017', '1.00000']
  '011.0000': ['1.618', '0.357', '0.080', '0.55980', '-0.82863', '0.00000', '0.82863',
    '0.55980', '-0.00032', '0.00026', '0.00018', '1.00000']
  '011.0667': ['1.624', '0.366', '0.080', '0.52255', '-0.85261', '0.00005', '0.85261',
    '0.52255', '-0.00030', '0.00023', '0.00020', '1.00000']
  '011.1333': ['1.630', '0.377', '0.080', '0.48159', '-0.87640', '0.00006', '0.87640',
    '0.48159', '-0.00028', '0.00022', '0.00019', '1.00000']
  '011.2000': ['1.635', '0.388', '0.080', '0.43536', '-0.90026', '0.00006', '0.90026',
    '0.43536', '-0.00028', '0.00023', '0.00018', '1.00000']
  '011.2667': ['1.639', '0.399', '0.080', '0.38569', '-0.92263', '0.00012', '0.92263',
    '0.38569', '-0.00028', '0.00021', '0.00021', '1.00000']
  '011.3333': ['1.644', '0.410', '0.080', '0.33023', '-0.94390', '0.00010', '0.94390',
    '0.33023', '-0.00024', '0.00020', '0.00017', '1.00000']
  '011.4000': ['1.647', '0.422', '0.080', '0.27587', '-0.96119', '0.00015', '0.96119',
    '0.27587', '-0.00023', '0.00018', '0.00020', '1.00000']
  '011.4667': ['1.648', '0.435', '0.080', '0.22392', '-0.97461', '0.00025', '0.97461',
    '0.22392', '-0.00023', '0.00017', '0.00029', '1.00000']
  '011.5333': ['1.651', '0.448', '0.080', '0.16204', '-0.98678', '0.00027', '0.98678',
    '0.16204', '-0.00019', '0.00014', '0.00029', '1.00000']
  '011.6000': ['1.652', '0.460', '0.080', '0.09514', '-0.99546', '0.00024', '0.99546',
    '0.09514', '-0.00019', '0.00017', '0.00026', '1.00000']
  '011.6667': ['1.651', '0.474', '0.080', '0.04046', '-0.99918', '0.00033', '0.99918',
    '0.04046', '-0.00016', '0.00014', '0.00033', '1.00000']
  '011.7333': ['1.649', '0.488', '0.080', '-0.02182', '-0.99976', '0.00049', '0.99976',
    '-0.02182', '-0.00011', '0.00012', '0.00048', '1.00000']
  '011.8000': ['1.647', '0.502', '0.080', '-0.08659', '-0.99624', '0.00052', '0.99624',
    '-0.08659', '0.00008', '-0.00003', '0.00053', '1.00000']
  '011.8667': ['1.647', '0.515', '0.080', '-0.14219', '-0.98984', '0.00041', '0.98984',
    '-0.14219', '0.00017', '-0.00011', '0.00043', '1.00000']
  '011.9333': ['1.648', '0.529', '0.080', '-0.18115', '-0.98345', '0.00027', '0.98345',
    '-0.18115', '0.00023', '-0.00018', '0.00031', '1.00000']
  '012.0000': ['1.648', '0.542', '0.080', '-0.19681', '-0.98044', '0.00010', '0.98044',
    '-0.19681', '0.00025', '-0.00022', '0.00014', '1.00000']
  '012.0667': ['1.646', '0.554', '0.080', '-0.19751', '-0.98030', '0.00006', '0.98030',
    '-0.19751', '0.00026', '-0.00024', '0.00011', '1.00000']
  '012.1333': ['1.643', '0.566', '0.080', '-0.19880', '-0.98004', '0.00017', '0.98004',
    '-0.19880', '0.00023', '-0.00019', '0.00021', '1.00000']
  '012.2000': ['1.643', '0.577', '0.080', '-0.20309', '-0.97916', '0.00010', '0.97916',
    '-0.20309', '0.00029', '-0.00026', '0.00016', '1.00000']
  '012.2667': ['1.641', '0.589', '0.080', '-0.20293', '-0.97919', '0.00007', '0.97919',
    '-0.20293', '0.00026', '-0.00024', '0.00012', '1.00000']
  '012.3333': ['1.640', '0.600', '0.080', '-0.20353', '-0.97907', '0.00001', '0.97907',
    '-0.20353', '0.00028', '-0.00028', '0.00006', '1.00000']
  '012.4667': ['1.636', '0.624', '0.080', '-0.20070', '-0.97965', '-0.00000', '0.97965',
    '-0.20070', '0.00032', '-0.00032', '0.00006', '1.00000']
  '012.5333': ['1.634', '0.636', '0.080', '-0.20100', '-0.97959', '-0.00004', '0.97959',
    '-0.20100', '0.00033', '-0.00034', '0.00002', '1.00000']
  '012.6000': ['1.632', '0.648', '0.080', '-0.20469', '-0.97883', '-0.00006', '0.97883',
    '-0.20469', '0.00033', '-0.00034', '0.00001', '1.00000']
  '012.7333': ['1.626', '0.674', '0.080', '-0.21596', '-0.97640', '-0.00005', '0.97640',
    '-0.21596', '0.00034', '-0.00034', '0.00003', '1.00000']
  '012.8000': ['1.624', '0.686', '0.080', '-0.22193', '-0.97506', '-0.00007', '0.97506',
    '-0.22193', '0.00038', '-0.00039', '0.00002', '1.00000']
  '012.9333': ['1.620', '0.711', '0.080', '-0.21734', '-0.97610', '-0.00011', '0.97610',
    '-0.21734', '0.00039', '-0.00041', '-0.00002', '1.00000']
  '013.0000': ['1.617', '0.723', '0.080', '-0.21262', '-0.97714', '-0.00012', '0.97714',
    '-0.21262', '0.00041', '-0.00042', '-0.00003', '1.00000']
  '013.1333': ['1.611', '0.749', '0.080', '-0.20061', '-0.97967', '-0.00009', '0.97967',
    '-0.20061', '0.00039', '-0.00040', '-0.00001', '1.00000']
  '013.2000': ['1.609', '0.762', '0.080', '-0.19355', '-0.98109', '-0.00010', '0.98109',
    '-0.19355', '0.00037', '-0.00039', '-0.00002', '1.00000']
  '013.3333': ['1.604', '0.786', '0.080', '-0.19015', '-0.98176', '-0.00008', '0.98176',
    '-0.19015', '0.00042', '-0.00042', '0.00000', '1.00000']
  '013.4000': ['1.601', '0.799', '0.080', '-0.18835', '-0.98210', '-0.00005', '0.98210',
    '-0.18835', '0.00042', '-0.00042', '0.00003', '1.00000']
  '013.4667': ['1.599', '0.811', '0.080', '-0.19372', '-0.98106', '-0.00005', '0.98106',
    '-0.19372', '0.00043', '-0.00043', '0.00003', '1.00000']
  '013.6000': ['1.594', '0.836', '0.080', '-0.20236', '-0.97931', '-0.00007', '0.97931',
    '-0.20236', '0.00044', '-0.00045', '0.00002', '1.00000']
  '013.9333': ['1.579', '0.892', '0.080', '-0.36419', '-0.93132', '-0.00017', '0.93132',
    '-0.36419', '0.00045', '-0.00048', '0.00000', '1.00000']
  '014.1333': ['1.565', '0.925', '0.080', '-0.51524', '-0.85705', '-0.00030', '0.85705',
    '-0.51524', '0.00039', '-0.00049', '-0.00006', '1.00000']
  '014.2000': ['1.557', '0.937', '0.080', '-0.58114', '-0.81380', '-0.00029', '0.81380',
    '-0.58114', '0.00039', '-0.00049', '-0.00001', '1.00000']
  '014.2667': ['1.548', '0.948', '0.080', '-0.63625', '-0.77148', '-0.00031', '0.77148',
    '-0.63625', '0.00036', '-0.00048', '-0.00000', '1.00000']
  '014.3333': ['1.539', '0.958', '0.080', '-0.67926', '-0.73389', '-0.00031', '0.73389',
    '-0.67926', '0.00035', '-0.00047', '0.00001', '1.00000']
  '014.4667': ['1.519', '0.976', '0.080', '-0.75019', '-0.66122', '-0.00032', '0.66122',
    '-0.75019', '0.00032', '-0.00045', '0.00003', '1.00000']
  '014.5333': ['1.509', '0.983', '0.080', '-0.78398', '-0.62079', '-0.00028', '0.62079',
    '-0.78398', '0.00037', '-0.00045', '0.00011', '1.00000']
  '014.6000': ['1.501', '0.986', '0.080', '-0.81367', '-0.58133', '-0.00024', '0.58133',
    '-0.81367', '0.00047', '-0.00047', '0.00024', '1.00000']
  '014.6667': ['1.491', '0.992', '0.080', '-0.83857', '-0.54479', '-0.00027', '0.54479',
    '-0.83857', '0.00046', '-0.00048', '0.00024', '1.00000']
  '014.7333': ['1.481', '0.999', '0.080', '-0.85992', '-0.51042', '-0.00028', '0.51042',
    '-0.85992', '0.00046', '-0.00047', '0.00025', '1.00000']
  '014.8000': ['1.471', '1.004', '0.080', '-0.87623', '-0.48189', '-0.00031', '0.48189',
    '-0.87623', '0.00048', '-0.00050', '0.00027', '1.00000']
  '014.8667': ['1.458', '1.012', '0.080', '-0.89221', '-0.45163', '-0.00033', '0.45163',
    '-0.89221', '0.00043', '-0.00049', '0.00023', '1.00000']
  '014.9333': ['1.448', '1.016', '0.080', '-0.90835', '-0.41822', '-0.00034', '0.41822',
    '-0.90835', '0.00044', '-0.00049', '0.00025', '1.00000']
  '015.0000': ['1.439', '1.019', '0.080', '-0.91922', '-0.39375', '-0.00039', '0.39375',
    '-0.91922', '0.00044', '-0.00053', '0.00025', '1.00000']
  '015.0667': ['1.425', '1.029', '0.080', '-0.92695', '-0.37518', '-0.00039', '0.37518',
    '-0.92695', '0.00039', '-0.00050', '0.00022', '1.00000']
  '015.1333': ['1.414', '1.032', '0.080', '-0.93906', '-0.34376', '-0.00037', '0.34376',
    '-0.93906', '0.00043', '-0.00050', '0.00027', '1.00000']
  '015.2000': ['1.418', '1.028', '0.080', '-0.94340', '-0.33166', '0.00022', '0.33166',
    '-0.94340', '0.00021', '0.00014', '0.00027', '1.00000']
  '015.2667': ['1.406', '1.033', '0.080', '-0.95253', '-0.30445', '0.00021', '0.30445',
    '-0.95253', '0.00020', '0.00013', '0.00025', '1.00000']
  '015.3333': ['1.394', '1.037', '0.080', '-0.96054', '-0.27813', '0.00019', '0.27813',
    '-0.96054', '0.00020', '0.00013', '0.00024', '1.00000']
  '015.4000': ['1.384', '1.038', '0.080', '-0.96850', '-0.24900', '0.00018', '0.24900',
    '-0.96850', '0.00022', '0.00012', '0.00025', '1.00000']
  '015.4667': ['1.372', '1.041', '0.080', '-0.97506', '-0.22194', '0.00019', '0.22194',
    '-0.97506', '0.00024', '0.00013', '0.00027', '1.00000']
  '015.5333': ['1.358', '1.044', '0.080', '-0.98207', '-0.18852', '0.00019', '0.18852',
    '-0.98207', '0.00022', '0.00014', '0.00025', '1.00000']
  '015.6000': ['1.348', '1.045', '0.080', '-0.98575', '-0.16821', '0.00013', '0.16821',
    '-0.98575', '0.00022', '0.00009', '0.00024', '1.00000']
  '015.6667': ['1.335', '1.046', '0.080', '-0.99012', '-0.14022', '0.00014', '0.14022',
    '-0.99012', '0.00022', '0.00011', '0.00024', '1.00000']
  '015.7333': ['1.320', '1.050', '0.080', '-0.99298', '-0.11827', '0.00012', '0.11827',
    '-0.99298', '0.00018', '0.00010', '0.00019', '1.00000']
  '015.8000': ['1.306', '1.052', '0.080', '-0.99573', '-0.09233', '0.00013', '0.09233',
    '-0.99573', '0.00018', '0.00011', '0.00019', '1.00000']
  '015.8667': ['1.291', '1.054', '0.080', '-0.99714', '-0.07562', '0.00010', '0.07562',
    '-0.99714', '0.00017', '0.00009', '0.00018', '1.00000']
  '015.9333': ['1.279', '1.053', '0.080', '-0.99890', '-0.04695', '0.00011', '0.04695',
    '-0.99890', '0.00019', '0.00010', '0.00020', '1.00000']
  '016.0000': ['1.263', '1.056', '0.080', '-0.99962', '-0.02746', '0.00011', '0.02746',
    '-0.99962', '0.00019', '0.00011', '0.00019', '1.00000']
  '016.0667': ['1.251', '1.055', '0.080', '-0.99976', '-0.02191', '0.00005', '0.02191',
    '-0.99976', '0.00020', '0.00005', '0.00021', '1.00000']
  '016.1333': ['1.238', '1.053', '0.080', '-0.99993', '-0.01178', '0.00005', '0.01178',
    '-0.99993', '0.00022', '0.00005', '0.00022', '1.00000']
  '016.2000': ['1.224', '1.054', '0.080', '-1.00000', '0.00189', '0.00008', '-0.00189',
    '-1.00000', '0.00023', '0.00008', '0.00023', '1.00000']
  '016.2667': ['1.209', '1.055', '0.080', '-0.99991', '-0.01368', '0.00002', '0.01368',
    '-0.99991', '0.00023', '0.00002', '0.00023', '1.00000']
  '016.3333': ['1.195', '1.055', '0.080', '-0.99998', '-0.00707', '0.00004', '0.00707',
    '-0.99997', '0.00024', '0.00003', '0.00024', '1.00000']
  '016.4000': ['1.181', '1.055', '0.080', '-0.99998', '0.00574', '0.00008', '-0.00574',
    '-0.99998', '0.00024', '0.00008', '0.00024', '1.00000']
  '016.4667': ['1.164', '1.057', '0.080', '-1.00000', '-0.00120', '0.00010', '0.00120',
    '-1.00000', '0.00025', '0.00010', '0.00025', '1.00000']
  '016.5333': ['1.151', '1.056', '0.080', '-0.99999', '-0.00342', '0.00011', '0.00342',
    '-0.99999', '0.00023', '0.00011', '0.00023', '1.00000']
  '016.6000': ['1.137', '1.056', '0.080', '-0.99998', '-0.00628', '0.00012', '0.00628',
    '-0.99998', '0.00023', '0.00012', '0.00023', '1.00000']
  '016.6667': ['1.123', '1.056', '0.080', '-0.99996', '-0.00865', '0.00011', '0.00865',
    '-0.99996', '0.00020', '0.00011', '0.00020', '1.00000']
  '016.7333': ['1.111', '1.055', '0.080', '-0.99998', '-0.00583', '0.00010', '0.00583',
    '-0.99998', '0.00022', '0.00010', '0.00022', '1.00000']
  '016.8000': ['1.098', '1.054', '0.080', '-1.00000', '0.00292', '0.00010', '-0.00292',
    '-1.00000', '0.00021', '0.00010', '0.00021', '1.00000']
  '016.8667': ['1.084', '1.054', '0.080', '-0.99998', '0.00615', '0.00006', '-0.00615',
    '-0.99998', '0.00020', '0.00006', '0.00020', '1.00000']
  '016.9333': ['1.094', '1.050', '0.080', '-0.99907', '-0.04300', '0.00051', '0.04300',
    '-0.99907', '0.00017', '0.00051', '0.00020', '1.00000']
  '017.0000': ['1.082', '1.051', '0.080', '-0.99821', '-0.05977', '0.00046', '0.05977',
    '-0.99821', '0.00017', '0.00044', '0.00020', '1.00000']
  '017.0667': ['1.070', '1.052', '0.080', '-0.99763', '-0.06879', '0.00044', '0.06879',
    '-0.99763', '0.00022', '0.00042', '0.00025', '1.00000']
  '017.1333': ['1.057', '1.053', '0.080', '-0.99696', '-0.07796', '0.00043', '0.07796',
    '-0.99696', '0.00025', '0.00041', '0.00028', '1.00000']
  '017.2000': ['1.043', '1.055', '0.080', '-0.99644', '-0.08436', '0.00045', '0.08436',
    '-0.99644', '0.00018', '0.00043', '0.00022', '1.00000']
  '017.2667': ['1.031', '1.055', '0.080', '-0.99580', '-0.09152', '0.00040', '0.09152',
    '-0.99580', '0.00024', '0.00038', '0.00027', '1.00000']
  '017.3333': ['1.017', '1.057', '0.080', '-0.99617', '-0.08746', '0.00042', '0.08746',
    '-0.99617', '0.00025', '0.00040', '0.00028', '1.00000']
  '017.4000': ['1.003', '1.058', '0.080', '-0.99690', '-0.07867', '0.00038', '0.07867',
    '-0.99690', '0.00025', '0.00036', '0.00028', '1.00000']
  '017.4667': ['0.990', '1.059', '0.080', '-0.99750', '-0.07071', '0.00037', '0.07071',
    '-0.99750', '0.00026', '0.00035', '0.00028', '1.00000']
  '017.5333': ['0.975', '1.060', '0.080', '-0.99801', '-0.06303', '0.00033', '0.06303',
    '-0.99801', '0.00028', '0.00032', '0.00030', '1.00000']
  '017.6000': ['0.962', '1.061', '0.080', '-0.99857', '-0.05345', '0.00027', '0.05345',
    '-0.99857', '0.00030', '0.00025', '0.00031', '1.00000']
  '017.6666': ['0.949', '1.062', '0.080', '-0.99921', '-0.03976', '0.00022', '0.03976',
    '-0.99921', '0.00023', '0.00021', '0.00024', '1.00000']
  '017.7333': ['0.935', '1.062', '0.080', '-0.99954', '-0.03019', '0.00022', '0.03019',
    '-0.99954', '0.00027', '0.00021', '0.00028', '1.00000']
  '017.8000': ['0.920', '1.064', '0.080', '-0.99980', '-0.01978', '0.00026', '0.01978',
    '-0.99980', '0.00017', '0.00025', '0.00017', '1.00000']
  '017.8666': ['0.906', '1.064', '0.080', '-1.00000', '-0.00095', '0.00023', '0.00095',
    '-1.00000', '0.00014', '0.00023', '0.00014', '1.00000']
  '017.9333': ['0.893', '1.063', '0.080', '-0.99994', '0.01062', '0.00024', '-0.01062',
    '-0.99994', '0.00021', '0.00024', '0.00021', '1.00000']
  '018.0000': ['0.880', '1.064', '0.080', '-0.99976', '0.02210', '0.00021', '-0.02210',
    '-0.99976', '0.00017', '0.00021', '0.00016', '1.00000']
  '018.0666': ['0.867', '1.064', '0.080', '-0.99953', '0.03055', '0.00016', '-0.03055',
    '-0.99953', '0.00015', '0.00016', '0.00015', '1.00000']
  '018.1333': ['0.854', '1.065', '0.080', '-0.99955', '0.03006', '0.00012', '-0.03006',
    '-0.99955', '0.00012', '0.00012', '0.00012', '1.00000']
  '018.2000': ['0.842', '1.064', '0.080', '-0.99957', '0.02937', '0.00005', '-0.02937',
    '-0.99957', '0.00014', '0.00006', '0.00014', '1.00000']
  '018.2666': ['0.827', '1.063', '0.080', '-0.99971', '0.02400', '0.00021', '-0.02400',
    '-0.99971', '0.00021', '0.00022', '0.00020', '1.00000']
  '018.3333': ['0.816', '1.061', '0.080', '-0.99972', '0.02378', '0.00004', '-0.02378',
    '-0.99972', '0.00034', '0.00005', '0.00034', '1.00000']
  '018.4000': ['0.798', '1.061', '0.080', '-0.99964', '0.02681', '0.00029', '-0.02681',
    '-0.99964', '0.00035', '0.00030', '0.00034', '1.00000']
  '018.4666': ['0.789', '1.062', '0.080', '-0.99935', '0.03607', '-0.00009', '-0.03607',
    '-0.99935', '0.00024', '-0.00008', '0.00024', '1.00000']
  '018.5333': ['0.777', '1.061', '0.080', '-0.99903', '0.04413', '-0.00018', '-0.04413',
    '-0.99903', '0.00028', '-0.00017', '0.00029', '1.00000']
  '018.6000': ['0.761', '1.060', '0.080', '-0.99843', '0.05597', '-0.00016', '-0.05597',
    '-0.99843', '0.00030', '-0.00015', '0.00031', '1.00000']
  '018.6666': ['0.747', '1.060', '0.080', '-0.99782', '0.06597', '-0.00011', '-0.06597',
    '-0.99782', '0.00026', '-0.00010', '0.00026', '1.00000']
  '018.7333': ['0.732', '1.059', '0.080', '-0.99726', '0.07393', '-0.00011', '-0.07393',
    '-0.99726', '0.00022', '-0.00009', '0.00023', '1.00000']
  '018.8000': ['0.719', '1.058', '0.080', '-0.99652', '0.08330', '-0.00015', '-0.08330',
    '-0.99652', '0.00019', '-0.00013', '0.00020', '1.00000']
  '018.9333': ['0.691', '1.055', '0.080', '-0.99473', '0.10250', '-0.00022', '-0.10250',
    '-0.99473', '0.00021', '-0.00020', '0.00023', '1.00000']
  '019.0000': ['0.677', '1.054', '0.080', '-0.99401', '0.10929', '-0.00024', '-0.10929',
    '-0.99401', '0.00020', '-0.00022', '0.00022', '1.00000']
  '019.1333': ['0.651', '1.051', '0.080', '-0.99184', '0.12748', '-0.00031', '-0.12748',
    '-0.99184', '0.00022', '-0.00028', '0.00025', '1.00000']
  '019.2000': ['0.637', '1.049', '0.080', '-0.99089', '0.13470', '-0.00029', '-0.13470',
    '-0.99089', '0.00021', '-0.00026', '0.00025', '1.00000']
  '019.3333': ['0.612', '1.046', '0.080', '-0.98985', '0.14211', '-0.00038', '-0.14211',
    '-0.98985', '0.00017', '-0.00035', '0.00022', '1.00000']
  '019.4000': ['0.598', '1.044', '0.080', '-0.98903', '0.14773', '-0.00042', '-0.14773',
    '-0.98903', '0.00020', '-0.00038', '0.00026', '1.00000']
  '019.5333': ['0.569', '1.040', '0.080', '-0.98533', '0.17068', '-0.00049', '-0.17068',
    '-0.98533', '0.00017', '-0.00045', '0.00025', '1.00000']
  '019.6000': ['0.555', '1.037', '0.080', '-0.98441', '0.17588', '-0.00050', '-0.17588',
    '-0.98441', '0.00013', '-0.00047', '0.00022', '1.00000']
  '019.7333': ['0.526', '1.032', '0.080', '-0.98223', '0.18768', '-0.00051', '-0.18768',
    '-0.98223', '0.00013', '-0.00048', '0.00022', '1.00000']
  '019.8000': ['0.512', '1.029', '0.080', '-0.98086', '0.19469', '-0.00053', '-0.19469',
    '-0.98087', '0.00011', '-0.00050', '0.00021', '1.00000']
  '019.8666': ['0.499', '1.026', '0.080', '-0.97953', '0.20130', '-0.00052', '-0.20130',
    '-0.97953', '0.00008', '-0.00049', '0.00019', '1.00000']
  '019.9333': ['0.484', '1.022', '0.080', '-0.97723', '0.21220', '-0.00053', '-0.21220',
    '-0.97723', '0.00010', '-0.00050', '0.00021', '1.00000']
  '020.0666': ['0.458', '1.018', '0.080', '-0.97730', '0.21186', '-0.00056', '-0.21186',
    '-0.97730', '0.00009', '-0.00052', '0.00021', '1.00000']
  '020.1333': ['0.443', '1.014', '0.080', '-0.97752', '0.21086', '-0.00056', '-0.21086',
    '-0.97752', '0.00010', '-0.00052', '0.00021', '1.00000']
  '020.2000': ['0.432', '1.012', '0.080', '-0.97668', '0.21470', '-0.00058', '-0.21470',
    '-0.97668', '0.00009', '-0.00055', '0.00021', '1.00000']
  '020.3333': ['0.406', '1.008', '0.080', '-0.97648', '0.21561', '-0.00056', '-0.21561',
    '-0.97648', '-0.00001', '-0.00054', '0.00011', '1.00000']
  '020.4000': ['0.393', '1.005', '0.080', '-0.97397', '0.22668', '-0.00056', '-0.22668',
    '-0.97397', '-0.00001', '-0.00055', '0.00011', '1.00000']
  '020.4666': ['0.381', '1.003', '0.080', '-0.97143', '0.23732', '-0.00055', '-0.23732',
    '-0.97143', '-0.00005', '-0.00055', '0.00009', '1.00000']
  '020.5333': ['0.368', '1.000', '0.080', '-0.96468', '0.26343', '-0.00054', '-0.26343',
    '-0.96468', '-0.00008', '-0.00054', '0.00007', '1.00000']
  '020.6000': ['0.354', '0.996', '0.080', '-0.95469', '0.29759', '-0.00052', '-0.29759',
    '-0.95469', '-0.00010', '-0.00052', '0.00006', '1.00000']
  '020.6666': ['0.339', '0.990', '0.080', '-0.93659', '0.35043', '-0.00051', '-0.35043',
    '-0.93659', '-0.00007', '-0.00050', '0.00012', '1.00000']
  '020.7333': ['0.326', '0.983', '0.080', '-0.91774', '0.39719', '-0.00051', '-0.39719',
    '-0.91774', '-0.00003', '-0.00048', '0.00017', '1.00000']
  '020.8000': ['0.314', '0.977', '0.080', '-0.89191', '0.45220', '-0.00064', '-0.45220',
    '-0.89191', '-0.00001', '-0.00058', '0.00028', '1.00000']
  '020.8666': ['0.304', '0.970', '0.080', '-0.84981', '0.52710', '-0.00064', '-0.52710',
    '-0.84981', '0.00002', '-0.00053', '0.00036', '1.00000']
  '020.9333': ['0.294', '0.962', '0.080', '-0.80453', '0.59391', '-0.00064', '-0.59391',
    '-0.80453', '-0.00001', '-0.00052', '0.00037', '1.00000']
  '021.0000': ['0.284', '0.955', '0.080', '-0.76239', '0.64712', '-0.00067', '-0.64712',
    '-0.76239', '-0.00004', '-0.00054', '0.00040', '1.00000']
  '021.0666': ['0.277', '0.947', '0.080', '-0.73184', '0.68148', '-0.00074', '-0.68148',
    '-0.73184', '-0.00009', '-0.00060', '0.00044', '1.00000']
  '021.1333': ['0.268', '0.938', '0.080', '-0.70264', '0.71155', '-0.00072', '-0.71155',
    '-0.70264', '-0.00012', '-0.00059', '0.00043', '1.00000']
  '021.2000': ['0.261', '0.930', '0.080', '-0.67747', '0.73555', '-0.00075', '-0.73555',
    '-0.67747', '-0.00017', '-0.00063', '0.00043', '1.00000']
  '021.2666': ['0.253', '0.921', '0.080', '-0.64586', '0.76346', '-0.00073', '-0.76346',
    '-0.64586', '-0.00017', '-0.00060', '0.00044', '1.00000']
  '021.3333': ['0.244', '0.911', '0.080', '-0.62676', '0.77921', '-0.00074', '-0.77921',
    '-0.62676', '-0.00022', '-0.00064', '0.00044', '1.00000']
  '021.4000': ['0.235', '0.901', '0.080', '-0.60411', '0.79690', '-0.00073', '-0.79690',
    '-0.60411', '-0.00025', '-0.00064', '0.00043', '1.00000']
  '021.4666': ['0.223', '0.888', '0.080', '-0.58068', '0.81413', '-0.00070', '-0.81413',
    '-0.58068', '-0.00028', '-0.00064', '0.00040', '1.00000']
  '021.5333': ['0.216', '0.880', '0.080', '-0.54317', '0.83962', '-0.00051', '-0.83962',
    '-0.54317', '0.00011', '-0.00018', '0.00049', '1.00000']
  '021.6000': ['0.211', '0.871', '0.080', '-0.51833', '0.85518', '-0.00050', '-0.85518',
    '-0.51833', '0.00010', '-0.00017', '0.00048', '1.00000']
  '021.6666': ['0.205', '0.861', '0.080', '-0.49439', '0.86924', '-0.00050', '-0.86924',
    '-0.49439', '0.00008', '-0.00018', '0.00047', '1.00000']
  '021.7333': ['0.198', '0.851', '0.080', '-0.47333', '0.88089', '-0.00049', '-0.88089',
    '-0.47333', '0.00006', '-0.00018', '0.00046', '1.00000']
  '021.8000': ['0.190', '0.837', '0.080', '-0.44207', '0.89698', '-0.00050', '-0.89698',
    '-0.44207', '0.00006', '-0.00017', '0.00047', '1.00000']
  '021.8666': ['0.189', '0.832', '0.080', '-0.41393', '0.91031', '-0.00037', '-0.91031',
    '-0.41393', '0.00040', '0.00021', '0.00050', '1.00000']
  '021.9333': ['0.184', '0.821', '0.080', '-0.40169', '0.91578', '-0.00038', '-0.91578',
    '-0.40169', '0.00039', '0.00021', '0.00050', '1.00000']
  '022.0000': ['0.177', '0.805', '0.080', '-0.38763', '0.92181', '-0.00045', '-0.92181',
    '-0.38763', '0.00040', '0.00019', '0.00057', '1.00000']
  '022.0666': ['0.172', '0.795', '0.080', '-0.37614', '0.92656', '-0.00044', '-0.92656',
    '-0.37614', '0.00039', '0.00019', '0.00056', '1.00000']
  '022.1333': ['0.167', '0.781', '0.080', '-0.36479', '0.93109', '-0.00049', '-0.93109',
    '-0.36479', '0.00033', '0.00013', '0.00058', '1.00000']
