begin_time_stamp: 1589799255.9999888
data_header:
  time_stamp: [x, y, z, R11, R12, R13, R21, R22, R23, R31, R32, R33]
trajectory_data:
  '000.0000': ['1.350', '0.123', '0.080', '0.86199', '-0.50692', '-0.00022', '0.50692',
    '0.86199', '-0.00009', '0.00024', '-0.00003', '1.00000']
  '000.0667': ['1.357', '0.127', '0.080', '0.82510', '-0.56499', '-0.00022', '0.56499',
    '0.82510', '-0.00009', '0.00023', '-0.00005', '1.00000']
  '000.1333': ['1.363', '0.131', '0.080', '0.78419', '-0.62053', '-0.00022', '0.62053',
    '0.78419', '-0.00009', '0.00023', '-0.00006', '1.00000']
  '000.2000': ['1.369', '0.135', '0.080', '0.74469', '-0.66742', '-0.00022', '0.66742',
    '0.74469', '-0.00009', '0.00023', '-0.00008', '1.00000']
  '000.2667': ['1.375', '0.140', '0.080', '0.70306', '-0.71113', '-0.00022', '0.71113',
    '0.70307', '-0.00009', '0.00022', '-0.00009', '1.00000']
  '000.3333': ['1.381', '0.145', '0.080', '0.65888', '-0.75225', '-0.00022', '0.75225',
    '0.65888', '-0.00009', '0.00021', '-0.00010', '1.00000']
  '000.4000': ['1.386', '0.151', '0.080', '0.60957', '-0.79273', '-0.00022', '0.79273',
    '0.60957', '-0.00009', '0.00021', '-0.00012', '1.00000']
  '000.4667': ['1.390', '0.156', '0.080', '0.55336', '-0.83294', '-0.00022', '0.83294',
    '0.55336', '-0.00009', '0.00020', '-0.00013', '1.00000']
  '000.5333': ['1.395', '0.162', '0.080', '0.48811', '-0.87278', '-0.00022', '0.87278',
    '0.48811', '-0.00009', '0.00019', '-0.00014', '1.00000']
  '000.6000': ['1.398', '0.168', '0.080', '0.41998', '-0.90753', '-0.00023', '0.90753',
    '0.41998', '-0.00007', '0.00016', '-0.00018', '1.00000']
  '000.6667': ['1.399', '0.174', '0.080', '0.35247', '-0.93582', '-0.00023', '0.93582',
    '0.35247', '-0.00005', '0.00013', '-0.00020', '1.00000']
  '000.7333': ['1.400', '0.178', '0.080', '0.28976', '-0.95710', '-0.00022', '0.95710',
    '0.28976', '-0.00002', '0.00008', '-0.00020', '1.00000']
  '000.8000': ['1.400', '0.184', '0.080', '0.23426', '-0.97217', '-0.00022', '0.97217',
    '0.23426', '-0.00000', '0.00005', '-0.00021', '1.00000']
  '000.8667': ['1.401', '0.191', '0.080', '0.17987', '-0.98369', '-0.00020', '0.98369',
    '0.17987', '0.00001', '0.00002', '-0.00020', '1.00000']
  '000.9333': ['1.402', '0.199', '0.080', '0.12625', '-0.99200', '-0.00022', '0.99200',
    '0.12625', '-0.00001', '0.00004', '-0.00022', '1.00000']
  '001.0000': ['1.402', '0.206', '0.080', '0.07368', '-0.99728', '-0.00020', '0.99728',
    '0.07368', '-0.00001', '0.00003', '-0.00020', '1.00000']
  '001.0667': ['1.402', '0.215', '0.080', '0.02561', '-0.99967', '-0.00024', '0.99967',
    '0.02561', '-0.00001', '0.00001', '-0.00024', '1.00000']
  '001.1333': ['1.402', '0.223', '0.080', '0.00365', '-0.99999', '-0.00026', '0.99999',
    '0.00365', '-0.00001', '0.00001', '-0.00026', '1.00000']
  '001.2000': ['1.401', '0.231', '0.080', '-0.00517', '-0.99999', '-0.00025', '0.99999',
    '-0.00517', '-0.00002', '0.00002', '-0.00025', '1.00000']
  '001.2667': ['1.401', '0.239', '0.080', '-0.00944', '-0.99996', '-0.00026', '0.99996',
    '-0.00944', '-0.00001', '0.00001', '-0.00026', '1.00000']
  '001.3333': ['1.402', '0.247', '0.080', '-0.01406', '-0.99990', '-0.00027', '0.99990',
    '-0.01406', '-0.00002', '0.00001', '-0.00027', '1.00000']
  '001.4000': ['1.402', '0.255', '0.080', '-0.01078', '-0.99994', '-0.00028', '0.99994',
    '-0.01078', '-0.00002', '0.00002', '-0.00028', '1.00000']
  '001.4667': ['1.402', '0.263', '0.080', '-0.00354', '-0.99999', '-0.00028', '0.99999',
    '-0.00354', '-0.00002', '0.00002', '-0.00028', '1.00000']
  '001.5333': ['1.402', '0.270', '0.080', '0.00438', '-0.99999', '-0.00029', '0.99999',
    '0.00438', '-0.00002', '0.00002', '-0.00029', '1.00000']
  '001.6000': ['1.402', '0.277', '0.080', '0.01306', '-0.99991', '-0.00029', '0.99991',
    '0.01306', '-0.00003', '0.00003', '-0.00029', '1.00000']
  '001.6667': ['1.403', '0.285', '0.080', '0.02159', '-0.99977', '-0.00030', '0.99977',
    '0.02159', '-0.00004', '0.00005', '-0.00030', '1.00000']
  '001.7333': ['1.403', '0.291', '0.080', '0.03039', '-0.99954', '-0.00031', '0.99954',
    '0.03039', '-0.00004', '0.00005', '-0.00031', '1.00000']
  '001.8000': ['1.402', '0.298', '0.080', '0.04636', '-0.99892', '-0.00031', '0.99892',
    '0.04636', '-0.00003', '0.00004', '-0.00031', '1.00000']
  '001.8667': ['1.403', '0.305', '0.080', '0.06465', '-0.99791', '-0.00031', '0.99791',
    '0.06465', '-0.00003', '0.00005', '-0.00031', '1.00000']
  '001.9333': ['1.404', '0.312', '0.080', '0.08320', '-0.99653', '-0.00030', '0.99653',
    '0.08320', '-0.00004', '0.00007', '-0.00030', '1.00000']
  '002.0000': ['1.404', '0.319', '0.080', '0.09743', '-0.99524', '-0.00026', '0.99524',
    '0.09743', '-0.00005', '0.00008', '-0.00025', '1.00000']
  '002.0667': ['1.405', '0.326', '0.080', '0.10410', '-0.99457', '-0.00027', '0.99457',
    '0.10410', '-0.00004', '0.00007', '-0.00026', '1.00000']
  '002.1333': ['1.406', '0.334', '0.080', '0.11038', '-0.99389', '-0.00030', '0.99389',
    '0.11038', '-0.00005', '0.00008', '-0.00030', '1.00000']
  '002.2000': ['1.408', '0.342', '0.080', '0.11640', '-0.99320', '-0.00029', '0.99320',
    '0.11640', '-0.00005', '0.00008', '-0.00028', '1.00000']
  '002.2667': ['1.409', '0.350', '0.080', '0.12225', '-0.99250', '-0.00029', '0.99250',
    '0.12225', '-0.00005', '0.00008', '-0.00028', '1.00000']
  '002.3333': ['1.411', '0.358', '0.080', '0.12775', '-0.99181', '-0.00030', '0.99181',
    '0.12775', '-0.00005', '0.00009', '-0.00030', '1.00000']
  '002.4000': ['1.412', '0.366', '0.080', '0.13310', '-0.99110', '-0.00032', '0.99110',
    '0.13310', '-0.00005', '0.00009', '-0.00031', '1.00000']
  '002.4667': ['1.413', '0.374', '0.080', '0.13835', '-0.99038', '-0.00030', '0.99038',
    '0.13835', '-0.00005', '0.00010', '-0.00029', '1.00000']
  '002.5333': ['1.415', '0.381', '0.080', '0.14362', '-0.98963', '-0.00028', '0.98963',
    '0.14362', '-0.00005', '0.00009', '-0.00027', '1.00000']
  '002.6000': ['1.415', '0.389', '0.080', '0.14892', '-0.98885', '-0.00027', '0.98885',
    '0.14892', '-0.00004', '0.00008', '-0.00026', '1.00000']
  '002.6667': ['1.416', '0.396', '0.080', '0.15409', '-0.98806', '-0.00027', '0.98806',
    '0.15409', '-0.00001', '0.00005', '-0.00027', '1.00000']
  '002.7333': ['1.418', '0.405', '0.080', '0.15877', '-0.98731', '-0.00028', '0.98731',
    '0.15877', '0.00000', '0.00004', '-0.00028', '1.00000']
  '002.8000': ['1.421', '0.414', '0.080', '0.16283', '-0.98665', '-0.00029', '0.98665',
    '0.16283', '0.00002', '0.00003', '-0.00029', '1.00000']
  '002.8667': ['1.423', '0.423', '0.080', '0.17085', '-0.98530', '-0.00028', '0.98530',
    '0.17085', '0.00002', '0.00003', '-0.00028', '1.00000']
  '002.9333': ['1.425', '0.432', '0.080', '0.17926', '-0.98380', '-0.00029', '0.98380',
    '0.17926', '0.00002', '0.00003', '-0.00029', '1.00000']
  '003.0000': ['1.427', '0.441', '0.080', '0.18746', '-0.98227', '-0.00031', '0.98227',
    '0.18746', '-0.00000', '0.00006', '-0.00030', '1.00000']
  '003.0667': ['1.429', '0.451', '0.080', '0.19570', '-0.98066', '-0.00031', '0.98066',
    '0.19570', '0.00000', '0.00006', '-0.00030', '1.00000']
  '003.1333': ['1.431', '0.460', '0.080', '0.20424', '-0.97892', '-0.00030', '0.97892',
    '0.20424', '0.00002', '0.00005', '-0.00030', '1.00000']
  '003.2000': ['1.433', '0.470', '0.080', '0.20524', '-0.97871', '-0.00031', '0.97871',
    '0.20524', '0.00000', '0.00006', '-0.00030', '1.00000']
  '003.2667': ['1.435', '0.480', '0.080', '0.20515', '-0.97873', '-0.00028', '0.97873',
    '0.20515', '0.00001', '0.00004', '-0.00028', '1.00000']
  '003.3333': ['1.437', '0.489', '0.080', '0.20509', '-0.97874', '-0.00028', '0.97874',
    '0.20509', '0.00002', '0.00004', '-0.00028', '1.00000']
  '003.4000': ['1.440', '0.499', '0.080', '0.20501', '-0.97876', '-0.00031', '0.97876',
    '0.20501', '0.00000', '0.00006', '-0.00031', '1.00000']
  '003.4667': ['1.441', '0.508', '0.080', '0.20750', '-0.97823', '-0.00033', '0.97823',
    '0.20750', '0.00003', '0.00004', '-0.00033', '1.00000']
  '003.5333': ['1.443', '0.517', '0.080', '0.21296', '-0.97706', '-0.00034', '0.97706',
    '0.21296', '0.00005', '0.00002', '-0.00035', '1.00000']
  '003.6000': ['1.445', '0.527', '0.080', '0.21840', '-0.97586', '-0.00036', '0.97586',
    '0.21840', '0.00005', '0.00003', '-0.00036', '1.00000']
  '003.6667': ['1.447', '0.536', '0.080', '0.22357', '-0.97469', '-0.00032', '0.97469',
    '0.22357', '0.00010', '-0.00002', '-0.00034', '1.00000']
  '003.7333': ['1.449', '0.546', '0.080', '0.22049', '-0.97539', '-0.00034', '0.97539',
    '0.22049', '0.00007', '0.00000', '-0.00035', '1.00000']
  '003.8000': ['1.452', '0.556', '0.080', '0.21703', '-0.97616', '-0.00034', '0.97616',
    '0.21703', '0.00010', '-0.00002', '-0.00035', '1.00000']
  '003.8667': ['1.454', '0.566', '0.080', '0.21873', '-0.97578', '-0.00031', '0.97578',
    '0.21873', '0.00013', '-0.00006', '-0.00033', '1.00000']
  '003.9333': ['1.457', '0.575', '0.080', '0.22260', '-0.97491', '-0.00031', '0.97491',
    '0.22260', '0.00014', '-0.00007', '-0.00033', '1.00000']
  '004.0000': ['1.460', '0.585', '0.080', '0.22546', '-0.97425', '-0.00030', '0.97425',
    '0.22546', '0.00016', '-0.00009', '-0.00032', '1.00000']
  '004.0667': ['1.463', '0.594', '0.080', '0.24121', '-0.97047', '-0.00032', '0.97047',
    '0.24121', '0.00012', '-0.00004', '-0.00034', '1.00000']
  '004.1333': ['1.466', '0.603', '0.080', '0.26810', '-0.96339', '-0.00030', '0.96339',
    '0.26810', '0.00012', '-0.00003', '-0.00032', '1.00000']
  '004.2000': ['1.469', '0.612', '0.080', '0.29019', '-0.95697', '-0.00030', '0.95697',
    '0.29019', '0.00015', '-0.00006', '-0.00033', '1.00000']
  '004.2667': ['1.472', '0.621', '0.080', '0.31069', '-0.95051', '-0.00028', '0.95051',
    '0.31069', '0.00017', '-0.00007', '-0.00032', '1.00000']
  '004.3333': ['1.475', '0.630', '0.080', '0.33036', '-0.94386', '-0.00027', '0.94386',
    '0.33036', '0.00016', '-0.00007', '-0.00031', '1.00000']
  '004.4000': ['1.479', '0.639', '0.080', '0.34996', '-0.93676', '-0.00028', '0.93676',
    '0.34996', '0.00016', '-0.00005', '-0.00031', '1.00000']
  '004.4667': ['1.482', '0.648', '0.080', '0.36927', '-0.92932', '-0.00028', '0.92932',
    '0.36927', '0.00018', '-0.00007', '-0.00032', '1.00000']
  '004.5333': ['1.486', '0.658', '0.080', '0.38824', '-0.92156', '-0.00030', '0.92156',
    '0.38824', '0.00018', '-0.00004', '-0.00035', '1.00000']
  '004.6000': ['1.490', '0.667', '0.080', '0.41451', '-0.91004', '-0.00030', '0.91004',
    '0.41451', '0.00015', '-0.00001', '-0.00034', '1.00000']
  '004.6667': ['1.494', '0.676', '0.080', '0.44095', '-0.89753', '-0.00029', '0.89753',
    '0.44095', '0.00016', '-0.00001', '-0.00033', '1.00000']
  '004.7333': ['1.498', '0.685', '0.080', '0.46720', '-0.88415', '-0.00027', '0.88415',
    '0.46720', '0.00018', '-0.00003', '-0.00032', '1.00000']
  '004.8000': ['1.502', '0.695', '0.080', '0.49355', '-0.86972', '-0.00027', '0.86972',
    '0.49355', '0.00016', '-0.00001', '-0.00032', '1.00000']
  '004.8667': ['1.507', '0.705', '0.080', '0.52014', '-0.85408', '-0.00026', '0.85408',
    '0.52014', '0.00017', '-0.00001', '-0.00031', '1.00000']
  '004.9333': ['1.512', '0.714', '0.080', '0.54719', '-0.83701', '-0.00027', '0.83701',
    '0.54719', '0.00017', '0.00000', '-0.00032', '1.00000']
  '005.0000': ['1.516', '0.724', '0.080', '0.57477', '-0.81831', '-0.00027', '0.81831',
    '0.57477', '0.00022', '-0.00003', '-0.00034', '1.00000']
  '005.0667': ['1.521', '0.734', '0.080', '0.60554', '-0.79582', '-0.00026', '0.79582',
    '0.60554', '0.00021', '-0.00001', '-0.00033', '1.00000']
  '005.1333': ['1.527', '0.743', '0.080', '0.62429', '-0.78120', '-0.00024', '0.78120',
    '0.62429', '0.00023', '-0.00002', '-0.00033', '1.00000']
  '005.2000': ['1.534', '0.752', '0.080', '0.63946', '-0.76883', '-0.00023', '0.76883',
    '0.63946', '0.00020', '-0.00000', '-0.00031', '1.00000']
  '005.2667': ['1.540', '0.760', '0.080', '0.64180', '-0.76688', '-0.00022', '0.76688',
    '0.64180', '0.00018', '0.00001', '-0.00028', '1.00000']
  '005.3333': ['1.546', '0.768', '0.080', '0.64484', '-0.76432', '-0.00019', '0.76432',
    '0.64484', '0.00021', '-0.00004', '-0.00028', '1.00000']
  '005.4000': ['1.553', '0.776', '0.080', '0.64859', '-0.76114', '-0.00018', '0.76114',
    '0.64859', '0.00022', '-0.00005', '-0.00028', '1.00000']
  '005.4667': ['1.559', '0.784', '0.080', '0.65297', '-0.75739', '-0.00020', '0.75739',
    '0.65297', '0.00019', '-0.00002', '-0.00028', '1.00000']
  '005.5333': ['1.565', '0.791', '0.080', '0.65775', '-0.75323', '-0.00020', '0.75323',
    '0.65775', '0.00022', '-0.00003', '-0.00029', '1.00000']
  '005.6000': ['1.571', '0.799', '0.080', '0.66322', '-0.74842', '-0.00017', '0.74842',
    '0.66322', '0.00023', '-0.00006', '-0.00028', '1.00000']
  '005.6667': ['1.576', '0.806', '0.080', '0.66093', '-0.75045', '-0.00013', '0.75045',
    '0.66093', '0.00024', '-0.00009', '-0.00026', '1.00000']
  '005.7333': ['1.582', '0.814', '0.080', '0.65785', '-0.75315', '-0.00013', '0.75315',
    '0.65785', '0.00022', '-0.00008', '-0.00024', '1.00000']
  '005.8000': ['1.588', '0.822', '0.080', '0.64420', '-0.76486', '-0.00012', '0.76486',
    '0.64420', '0.00021', '-0.00009', '-0.00023', '1.00000']
  '005.8667': ['1.593', '0.830', '0.080', '0.62341', '-0.78190', '-0.00007', '0.78190',
    '0.62341', '0.00023', '-0.00013', '-0.00020', '1.00000']
  '005.9333': ['1.598', '0.838', '0.080', '0.60150', '-0.79887', '-0.00006', '0.79887',
    '0.60150', '0.00023', '-0.00015', '-0.00019', '1.00000']
  '006.0000': ['1.604', '0.846', '0.080', '0.57349', '-0.81921', '-0.00006', '0.81921',
    '0.57349', '0.00023', '-0.00015', '-0.00018', '1.00000']
  '006.0667': ['1.609', '0.854', '0.080', '0.54496', '-0.83847', '-0.00006', '0.83847',
    '0.54496', '0.00022', '-0.00015', '-0.00017', '1.00000']
  '006.1333': ['1.613', '0.862', '0.080', '0.51499', '-0.85720', '-0.00005', '0.85720',
    '0.51499', '0.00022', '-0.00016', '-0.00016', '1.00000']
  '006.2000': ['1.618', '0.870', '0.080', '0.47969', '-0.87744', '-0.00005', '0.87744',
    '0.47969', '0.00024', '-0.00019', '-0.00016', '1.00000']
  '006.2667': ['1.623', '0.879', '0.080', '0.43504', '-0.90041', '-0.00005', '0.90041',
    '0.43504', '0.00026', '-0.00021', '-0.00016', '1.00000']
  '006.3333': ['1.627', '0.887', '0.080', '0.38545', '-0.92273', '-0.00006', '0.92273',
    '0.38545', '0.00027', '-0.00023', '-0.00016', '1.00000']
  '006.4000': ['1.630', '0.895', '0.080', '0.32581', '-0.94543', '-0.00009', '0.94543',
    '0.32581', '0.00027', '-0.00023', '-0.00018', '1.00000']
  '006.4667': ['1.633', '0.901', '0.080', '0.26295', '-0.96481', '-0.00013', '0.96481',
    '0.26295', '0.00027', '-0.00023', '-0.00019', '1.00000']
  '006.5333': ['1.634', '0.906', '0.080', '0.19705', '-0.98039', '-0.00015', '0.98039',
    '0.19705', '0.00031', '-0.00027', '-0.00021', '1.00000']
  '006.6000': ['1.635', '0.912', '0.080', '0.12936', '-0.99160', '-0.00013', '0.99160',
    '0.12936', '0.00031', '-0.00029', '-0.00017', '1.00000']
  '006.6667': ['1.635', '0.917', '0.080', '0.06044', '-0.99817', '-0.00013', '0.99817',
    '0.06044', '0.00033', '-0.00032', '-0.00015', '1.00000']
  '006.7333': ['1.635', '0.921', '0.080', '-0.00907', '-0.99996', '-0.00013', '0.99996',
    '-0.00907', '0.00035', '-0.00036', '-0.00013', '1.00000']
  '006.8000': ['1.633', '0.927', '0.080', '-0.06985', '-0.99756', '-0.00013', '0.99756',
    '-0.06985', '0.00034', '-0.00035', '-0.00010', '1.00000']
  '006.8667': ['1.632', '0.932', '0.080', '-0.12710', '-0.99189', '-0.00015', '0.99189',
    '-0.12710', '0.00035', '-0.00036', '-0.00010', '1.00000']
  '006.9333': ['1.631', '0.938', '0.080', '-0.18635', '-0.98248', '-0.00016', '0.98248',
    '-0.18635', '0.00035', '-0.00038', '-0.00009', '1.00000']
  '007.0000': ['1.630', '0.944', '0.080', '-0.25255', '-0.96759', '-0.00017', '0.96759',
    '-0.25255', '0.00036', '-0.00039', '-0.00007', '1.00000']
  '007.0667': ['1.628', '0.949', '0.080', '-0.31857', '-0.94790', '-0.00017', '0.94790',
    '-0.31857', '0.00038', '-0.00041', '-0.00004', '1.00000']
  '007.1333': ['1.627', '0.953', '0.080', '-0.38412', '-0.92328', '-0.00017', '0.92328',
    '-0.38412', '0.00041', '-0.00044', '-0.00001', '1.00000']
  '007.2000': ['1.625', '0.955', '0.080', '-0.44878', '-0.89364', '-0.00018', '0.89364',
    '-0.44878', '0.00043', '-0.00047', '0.00003', '1.00000']
  '007.2667': ['1.623', '0.958', '0.080', '-0.51120', '-0.85946', '-0.00022', '0.85946',
    '-0.51120', '0.00044', '-0.00049', '0.00004', '1.00000']
  '007.3333': ['1.621', '0.962', '0.080', '-0.56969', '-0.82186', '-0.00025', '0.82186',
    '-0.56969', '0.00045', '-0.00051', '0.00004', '1.00000']
  '007.4000': ['1.618', '0.965', '0.080', '-0.62641', '-0.77949', '-0.00026', '0.77949',
    '-0.62641', '0.00045', '-0.00051', '0.00008', '1.00000']
  '007.4667': ['1.615', '0.968', '0.080', '-0.68235', '-0.73103', '-0.00029', '0.73103',
    '-0.68235', '0.00043', '-0.00052', '0.00008', '1.00000']
  '007.5333': ['1.612', '0.971', '0.080', '-0.73774', '-0.67509', '-0.00033', '0.67509',
    '-0.73774', '0.00041', '-0.00052', '0.00008', '1.00000']
  '007.6000': ['1.609', '0.974', '0.080', '-0.78925', '-0.61407', '-0.00037', '0.61407',
    '-0.78925', '0.00037', '-0.00052', '0.00006', '1.00000']
  '007.6667': ['1.605', '0.977', '0.080', '-0.83630', '-0.54828', '-0.00039', '0.54828',
    '-0.83630', '0.00034', '-0.00052', '0.00007', '1.00000']
  '007.7333': ['1.600', '0.980', '0.080', '-0.87824', '-0.47822', '-0.00039', '0.47822',
    '-0.87824', '0.00033', '-0.00051', '0.00011', '1.00000']
  '007.8000': ['1.596', '0.982', '0.080', '-0.90852', '-0.41784', '-0.00039', '0.41784',
    '-0.90852', '0.00032', '-0.00049', '0.00013', '1.00000']
  '007.8667': ['1.590', '0.983', '0.080', '-0.91739', '-0.39800', '-0.00039', '0.39800',
    '-0.91739', '0.00030', '-0.00048', '0.00012', '1.00000']
  '007.9333': ['1.584', '0.985', '0.080', '-0.91698', '-0.39893', '-0.00040', '0.39893',
    '-0.91698', '0.00032', '-0.00050', '0.00013', '1.00000']
  '008.0000': ['1.577', '0.987', '0.080', '-0.91541', '-0.40253', '-0.00040', '0.40253',
    '-0.91541', '0.00031', '-0.00049', '0.00013', '1.00000']
  '008.0667': ['1.570', '0.989', '0.080', '-0.91290', '-0.40818', '-0.00041', '0.40818',
    '-0.91290', '0.00033', '-0.00051', '0.00014', '1.00000']
  '008.1333': ['1.562', '0.992', '0.080', '-0.90919', '-0.41637', '-0.00039', '0.41637',
    '-0.90919', '0.00032', '-0.00049', '0.00012', '1.00000']
  '008.2000': ['1.554', '0.995', '0.080', '-0.90454', '-0.42640', '-0.00038', '0.42640',
    '-0.90454', '0.00030', '-0.00047', '0.00011', '1.00000']
  '008.2667': ['1.545', '0.998', '0.080', '-0.90011', '-0.43567', '-0.00040', '0.43567',
    '-0.90011', '0.00030', '-0.00049', '0.00009', '1.00000']
  '008.3333': ['1.538', '1.002', '0.080', '-0.91062', '-0.41324', '-0.00041', '0.41324',
    '-0.91062', '0.00030', '-0.00049', '0.00010', '1.00000']
  '008.4000': ['1.530', '1.004', '0.080', '-0.92000', '-0.39191', '-0.00042', '0.39191',
    '-0.92000', '0.00031', '-0.00051', '0.00012', '1.00000']
  '008.4667': ['1.522', '1.007', '0.080', '-0.92856', '-0.37117', '-0.00042', '0.37117',
    '-0.92856', '0.00032', '-0.00051', '0.00014', '1.00000']
  '008.5333': ['1.514', '1.011', '0.080', '-0.93535', '-0.35373', '-0.00042', '0.35373',
    '-0.93535', '0.00031', '-0.00050', '0.00014', '1.00000']
  '008.6000': ['1.506', '1.014', '0.080', '-0.93783', '-0.34709', '-0.00042', '0.34709',
    '-0.93783', '0.00030', '-0.00050', '0.00014', '1.00000']
  '008.6667': ['1.499', '1.016', '0.080', '-0.94007', '-0.34098', '-0.00043', '0.34098',
    '-0.94007', '0.00033', '-0.00052', '0.00016', '1.00000']
  '008.7333': ['1.491', '1.018', '0.080', '-0.94211', '-0.33532', '-0.00043', '0.33532',
    '-0.94211', '0.00035', '-0.00052', '0.00019', '1.00000']
  '008.8000': ['1.483', '1.021', '0.080', '-0.94408', '-0.32972', '-0.00042', '0.32972',
    '-0.94408', '0.00035', '-0.00052', '0.00019', '1.00000']
  '008.8667': ['1.476', '1.023', '0.080', '-0.94572', '-0.32500', '-0.00043', '0.32500',
    '-0.94572', '0.00037', '-0.00053', '0.00021', '1.00000']
  '008.9333': ['1.469', '1.025', '0.080', '-0.94615', '-0.32372', '-0.00045', '0.32372',
    '-0.94615', '0.00038', '-0.00055', '0.00022', '1.00000']
  '009.0000': ['1.461', '1.027', '0.080', '-0.94640', '-0.32299', '-0.00045', '0.32299',
    '-0.94640', '0.00039', '-0.00055', '0.00022', '1.00000']
  '009.0667': ['1.454', '1.028', '0.080', '-0.94571', '-0.32501', '-0.00045', '0.32501',
    '-0.94571', '0.00042', '-0.00056', '0.00025', '1.00000']
  '009.1333': ['1.446', '1.030', '0.080', '-0.94577', '-0.32482', '-0.00045', '0.32482',
    '-0.94577', '0.00043', '-0.00057', '0.00025', '1.00000']
  '009.2000': ['1.438', '1.031', '0.080', '-0.94604', '-0.32404', '-0.00047', '0.32404',
    '-0.94604', '0.00043', '-0.00058', '0.00025', '1.00000']
  '009.2667': ['1.430', '1.033', '0.080', '-0.94543', '-0.32583', '-0.00048', '0.32583',
    '-0.94543', '0.00045', '-0.00060', '0.00026', '1.00000']
  '009.3333': ['1.422', '1.035', '0.080', '-0.94453', '-0.32842', '-0.00048', '0.32842',
    '-0.94453', '0.00043', '-0.00059', '0.00025', '1.00000']
  '009.4000': ['1.413', '1.037', '0.080', '-0.94772', '-0.31911', '-0.00047', '0.31911',
    '-0.94772', '0.00042', '-0.00058', '0.00024', '1.00000']
  '009.4667': ['1.406', '1.037', '0.080', '-0.95136', '-0.30807', '-0.00041', '0.30807',
    '-0.95136', '0.00037', '-0.00050', '0.00022', '1.00000']
  '009.5333': ['1.402', '1.032', '0.080', '-0.95096', '-0.30932', '-0.00004', '0.30932',
    '-0.95096', '0.00023', '-0.00011', '0.00020', '1.00000']
  '009.6000': ['1.394', '1.033', '0.080', '-0.95133', '-0.30818', '0.00000', '0.30818',
    '-0.95133', '0.00018', '-0.00005', '0.00017', '1.00000']
  '009.6667': ['1.386', '1.035', '0.080', '-0.95182', '-0.30667', '0.00001', '0.30667',
    '-0.95182', '0.00016', '-0.00004', '0.00016', '1.00000']
  '009.7333': ['1.378', '1.037', '0.080', '-0.95225', '-0.30533', '0.00001', '0.30533',
    '-0.95225', '0.00019', '-0.00005', '0.00018', '1.00000']
  '009.8000': ['1.369', '1.041', '0.080', '-0.95401', '-0.29977', '0.00001', '0.29977',
    '-0.95401', '0.00019', '-0.00005', '0.00018', '1.00000']
  '009.8667': ['1.360', '1.044', '0.080', '-0.95709', '-0.28979', '0.00001', '0.28979',
    '-0.95709', '0.00019', '-0.00005', '0.00019', '1.00000']
  '009.9333': ['1.352', '1.046', '0.080', '-0.96012', '-0.27960', '-0.00000', '0.27960',
    '-0.96012', '0.00021', '-0.00006', '0.00020', '1.00000']
  '010.0000': ['1.343', '1.049', '0.080', '-0.96143', '-0.27504', '-0.00001', '0.27504',
    '-0.96143', '0.00020', '-0.00007', '0.00019', '1.00000']
  '010.0667': ['1.336', '1.051', '0.080', '-0.96139', '-0.27518', '-0.00002', '0.27518',
    '-0.96139', '0.00022', '-0.00008', '0.00020', '1.00000']
  '010.1333': ['1.326', '1.054', '0.080', '-0.96137', '-0.27526', '-0.00002', '0.27526',
    '-0.96137', '0.00023', '-0.00009', '0.00021', '1.00000']
  '010.2000': ['1.316', '1.058', '0.080', '-0.96079', '-0.27728', '-0.00003', '0.27728',
    '-0.96079', '0.00021', '-0.00008', '0.00019', '1.00000']
  '010.2667': ['1.307', '1.061', '0.080', '-0.96037', '-0.27873', '-0.00005', '0.27873',
    '-0.96037', '0.00021', '-0.00010', '0.00018', '1.00000']
  '010.3333': ['1.298', '1.064', '0.080', '-0.96012', '-0.27957', '-0.00006', '0.27957',
    '-0.96012', '0.00021', '-0.00011', '0.00018', '1.00000']
  '010.4000': ['1.289', '1.066', '0.080', '-0.95992', '-0.28027', '-0.00004', '0.28027',
    '-0.95992', '0.00022', '-0.00010', '0.00020', '1.00000']
  '010.4667': ['1.281', '1.067', '0.080', '-0.95949', '-0.28175', '0.00001', '0.28175',
    '-0.95949', '0.00022', '-0.00005', '0.00021', '1.00000']
  '010.5333': ['1.277', '1.061', '0.080', '-0.95992', '-0.28028', '0.00036', '0.28028',
    '-0.95992', '0.00015', '0.00030', '0.00024', '1.00000']
  '010.6000': ['1.269', '1.061', '0.080', '-0.96323', '-0.26868', '0.00040', '0.26868',
    '-0.96323', '0.00013', '0.00035', '0.00024', '1.00000']
  '010.6667': ['1.260', '1.062', '0.080', '-0.96627', '-0.25753', '0.00041', '0.25753',
    '-0.96627', '0.00013', '0.00036', '0.00023', '1.00000']
  '010.7333': ['1.249', '1.064', '0.080', '-0.96914', '-0.24653', '0.00041', '0.24653',
    '-0.96914', '0.00013', '0.00036', '0.00022', '1.00000']
  '010.8000': ['1.239', '1.067', '0.080', '-0.97100', '-0.23908', '0.00040', '0.23908',
    '-0.97100', '0.00013', '0.00036', '0.00022', '1.00000']
  '010.8667': ['1.228', '1.069', '0.080', '-0.97170', '-0.23622', '0.00039', '0.23622',
    '-0.97170', '0.00013', '0.00034', '0.00021', '1.00000']
  '010.9333': ['1.217', '1.071', '0.080', '-0.97237', '-0.23343', '0.00037', '0.23343',
    '-0.97237', '0.00010', '0.00034', '0.00019', '1.00000']
  '011.0000': ['1.206', '1.073', '0.080', '-0.97344', '-0.22896', '0.00036', '0.22896',
    '-0.97344', '0.00009', '0.00033', '0.00017', '1.00000']
  '011.0667': ['1.196', '1.076', '0.080', '-0.97602', '-0.21767', '0.00038', '0.21767',
    '-0.97602', '0.00011', '0.00034', '0.00019', '1.00000']
  '011.1333': ['1.186', '1.078', '0.080', '-0.97842', '-0.20665', '0.00038', '0.20665',
    '-0.97842', '0.00014', '0.00034', '0.00022', '1.00000']
  '011.2000': ['1.177', '1.080', '0.080', '-0.98063', '-0.19585', '0.00037', '0.19585',
    '-0.98063', '0.00015', '0.00033', '0.00022', '1.00000']
  '011.2667': ['1.168', '1.082', '0.080', '-0.98271', '-0.18513', '0.00038', '0.18513',
    '-0.98271', '0.00017', '0.00034', '0.00024', '1.00000']
  '011.3333': ['1.158', '1.084', '0.080', '-0.98468', '-0.17438', '0.00037', '0.17438',
    '-0.98468', '0.00016', '0.00033', '0.00022', '1.00000']
  '011.4000': ['1.149', '1.085', '0.080', '-0.98652', '-0.16362', '0.00035', '0.16362',
    '-0.98652', '0.00018', '0.00032', '0.00023', '1.00000']
  '011.4667': ['1.140', '1.087', '0.080', '-0.98722', '-0.15935', '0.00033', '0.15935',
    '-0.98722', '0.00020', '0.00030', '0.00025', '1.00000']
  '011.5333': ['1.130', '1.088', '0.080', '-0.98826', '-0.15277', '0.00032', '0.15277',
    '-0.98826', '0.00022', '0.00029', '0.00027', '1.00000']
  '011.6000': ['1.120', '1.090', '0.080', '-0.99027', '-0.13919', '0.00032', '0.13919',
    '-0.99027', '0.00022', '0.00028', '0.00026', '1.00000']
  '011.6667': ['1.110', '1.092', '0.080', '-0.99212', '-0.12533', '0.00030', '0.12533',
    '-0.99212', '0.00024', '0.00027', '0.00028', '1.00000']
  '011.7333': ['1.100', '1.093', '0.080', '-0.99381', '-0.11107', '0.00027', '0.11107',
    '-0.99381', '0.00027', '0.00024', '0.00030', '1.00000']
  '011.8000': ['1.090', '1.094', '0.080', '-0.99521', '-0.09777', '0.00025', '0.09777',
    '-0.99521', '0.00028', '0.00022', '0.00030', '1.00000']
  '011.8667': ['1.080', '1.095', '0.080', '-0.99635', '-0.08537', '0.00023', '0.08537',
    '-0.99635', '0.00027', '0.00021', '0.00028', '1.00000']
  '011.9333': ['1.070', '1.096', '0.080', '-0.99732', '-0.07310', '0.00021', '0.07310',
    '-0.99732', '0.00028', '0.00019', '0.00029', '1.00000']
  '012.0000': ['1.060', '1.096', '0.080', '-0.99813', '-0.06106', '0.00019', '0.06106',
    '-0.99813', '0.00026', '0.00017', '0.00028', '1.00000']
  '012.0667': ['1.050', '1.096', '0.080', '-0.99877', '-0.04952', '0.00018', '0.04952',
    '-0.99877', '0.00028', '0.00016', '0.00029', '1.00000']
  '012.1333': ['1.039', '1.096', '0.080', '-0.99939', '-0.03495', '0.00015', '0.03495',
    '-0.99939', '0.00029', '0.00014', '0.00030', '1.00000']
  '012.2000': ['1.027', '1.097', '0.080', '-0.99990', '-0.01410', '0.00016', '0.01410',
    '-0.99990', '0.00024', '0.00015', '0.00024', '1.00000']
  '012.2667': ['1.017', '1.096', '0.080', '-0.99999', '-0.00501', '0.00012', '0.00501',
    '-0.99999', '0.00023', '0.00012', '0.00023', '1.00000']
  '012.3333': ['1.006', '1.095', '0.080', '-0.99897', '-0.04545', '0.00009', '0.04545',
    '-0.99897', '0.00022', '0.00008', '0.00022', '1.00000']
  '012.4000': ['0.996', '1.095', '0.080', '-0.99942', '-0.03393', '0.00008', '0.03393',
    '-0.99942', '0.00021', '0.00007', '0.00021', '1.00000']
  '012.4667': ['0.985', '1.095', '0.080', '-0.99982', '-0.01920', '0.00003', '0.01920',
    '-0.99982', '0.00019', '0.00003', '0.00019', '1.00000']
  '012.5333': ['0.976', '1.096', '0.080', '-0.99999', '-0.00482', '0.00001', '0.00482',
    '-0.99999', '0.00021', '0.00001', '0.00021', '1.00000']
  '012.6000': ['0.967', '1.096', '0.080', '-0.99995', '0.00992', '-0.00003', '-0.00992',
    '-0.99995', '0.00015', '-0.00003', '0.00015', '1.00000']
  '012.6667': ['0.958', '1.095', '0.080', '-0.99969', '0.02482', '-0.00006', '-0.02482',
    '-0.99969', '0.00024', '-0.00006', '0.00024', '1.00000']
  '012.7333': ['0.949', '1.095', '0.080', '-0.99921', '0.03983', '-0.00015', '-0.03983',
    '-0.99921', '0.00022', '-0.00014', '0.00022', '1.00000']
  '012.8000': ['0.940', '1.095', '0.080', '-0.99898', '0.04511', '-0.00018', '-0.04511',
    '-0.99898', '0.00016', '-0.00017', '0.00017', '1.00000']
  '012.8667': ['0.930', '1.095', '0.080', '-0.99916', '0.04098', '-0.00017', '-0.04098',
    '-0.99916', '0.00012', '-0.00016', '0.00013', '1.00000']
  '012.9333': ['0.920', '1.095', '0.080', '-0.99889', '0.04710', '-0.00013', '-0.04710',
    '-0.99889', '0.00006', '-0.00013', '0.00007', '1.00000']
  '013.0000': ['0.909', '1.095', '0.080', '-0.99879', '0.04921', '-0.00008', '-0.04921',
    '-0.99879', '0.00007', '-0.00007', '0.00008', '1.00000']
  '013.0667': ['0.898', '1.096', '0.080', '-0.99884', '0.04813', '-0.00008', '-0.04813',
    '-0.99884', '0.00002', '-0.00007', '0.00002', '1.00000']
  '013.1333': ['0.888', '1.096', '0.080', '-0.99888', '0.04729', '-0.00015', '-0.04729',
    '-0.99888', '0.00000', '-0.00015', '0.00001', '1.00000']
  '013.2000': ['0.878', '1.095', '0.080', '-0.99891', '0.04659', '-0.00019', '-0.04659',
    '-0.99891', '0.00002', '-0.00019', '0.00003', '1.00000']
  '013.2667': ['0.866', '1.095', '0.080', '-0.99885', '0.04791', '-0.00008', '-0.04791',
    '-0.99885', '-0.00000', '-0.00008', '-0.00000', '1.00000']
  '013.3333': ['0.854', '1.095', '0.080', '-0.99877', '0.04959', '-0.00008', '-0.04959',
    '-0.99877', '0.00001', '-0.00008', '0.00001', '1.00000']
  '013.4000': ['0.843', '1.095', '0.080', '-0.99869', '0.05123', '-0.00005', '-0.05123',
    '-0.99869', '0.00008', '-0.00004', '0.00009', '1.00000']
  '013.4667': ['0.831', '1.094', '0.080', '-0.99859', '0.05310', '-0.00008', '-0.05310',
    '-0.99859', '0.00011', '-0.00007', '0.00011', '1.00000']
  '013.5333': ['0.820', '1.094', '0.080', '-0.99843', '0.05608', '-0.00013', '-0.05608',
    '-0.99843', '0.00006', '-0.00012', '0.00006', '1.00000']
  '013.6000': ['0.809', '1.094', '0.080', '-0.99816', '0.06070', '-0.00028', '-0.06070',
    '-0.99816', '0.00008', '-0.00027', '0.00009', '1.00000']
  '013.6667': ['0.797', '1.094', '0.080', '-0.99838', '0.05688', '-0.00020', '-0.05688',
    '-0.99838', '-0.00004', '-0.00020', '-0.00003', '1.00000']
  '013.7333': ['0.785', '1.093', '0.080', '-0.99871', '0.05071', '-0.00020', '-0.05071',
    '-0.99871', '-0.00006', '-0.00021', '-0.00005', '1.00000']
  '013.8000': ['0.773', '1.093', '0.080', '-0.99900', '0.04462', '-0.00022', '-0.04462',
    '-0.99900', '-0.00005', '-0.00022', '-0.00004', '1.00000']
  '013.8667': ['0.762', '1.092', '0.080', '-0.99926', '0.03842', '-0.00020', '-0.03842',
    '-0.99926', '-0.00001', '-0.00020', '0.00000', '1.00000']
  '013.9333': ['0.751', '1.091', '0.080', '-0.99896', '0.04553', '-0.00025', '-0.04553',
    '-0.99896', '0.00003', '-0.00025', '0.00004', '1.00000']
  '014.0000': ['0.739', '1.090', '0.080', '-0.99861', '0.05270', '-0.00022', '-0.05270',
    '-0.99861', '0.00009', '-0.00021', '0.00010', '1.00000']
  '014.0667': ['0.728', '1.089', '0.080', '-0.99857', '0.05337', '-0.00018', '-0.05337',
    '-0.99857', '0.00014', '-0.00017', '0.00015', '1.00000']
  '014.1333': ['0.716', '1.088', '0.080', '-0.99863', '0.05236', '-0.00019', '-0.05236',
    '-0.99863', '0.00019', '-0.00018', '0.00020', '1.00000']
  '014.2000': ['0.705', '1.087', '0.080', '-0.99868', '0.05141', '-0.00020', '-0.05141',
    '-0.99868', '0.00023', '-0.00019', '0.00024', '1.00000']
  '014.2667': ['0.694', '1.087', '0.080', '-0.99822', '0.05966', '-0.00023', '-0.05966',
    '-0.99822', '0.00020', '-0.00022', '0.00021', '1.00000']
  '014.3333': ['0.683', '1.086', '0.080', '-0.99756', '0.06985', '-0.00026', '-0.06985',
    '-0.99756', '0.00023', '-0.00025', '0.00025', '1.00000']
  '014.4000': ['0.672', '1.085', '0.080', '-0.99672', '0.08092', '-0.00028', '-0.08092',
    '-0.99672', '0.00024', '-0.00026', '0.00027', '1.00000']
  '014.4667': ['0.661', '1.084', '0.080', '-0.99567', '0.09298', '-0.00032', '-0.09298',
    '-0.99567', '0.00023', '-0.00029', '0.00026', '1.00000']
  '014.5333': ['0.650', '1.083', '0.080', '-0.99513', '0.09859', '-0.00034', '-0.09859',
    '-0.99513', '0.00025', '-0.00031', '0.00029', '1.00000']
  '014.6000': ['0.638', '1.082', '0.080', '-0.99463', '0.10353', '-0.00034', '-0.10353',
    '-0.99463', '0.00024', '-0.00032', '0.00027', '1.00000']
  '014.6667': ['0.627', '1.080', '0.080', '-0.99401', '0.10932', '-0.00037', '-0.10932',
    '-0.99401', '0.00025', '-0.00034', '0.00029', '1.00000']
  '014.7333': ['0.615', '1.078', '0.080', '-0.99229', '0.12396', '-0.00039', '-0.12396',
    '-0.99229', '0.00022', '-0.00036', '0.00027', '1.00000']
  '014.8000': ['0.604', '1.076', '0.080', '-0.99041', '0.13818', '-0.00038', '-0.13818',
    '-0.99041', '0.00016', '-0.00036', '0.00021', '1.00000']
  '014.8667': ['0.593', '1.074', '0.080', '-0.98840', '0.15188', '-0.00037', '-0.15188',
    '-0.98840', '0.00013', '-0.00034', '0.00018', '1.00000']
  '014.9333': ['0.582', '1.072', '0.080', '-0.98622', '0.16543', '-0.00038', '-0.16543',
    '-0.98622', '0.00011', '-0.00035', '0.00017', '1.00000']
  '015.0000': ['0.571', '1.071', '0.080', '-0.98452', '0.17526', '-0.00045', '-0.17526',
    '-0.98452', '0.00013', '-0.00042', '0.00021', '1.00000']
  '015.0667': ['0.559', '1.070', '0.080', '-0.98257', '0.18588', '-0.00055', '-0.18588',
    '-0.98257', '0.00017', '-0.00051', '0.00027', '1.00000']
  '015.1333': ['0.548', '1.068', '0.080', '-0.98033', '0.19735', '-0.00060', '-0.19735',
    '-0.98033', '0.00018', '-0.00055', '0.00030', '1.00000']
  '015.2000': ['0.537', '1.066', '0.080', '-0.97787', '0.20923', '-0.00060', '-0.20923',
    '-0.97787', '0.00016', '-0.00055', '0.00028', '1.00000']
  '015.2667': ['0.525', '1.064', '0.080', '-0.97519', '0.22136', '-0.00061', '-0.22136',
    '-0.97519', '0.00015', '-0.00057', '0.00028', '1.00000']
  '015.3333': ['0.514', '1.062', '0.080', '-0.97231', '0.23369', '-0.00063', '-0.23369',
    '-0.97231', '0.00014', '-0.00058', '0.00028', '1.00000']
  '015.4000': ['0.503', '1.059', '0.080', '-0.96917', '0.24639', '-0.00063', '-0.24639',
    '-0.96917', '0.00014', '-0.00058', '0.00029', '1.00000']
  '015.4667': ['0.492', '1.056', '0.080', '-0.96239', '0.27167', '-0.00065', '-0.27167',
    '-0.96239', '0.00016', '-0.00058', '0.00033', '1.00000']
  '015.5333': ['0.481', '1.054', '0.080', '-0.95360', '0.30106', '-0.00066', '-0.30106',
    '-0.95360', '0.00017', '-0.00058', '0.00036', '1.00000']
  '015.6000': ['0.470', '1.050', '0.080', '-0.95695', '0.29024', '-0.00067', '-0.29024',
    '-0.95695', '0.00014', '-0.00060', '0.00033', '1.00000']
  '015.6667': ['0.460', '1.047', '0.080', '-0.96540', '0.26078', '-0.00067', '-0.26078',
    '-0.96540', '0.00014', '-0.00061', '0.00030', '1.00000']
  '015.7333': ['0.449', '1.044', '0.080', '-0.97293', '0.23110', '-0.00065', '-0.23110',
    '-0.97293', '0.00016', '-0.00060', '0.00030', '1.00000']
  '015.8000': ['0.440', '1.042', '0.080', '-0.97963', '0.20080', '-0.00059', '-0.20080',
    '-0.97963', '0.00018', '-0.00054', '0.00029', '1.00000']
  '015.8667': ['0.433', '1.040', '0.080', '-0.98530', '0.17083', '-0.00019', '-0.17083',
    '-0.98530', '0.00035', '-0.00013', '0.00037', '1.00000']
  '015.9333': ['0.423', '1.038', '0.080', '-0.98313', '0.18292', '-0.00016', '-0.18292',
    '-0.98313', '0.00036', '-0.00009', '0.00038', '1.00000']
  '016.0000': ['0.412', '1.035', '0.080', '-0.98111', '0.19343', '-0.00016', '-0.19343',
    '-0.98111', '0.00033', '-0.00009', '0.00036', '1.00000']
  '016.0667': ['0.401', '1.032', '0.080', '-0.97921', '0.20283', '-0.00015', '-0.20283',
    '-0.97921', '0.00031', '-0.00009', '0.00034', '1.00000']
  '016.1333': ['0.390', '1.029', '0.080', '-0.97726', '0.21204', '-0.00015', '-0.21204',
    '-0.97726', '0.00030', '-0.00008', '0.00033', '1.00000']
  '016.2000': ['0.378', '1.026', '0.080', '-0.97531', '0.22083', '-0.00017', '-0.22083',
    '-0.97531', '0.00030', '-0.00010', '0.00033', '1.00000']
  '016.2667': ['0.368', '1.024', '0.080', '-0.97328', '0.22964', '-0.00018', '-0.22964',
    '-0.97328', '0.00031', '-0.00011', '0.00034', '1.00000']
  '016.3333': ['0.357', '1.021', '0.080', '-0.97110', '0.23866', '-0.00018', '-0.23866',
    '-0.97110', '0.00033', '-0.00010', '0.00037', '1.00000']
  '016.4000': ['0.347', '1.019', '0.080', '-0.96857', '0.24876', '-0.00020', '-0.24876',
    '-0.96857', '0.00037', '-0.00010', '0.00041', '1.00000']
  '016.4667': ['0.338', '1.016', '0.080', '-0.96581', '0.25926', '-0.00023', '-0.25926',
    '-0.96581', '0.00037', '-0.00013', '0.00041', '1.00000']
  '016.5333': ['0.328', '1.013', '0.080', '-0.96360', '0.26735', '-0.00024', '-0.26736',
    '-0.96360', '0.00038', '-0.00013', '0.00043', '1.00000']
  '016.6000': ['0.317', '1.010', '0.080', '-0.96126', '0.27564', '-0.00025', '-0.27564',
    '-0.96126', '0.00038', '-0.00013', '0.00043', '1.00000']
  '016.6667': ['0.307', '1.007', '0.080', '-0.95905', '0.28324', '-0.00025', '-0.28324',
    '-0.95905', '0.00039', '-0.00013', '0.00045', '1.00000']
  '016.7333': ['0.298', '1.004', '0.080', '-0.95940', '0.28204', '-0.00022', '-0.28204',
    '-0.95940', '0.00042', '-0.00009', '0.00046', '1.00000']
  '016.8000': ['0.292', '1.003', '0.080', '-0.95945', '0.28187', '0.00013', '-0.28187',
    '-0.95945', '0.00064', '0.00030', '0.00058', '1.00000']
  '016.8667': ['0.284', '1.001', '0.080', '-0.95909', '0.28309', '0.00017', '-0.28309',
    '-0.95909', '0.00067', '0.00035', '0.00060', '1.00000']
  '016.9333': ['0.274', '0.999', '0.080', '-0.95846', '0.28522', '0.00017', '-0.28522',
    '-0.95846', '0.00067', '0.00035', '0.00059', '1.00000']
  '017.0000': ['0.264', '0.996', '0.080', '-0.95767', '0.28786', '0.00016', '-0.28786',
    '-0.95767', '0.00066', '0.00035', '0.00059', '1.00000']
  '017.0667': ['0.254', '0.994', '0.080', '-0.95673', '0.29099', '0.00014', '-0.29099',
    '-0.95673', '0.00065', '0.00032', '0.00058', '1.00000']
  '017.1333': ['0.243', '0.991', '0.080', '-0.95569', '0.29438', '0.00012', '-0.29438',
    '-0.95569', '0.00065', '0.00031', '0.00058', '1.00000']
  '017.2000': ['0.232', '0.987', '0.080', '-0.95425', '0.29900', '0.00012', '-0.29900',
    '-0.95425', '0.00064', '0.00031', '0.00058', '1.00000']
  '017.2667': ['0.221', '0.983', '0.080', '-0.95174', '0.30691', '0.00012', '-0.30691',
    '-0.95174', '0.00064', '0.00030', '0.00057', '1.00000']
  '017.3333': ['0.210', '0.979', '0.080', '-0.94932', '0.31431', '0.00012', '-0.31431',
    '-0.94932', '0.00065', '0.00032', '0.00057', '1.00000']
  '017.4000': ['0.199', '0.976', '0.080', '-0.94678', '0.32188', '0.00011', '-0.32188',
    '-0.94678', '0.00061', '0.00030', '0.00054', '1.00000']
  '017.4667': ['0.188', '0.972', '0.080', '-0.94409', '0.32969', '0.00007', '-0.32969',
    '-0.94409', '0.00063', '0.00028', '0.00057', '1.00000']
  '017.5333': ['0.178', '0.969', '0.080', '-0.94119', '0.33787', '0.00003', '-0.33787',
    '-0.94119', '0.00065', '0.00024', '0.00060', '1.00000']
  '017.6000': ['0.167', '0.966', '0.080', '-0.93776', '0.34728', '-0.00001', '-0.34728',
    '-0.93776', '0.00064', '0.00021', '0.00061', '1.00000']
  '017.6666': ['0.156', '0.963', '0.080', '-0.93886', '0.34430', '-0.00003', '-0.34430',
    '-0.93886', '0.00065', '0.00020', '0.00062', '1.00000']
  '017.7333': ['0.145', '0.960', '0.080', '-0.94662', '0.32235', '-0.00004', '-0.32235',
    '-0.94662', '0.00066', '0.00017', '0.00064', '1.00000']
