begin_time_stamp: 1588330389.5999963
data_header:
  time_stamp: [x, y, z, R11, R12, R13, R21, R22, R23, R31, R32, R33]
trajectory_data:
  '000.0000': ['0.012', '0.000', '0.000', '0.99971', '-0.02400', '0.00000', '0.02400',
    '0.99971', '0.00000', '0.00000', '0.00000', '1.00000']
  '000.0667': ['0.023', '0.000', '0.000', '0.99930', '-0.03740', '0.00000', '0.03740',
    '0.99930', '0.00000', '0.00000', '0.00000', '1.00000']
  '000.1333': ['0.035', '0.001', '0.000', '0.99832', '-0.05797', '0.00000', '0.05797',
    '0.99832', '0.00000', '0.00000', '0.00000', '1.00000']
  '000.2000': ['0.046', '0.001', '0.000', '0.99669', '-0.08128', '0.00000', '0.08128',
    '0.99669', '0.00000', '0.00000', '0.00000', '1.00000']
  '000.2667': ['0.058', '0.002', '0.000', '0.99463', '-0.10347', '0.00000', '0.10347',
    '0.99463', '0.00000', '0.00000', '0.00000', '1.00000']
  '000.3333': ['0.070', '0.004', '0.000', '0.99263', '-0.12115', '0.00000', '0.12115',
    '0.99263', '0.00000', '0.00000', '0.00000', '1.00000']
  '000.4000': ['0.081', '0.005', '0.000', '0.98956', '-0.14415', '0.00000', '0.14415',
    '0.98956', '0.00000', '0.00000', '0.00000', '1.00000']
  '000.4667': ['0.093', '0.007', '0.000', '0.98587', '-0.16751', '0.00000', '0.16751',
    '0.98587', '0.00000', '0.00000', '0.00000', '1.00000']
  '000.5333': ['0.104', '0.009', '0.000', '0.98156', '-0.19113', '0.00000', '0.19113',
    '0.98156', '0.00000', '0.00000', '0.00000', '1.00000']
  '000.6000': ['0.115', '0.011', '0.000', '0.97807', '-0.20827', '0.00000', '0.20827',
    '0.97807', '0.00000', '0.00000', '0.00000', '1.00000']
  '000.6667': ['0.127', '0.013', '0.000', '0.97560', '-0.21954', '0.00000', '0.21954',
    '0.97560', '0.00000', '0.00000', '0.00000', '1.00000']
  '000.7333': ['0.138', '0.016', '0.000', '0.97220', '-0.23416', '0.00000', '0.23416',
    '0.97220', '0.00000', '0.00000', '0.00000', '1.00000']
  '000.8000': ['0.149', '0.019', '0.000', '0.96970', '-0.24431', '0.00000', '0.24431',
    '0.96970', '0.00000', '0.00000', '0.00000', '1.00000']
  '000.8667': ['0.161', '0.021', '0.000', '0.96879', '-0.24790', '0.00000', '0.24790',
    '0.96879', '0.00000', '0.00000', '0.00000', '1.00000']
  '000.9333': ['0.172', '0.024', '0.000', '0.96735', '-0.25344', '0.00000', '0.25344',
    '0.96735', '0.00000', '0.00000', '0.00000', '1.00000']
  '001.0000': ['0.183', '0.027', '0.000', '0.96556', '-0.26016', '0.00000', '0.26016',
    '0.96556', '0.00000', '0.00000', '0.00000', '1.00000']
  '001.0667': ['0.194', '0.030', '0.000', '0.96171', '-0.27407', '0.00000', '0.27407',
    '0.96171', '0.00000', '0.00000', '0.00000', '1.00000']
  '001.1333': ['0.205', '0.033', '0.000', '0.95762', '-0.28803', '0.00000', '0.28803',
    '0.95762', '0.00000', '0.00000', '0.00000', '1.00000']
  '001.2000': ['0.217', '0.037', '0.000', '0.95311', '-0.30262', '0.00000', '0.30262',
    '0.95311', '0.00000', '0.00000', '0.00000', '1.00000']
  '001.2667': ['0.228', '0.040', '0.000', '0.94835', '-0.31724', '0.00000', '0.31724',
    '0.94835', '0.00000', '0.00000', '0.00000', '1.00000']
  '001.3333': ['0.239', '0.043', '0.000', '0.94348', '-0.33143', '0.00000', '0.33143',
    '0.94348', '0.00000', '0.00000', '0.00000', '1.00000']
  '001.4000': ['0.250', '0.047', '0.000', '0.94245', '-0.33435', '0.00000', '0.33435',
    '0.94245', '0.00000', '0.00000', '0.00000', '1.00000']
  '001.4667': ['0.261', '0.051', '0.000', '0.94141', '-0.33726', '0.00000', '0.33726',
    '0.94141', '0.00000', '0.00000', '0.00000', '1.00000']
  '001.5333': ['0.272', '0.055', '0.000', '0.94036', '-0.34017', '0.00000', '0.34017',
    '0.94036', '0.00000', '0.00000', '0.00000', '1.00000']
  '001.6000': ['0.283', '0.059', '0.000', '0.93463', '-0.35563', '0.00000', '0.35563',
    '0.93463', '0.00000', '0.00000', '0.00000', '1.00000']
  '001.6667': ['0.293', '0.063', '0.000', '0.93085', '-0.36541', '0.00000', '0.36541',
    '0.93085', '0.00000', '0.00000', '0.00000', '1.00000']
  '001.7333': ['0.304', '0.067', '0.000', '0.93120', '-0.36451', '0.00000', '0.36451',
    '0.93120', '0.00000', '0.00000', '0.00000', '1.00000']
  '001.8000': ['0.315', '0.072', '0.000', '0.93127', '-0.36433', '0.00000', '0.36433',
    '0.93127', '0.00000', '0.00000', '0.00000', '1.00000']
  '001.8667': ['0.326', '0.076', '0.000', '0.93309', '-0.35965', '0.00000', '0.35965',
    '0.93309', '0.00000', '0.00000', '0.00000', '1.00000']
  '001.9333': ['0.337', '0.080', '0.000', '0.93541', '-0.35357', '0.00000', '0.35357',
    '0.93541', '0.00000', '0.00000', '0.00000', '1.00000']
  '002.0000': ['0.347', '0.084', '0.000', '0.93804', '-0.34652', '0.00000', '0.34652',
    '0.93804', '0.00000', '0.00000', '0.00000', '1.00000']
  '002.0667': ['0.358', '0.088', '0.000', '0.93999', '-0.34121', '0.00000', '0.34121',
    '0.93999', '0.00000', '0.00000', '0.00000', '1.00000']
  '002.1333': ['0.369', '0.092', '0.000', '0.94177', '-0.33627', '0.00000', '0.33627',
    '0.94177', '0.00000', '0.00000', '0.00000', '1.00000']
  '002.2000': ['0.380', '0.096', '0.000', '0.94333', '-0.33187', '0.00000', '0.33187',
    '0.94333', '0.00000', '0.00000', '0.00000', '1.00000']
  '002.2667': ['0.391', '0.100', '0.000', '0.94464', '-0.32810', '0.00000', '0.32810',
    '0.94464', '0.00000', '0.00000', '0.00000', '1.00000']
  '002.3333': ['0.402', '0.104', '0.000', '0.94581', '-0.32473', '0.00000', '0.32473',
    '0.94581', '0.00000', '0.00000', '0.00000', '1.00000']
  '002.4000': ['0.413', '0.107', '0.000', '0.94380', '-0.33051', '0.00000', '0.33051',
    '0.94380', '0.00000', '0.00000', '0.00000', '1.00000']
  '002.4667': ['0.424', '0.111', '0.000', '0.94739', '-0.32008', '0.00000', '0.32008',
    '0.94739', '0.00000', '0.00000', '0.00000', '1.00000']
  '002.5333': ['0.435', '0.115', '0.000', '0.94938', '-0.31412', '0.00000', '0.31412',
    '0.94938', '0.00000', '0.00000', '0.00000', '1.00000']
  '002.6000': ['0.446', '0.119', '0.000', '0.95225', '-0.30532', '0.00000', '0.30532',
    '0.95225', '0.00000', '0.00000', '0.00000', '1.00000']
  '002.6667': ['0.457', '0.122', '0.000', '0.95152', '-0.30759', '0.00000', '0.30759',
    '0.95152', '0.00000', '0.00000', '0.00000', '1.00000']
  '002.7333': ['0.468', '0.126', '0.000', '0.95131', '-0.30824', '0.00000', '0.30824',
    '0.95131', '0.00000', '0.00000', '0.00000', '1.00000']
  '002.8000': ['0.479', '0.129', '0.000', '0.95884', '-0.28395', '0.00000', '0.28395',
    '0.95884', '0.00000', '0.00000', '0.00000', '1.00000']
  '002.8667': ['0.490', '0.133', '0.000', '0.96466', '-0.26350', '0.00000', '0.26350',
    '0.96466', '0.00000', '0.00000', '0.00000', '1.00000']
  '002.9333': ['0.501', '0.136', '0.000', '0.97004', '-0.24293', '0.00000', '0.24293',
    '0.97004', '0.00000', '0.00000', '0.00000', '1.00000']
  '003.0000': ['0.513', '0.139', '0.000', '0.97719', '-0.21236', '0.00000', '0.21236',
    '0.97719', '0.00000', '0.00000', '0.00000', '1.00000']
  '003.0667': ['0.524', '0.141', '0.000', '0.98268', '-0.18532', '0.00000', '0.18532',
    '0.98268', '0.00000', '0.00000', '0.00000', '1.00000']
  '003.1333': ['0.535', '0.144', '0.000', '0.98778', '-0.15584', '0.00000', '0.15584',
    '0.98778', '0.00000', '0.00000', '0.00000', '1.00000']
  '003.2000': ['0.547', '0.146', '0.000', '0.99240', '-0.12308', '0.00000', '0.12308',
    '0.99240', '0.00000', '0.00000', '0.00000', '1.00000']
  '003.2667': ['0.558', '0.147', '0.000', '0.99652', '-0.08330', '0.00000', '0.08330',
    '0.99652', '0.00000', '0.00000', '0.00000', '1.00000']
  '003.3333': ['0.570', '0.148', '0.000', '0.99900', '-0.04476', '0.00000', '0.04476',
    '0.99900', '0.00000', '0.00000', '0.00000', '1.00000']
  '003.4000': ['0.581', '0.148', '0.000', '0.99978', '-0.02094', '0.00000', '0.02094',
    '0.99978', '0.00000', '0.00000', '0.00000', '1.00000']
  '003.4667': ['0.593', '0.149', '0.000', '0.99992', '-0.01233', '0.00000', '0.01233',
    '0.99992', '0.00000', '0.00000', '0.00000', '1.00000']
  '003.5333': ['0.605', '0.149', '0.000', '0.99984', '-0.01815', '0.00000', '0.01815',
    '0.99984', '0.00000', '0.00000', '0.00000', '1.00000']
  '003.6000': ['0.616', '0.149', '0.000', '0.99993', '-0.01203', '0.00000', '0.01203',
    '0.99993', '0.00000', '0.00000', '0.00000', '1.00000']
  '003.6667': ['0.628', '0.149', '0.000', '0.99976', '-0.02181', '0.00000', '0.02181',
    '0.99976', '0.00000', '0.00000', '0.00000', '1.00000']
  '003.7333': ['0.640', '0.149', '0.000', '0.99966', '-0.02601', '0.00000', '0.02601',
    '0.99966', '0.00000', '0.00000', '0.00000', '1.00000']
  '003.8000': ['0.651', '0.150', '0.000', '0.99896', '-0.04556', '0.00000', '0.04556',
    '0.99896', '0.00000', '0.00000', '0.00000', '1.00000']
  '003.8667': ['0.663', '0.150', '0.000', '0.99808', '-0.06196', '0.00000', '0.06196',
    '0.99808', '0.00000', '0.00000', '0.00000', '1.00000']
  '003.9333': ['0.674', '0.151', '0.000', '0.99764', '-0.06867', '0.00000', '0.06867',
    '0.99764', '0.00000', '0.00000', '0.00000', '1.00000']
  '004.0000': ['0.686', '0.152', '0.000', '0.99796', '-0.06384', '0.00000', '0.06384',
    '0.99796', '0.00000', '0.00000', '0.00000', '1.00000']
  '004.0667': ['0.697', '0.153', '0.000', '0.99771', '-0.06761', '0.00000', '0.06761',
    '0.99771', '0.00000', '0.00000', '0.00000', '1.00000']
  '004.1333': ['0.709', '0.153', '0.000', '0.99686', '-0.07918', '0.00000', '0.07918',
    '0.99686', '0.00000', '0.00000', '0.00000', '1.00000']
  '004.2000': ['0.721', '0.154', '0.000', '0.99696', '-0.07786', '0.00000', '0.07786',
    '0.99696', '0.00000', '0.00000', '0.00000', '1.00000']
  '004.2667': ['0.732', '0.155', '0.000', '0.99419', '-0.10761', '0.00000', '0.10761',
    '0.99419', '0.00000', '0.00000', '0.00000', '1.00000']
  '004.3333': ['0.744', '0.157', '0.000', '0.98406', '-0.17784', '0.00000', '0.17784',
    '0.98406', '0.00000', '0.00000', '0.00000', '1.00000']
  '004.4000': ['0.755', '0.159', '0.000', '0.96915', '-0.24648', '0.00000', '0.24648',
    '0.96915', '0.00000', '0.00000', '0.00000', '1.00000']
  '004.4667': ['0.766', '0.161', '0.000', '0.95128', '-0.30833', '0.00000', '0.30833',
    '0.95128', '0.00000', '0.00000', '0.00000', '1.00000']
  '004.5333': ['0.777', '0.165', '0.000', '0.93235', '-0.36157', '0.00000', '0.36157',
    '0.93235', '0.00000', '0.00000', '0.00000', '1.00000']
  '004.6000': ['0.788', '0.169', '0.000', '0.91519', '-0.40303', '0.00000', '0.40303',
    '0.91519', '0.00000', '0.00000', '0.00000', '1.00000']
  '004.6667': ['0.799', '0.174', '0.000', '0.89061', '-0.45476', '0.00000', '0.45476',
    '0.89061', '0.00000', '0.00000', '0.00000', '1.00000']
  '004.7333': ['0.809', '0.179', '0.000', '0.86511', '-0.50158', '0.00000', '0.50158',
    '0.86511', '0.00000', '0.00000', '0.00000', '1.00000']
  '004.8000': ['0.819', '0.185', '0.000', '0.83193', '-0.55488', '0.00000', '0.55488',
    '0.83193', '0.00000', '0.00000', '0.00000', '1.00000']
  '004.8667': ['0.829', '0.192', '0.000', '0.79841', '-0.60211', '0.00000', '0.60211',
    '0.79841', '0.00000', '0.00000', '0.00000', '1.00000']
  '004.9333': ['0.838', '0.199', '0.000', '0.77429', '-0.63284', '0.00000', '0.63284',
    '0.77429', '0.00000', '0.00000', '0.00000', '1.00000']
  '005.0000': ['0.847', '0.206', '0.000', '0.74112', '-0.67137', '0.00000', '0.67137',
    '0.74112', '0.00000', '0.00000', '0.00000', '1.00000']
  '005.0667': ['0.855', '0.214', '0.000', '0.70454', '-0.70967', '0.00000', '0.70967',
    '0.70454', '0.00000', '0.00000', '0.00000', '1.00000']
  '005.1333': ['0.864', '0.222', '0.000', '0.66704', '-0.74502', '0.00000', '0.74502',
    '0.66704', '0.00000', '0.00000', '0.00000', '1.00000']
  '005.2000': ['0.871', '0.231', '0.000', '0.63732', '-0.77060', '0.00000', '0.77060',
    '0.63732', '0.00000', '0.00000', '0.00000', '1.00000']
  '005.2667': ['0.879', '0.240', '0.000', '0.61985', '-0.78472', '0.00000', '0.78472',
    '0.61985', '0.00000', '0.00000', '0.00000', '1.00000']
  '005.3333': ['0.886', '0.249', '0.000', '0.56906', '-0.82230', '0.00000', '0.82230',
    '0.56906', '0.00000', '0.00000', '0.00000', '1.00000']
  '005.4000': ['0.893', '0.258', '0.000', '0.50908', '-0.86072', '0.00000', '0.86072',
    '0.50908', '0.00000', '0.00000', '0.00000', '1.00000']
  '005.4667': ['0.898', '0.268', '0.000', '0.45614', '-0.88991', '0.00000', '0.88991',
    '0.45614', '0.00000', '0.00000', '0.00000', '1.00000']
  '005.5333': ['0.904', '0.279', '0.000', '0.43061', '-0.90254', '0.00000', '0.90254',
    '0.43061', '0.00000', '0.00000', '0.00000', '1.00000']
  '005.6000': ['0.909', '0.289', '0.000', '0.36718', '-0.93015', '0.00000', '0.93015',
    '0.36718', '0.00000', '0.00000', '0.00000', '1.00000']
  '005.6667': ['0.913', '0.300', '0.000', '0.31246', '-0.94993', '0.00000', '0.94993',
    '0.31246', '0.00000', '0.00000', '0.00000', '1.00000']
  '005.7333': ['0.917', '0.311', '0.000', '0.26173', '-0.96514', '0.00000', '0.96514',
    '0.26173', '0.00000', '0.00000', '0.00000', '1.00000']
  '005.8000': ['0.920', '0.322', '0.000', '0.21181', '-0.97731', '0.00000', '0.97731',
    '0.21181', '0.00000', '0.00000', '0.00000', '1.00000']
  '005.8667': ['0.922', '0.334', '0.000', '0.16514', '-0.98627', '0.00000', '0.98627',
    '0.16514', '0.00000', '0.00000', '0.00000', '1.00000']
  '005.9333': ['0.924', '0.345', '0.000', '0.11271', '-0.99363', '0.00000', '0.99363',
    '0.11271', '0.00000', '0.00000', '0.00000', '1.00000']
  '006.0000': ['0.925', '0.357', '0.000', '0.05860', '-0.99828', '0.00000', '0.99828',
    '0.05860', '0.00000', '0.00000', '0.00000', '1.00000']
  '006.0667': ['0.926', '0.368', '0.000', '0.02020', '-0.99980', '0.00000', '0.99980',
    '0.02020', '0.00000', '0.00000', '0.00000', '1.00000']
  '006.1333': ['0.926', '0.380', '0.000', '-0.02766', '-0.99962', '0.00000', '0.99962',
    '-0.02766', '0.00000', '0.00000', '0.00000', '1.00000']
  '006.2000': ['0.925', '0.391', '0.000', '-0.07558', '-0.99714', '0.00000', '0.99714',
    '-0.07558', '0.00000', '0.00000', '0.00000', '1.00000']
  '006.2667': ['0.924', '0.403', '0.000', '-0.15161', '-0.98844', '0.00000', '0.98844',
    '-0.15161', '0.00000', '0.00000', '0.00000', '1.00000']
  '006.3333': ['0.923', '0.414', '0.000', '-0.23437', '-0.97215', '0.00000', '0.97215',
    '-0.23437', '0.00000', '0.00000', '0.00000', '1.00000']
  '006.4000': ['0.920', '0.426', '0.000', '-0.32482', '-0.94578', '0.00000', '0.94578',
    '-0.32482', '0.00000', '0.00000', '0.00000', '1.00000']
  '006.4667': ['0.917', '0.437', '0.000', '-0.39288', '-0.91959', '0.00000', '0.91959',
    '-0.39288', '0.00000', '0.00000', '0.00000', '1.00000']
  '006.5333': ['0.912', '0.447', '0.000', '-0.46921', '-0.88309', '0.00000', '0.88309',
    '-0.46921', '0.00000', '0.00000', '0.00000', '1.00000']
  '006.6000': ['0.907', '0.458', '0.000', '-0.54051', '-0.84134', '0.00000', '0.84134',
    '-0.54051', '0.00000', '0.00000', '0.00000', '1.00000']
  '006.6667': ['0.900', '0.467', '0.000', '-0.61220', '-0.79071', '0.00000', '0.79071',
    '-0.61220', '0.00000', '0.00000', '0.00000', '1.00000']
  '006.7333': ['0.893', '0.477', '0.000', '-0.66998', '-0.74238', '0.00000', '0.74238',
    '-0.66998', '0.00000', '0.00000', '0.00000', '1.00000']
  '006.8000': ['0.886', '0.486', '0.000', '-0.72137', '-0.69255', '0.00000', '0.69255',
    '-0.72137', '0.00000', '0.00000', '0.00000', '1.00000']
  '006.8667': ['0.878', '0.494', '0.000', '-0.76823', '-0.64018', '0.00000', '0.64018',
    '-0.76823', '0.00000', '0.00000', '0.00000', '1.00000']
  '006.9333': ['0.869', '0.502', '0.000', '-0.81151', '-0.58434', '0.00000', '0.58434',
    '-0.81151', '0.00000', '0.00000', '0.00000', '1.00000']
  '007.0000': ['0.860', '0.509', '0.000', '-0.85097', '-0.52522', '0.00000', '0.52522',
    '-0.85097', '0.00000', '0.00000', '0.00000', '1.00000']
  '007.0667': ['0.851', '0.515', '0.000', '-0.88554', '-0.46457', '0.00000', '0.46457',
    '-0.88554', '0.00000', '0.00000', '0.00000', '1.00000']
  '007.1333': ['0.840', '0.520', '0.000', '-0.91386', '-0.40602', '0.00000', '0.40602',
    '-0.91386', '0.00000', '0.00000', '0.00000', '1.00000']
  '007.2000': ['0.830', '0.525', '0.000', '-0.94298', '-0.33284', '0.00000', '0.33284',
    '-0.94298', '0.00000', '0.00000', '0.00000', '1.00000']
  '007.2667': ['0.819', '0.529', '0.000', '-0.96444', '-0.26431', '0.00000', '0.26431',
    '-0.96444', '0.00000', '0.00000', '0.00000', '1.00000']
  '007.3333': ['0.808', '0.532', '0.000', '-0.97974', '-0.20026', '0.00000', '0.20026',
    '-0.97974', '0.00000', '0.00000', '0.00000', '1.00000']
  '007.4000': ['0.796', '0.535', '0.000', '-0.99135', '-0.13128', '0.00000', '0.13128',
    '-0.99135', '0.00000', '0.00000', '0.00000', '1.00000']
  '007.4667': ['0.785', '0.536', '0.000', '-0.99781', '-0.06608', '0.00000', '0.06608',
    '-0.99781', '0.00000', '0.00000', '0.00000', '1.00000']
  '007.5333': ['0.773', '0.537', '0.000', '-0.99999', '-0.00377', '0.00000', '0.00377',
    '-0.99999', '0.00000', '0.00000', '0.00000', '1.00000']
  '007.6000': ['0.762', '0.537', '0.000', '-0.99861', '0.05272', '0.00000', '-0.05272',
    '-0.99861', '0.00000', '0.00000', '0.00000', '1.00000']
  '007.6667': ['0.750', '0.537', '0.000', '-0.99471', '0.10267', '0.00000', '-0.10267',
    '-0.99471', '0.00000', '0.00000', '0.00000', '1.00000']
  '007.7333': ['0.739', '0.536', '0.000', '-0.98991', '0.14168', '0.00000', '-0.14168',
    '-0.98991', '0.00000', '0.00000', '0.00000', '1.00000']
  '007.8000': ['0.727', '0.534', '0.000', '-0.98418', '0.17715', '0.00000', '-0.17715',
    '-0.98418', '0.00000', '0.00000', '0.00000', '1.00000']
  '007.8667': ['0.716', '0.532', '0.000', '-0.97748', '0.21102', '0.00000', '-0.21102',
    '-0.97748', '0.00000', '0.00000', '0.00000', '1.00000']
  '007.9333': ['0.704', '0.530', '0.000', '-0.96906', '0.24681', '0.00000', '-0.24681',
    '-0.96906', '0.00000', '0.00000', '0.00000', '1.00000']
  '008.0000': ['0.693', '0.528', '0.000', '-0.96008', '0.27971', '0.00000', '-0.27971',
    '-0.96008', '0.00000', '0.00000', '0.00000', '1.00000']
  '008.0667': ['0.682', '0.525', '0.000', '-0.95027', '0.31142', '0.00000', '-0.31142',
    '-0.95027', '0.00000', '0.00000', '0.00000', '1.00000']
  '008.1333': ['0.671', '0.521', '0.000', '-0.94174', '0.33633', '0.00000', '-0.33633',
    '-0.94174', '0.00000', '0.00000', '0.00000', '1.00000']
  '008.2000': ['0.660', '0.517', '0.000', '-0.93650', '0.35066', '0.00000', '-0.35066',
    '-0.93650', '0.00000', '0.00000', '0.00000', '1.00000']
  '008.2667': ['0.649', '0.513', '0.000', '-0.92990', '0.36781', '0.00000', '-0.36781',
    '-0.92990', '0.00000', '0.00000', '0.00000', '1.00000']
  '008.3333': ['0.638', '0.509', '0.000', '-0.91686', '0.39920', '0.00000', '-0.39920',
    '-0.91686', '0.00000', '0.00000', '0.00000', '1.00000']
  '008.4000': ['0.627', '0.505', '0.000', '-0.89952', '0.43688', '0.00000', '-0.43688',
    '-0.89952', '0.00000', '0.00000', '0.00000', '1.00000']
  '008.4667': ['0.617', '0.500', '0.000', '-0.88056', '0.47394', '0.00000', '-0.47394',
    '-0.88056', '0.00000', '0.00000', '0.00000', '1.00000']
  '008.5333': ['0.607', '0.494', '0.000', '-0.86019', '0.50998', '0.00000', '-0.50998',
    '-0.86019', '0.00000', '0.00000', '0.00000', '1.00000']
  '008.6000': ['0.597', '0.488', '0.000', '-0.84043', '0.54193', '0.00000', '-0.54193',
    '-0.84043', '0.00000', '0.00000', '0.00000', '1.00000']
  '008.6667': ['0.587', '0.482', '0.000', '-0.82130', '0.57049', '0.00000', '-0.57049',
    '-0.82130', '0.00000', '0.00000', '0.00000', '1.00000']
  '008.7333': ['0.577', '0.475', '0.000', '-0.80005', '0.59994', '0.00000', '-0.59994',
    '-0.80005', '0.00000', '0.00000', '0.00000', '1.00000']
  '008.8000': ['0.568', '0.468', '0.000', '-0.78158', '0.62381', '0.00000', '-0.62381',
    '-0.78158', '0.00000', '0.00000', '0.00000', '1.00000']
  '008.8667': ['0.559', '0.461', '0.000', '-0.76921', '0.63899', '0.00000', '-0.63899',
    '-0.76921', '0.00000', '0.00000', '0.00000', '1.00000']
  '008.9333': ['0.550', '0.454', '0.000', '-0.75401', '0.65686', '0.00000', '-0.65686',
    '-0.75401', '0.00000', '0.00000', '0.00000', '1.00000']
  '009.0000': ['0.541', '0.446', '0.000', '-0.74087', '0.67165', '0.00000', '-0.67165',
    '-0.74087', '0.00000', '0.00000', '0.00000', '1.00000']
  '009.0667': ['0.533', '0.438', '0.000', '-0.72939', '0.68410', '0.00000', '-0.68410',
    '-0.72939', '0.00000', '0.00000', '0.00000', '1.00000']
  '009.1333': ['0.524', '0.430', '0.000', '-0.72019', '0.69378', '0.00000', '-0.69378',
    '-0.72019', '0.00000', '0.00000', '0.00000', '1.00000']
  '009.2000': ['0.516', '0.422', '0.000', '-0.71236', '0.70181', '0.00000', '-0.70181',
    '-0.71236', '0.00000', '0.00000', '0.00000', '1.00000']
  '009.2667': ['0.508', '0.414', '0.000', '-0.65492', '0.75570', '0.00000', '-0.75570',
    '-0.65492', '0.00000', '0.00000', '0.00000', '1.00000']
  '009.3333': ['0.500', '0.405', '0.000', '-0.59281', '0.80535', '0.00000', '-0.80535',
    '-0.59281', '0.00000', '0.00000', '0.00000', '1.00000']
  '009.4000': ['0.493', '0.396', '0.000', '-0.53779', '0.84308', '0.00000', '-0.84308',
    '-0.53779', '0.00000', '0.00000', '0.00000', '1.00000']
  '009.4667': ['0.487', '0.386', '0.000', '-0.48037', '0.87706', '0.00000', '-0.87706',
    '-0.48037', '0.00000', '0.00000', '0.00000', '1.00000']
  '009.5333': ['0.482', '0.376', '0.000', '-0.41777', '0.90855', '0.00000', '-0.90855',
    '-0.41777', '0.00000', '0.00000', '0.00000', '1.00000']
  '009.6000': ['0.477', '0.365', '0.000', '-0.32604', '0.94536', '0.00000', '-0.94536',
    '-0.32604', '0.00000', '0.00000', '0.00000', '1.00000']
  '009.6667': ['0.473', '0.354', '0.000', '-0.23050', '0.97307', '0.00000', '-0.97307',
    '-0.23050', '0.00000', '0.00000', '0.00000', '1.00000']
  '009.7333': ['0.470', '0.343', '0.000', '-0.12435', '0.99224', '0.00000', '-0.99224',
    '-0.12435', '0.00000', '0.00000', '0.00000', '1.00000']
  '009.8000': ['0.469', '0.332', '0.000', '-0.02312', '0.99973', '0.00000', '-0.99973',
    '-0.02312', '0.00000', '0.00000', '0.00000', '1.00000']
  '009.8667': ['0.469', '0.320', '0.000', '0.07106', '0.99747', '0.00000', '-0.99747',
    '0.07106', '0.00000', '0.00000', '0.00000', '1.00000']
  '009.9333': ['0.470', '0.308', '0.000', '0.16198', '0.98679', '0.00000', '-0.98679',
    '0.16198', '0.00000', '0.00000', '0.00000', '1.00000']
  '010.0000': ['0.471', '0.297', '0.000', '0.24880', '0.96855', '0.00000', '-0.96855',
    '0.24880', '0.00000', '0.00000', '0.00000', '1.00000']
  '010.0667': ['0.474', '0.286', '0.000', '0.33388', '0.94262', '0.00000', '-0.94262',
    '0.33388', '0.00000', '0.00000', '0.00000', '1.00000']
  '010.1333': ['0.478', '0.275', '0.000', '0.40958', '0.91228', '0.00000', '-0.91228',
    '0.40958', '0.00000', '0.00000', '0.00000', '1.00000']
  '010.2000': ['0.483', '0.264', '0.000', '0.46856', '0.88343', '0.00000', '-0.88343',
    '0.46856', '0.00000', '0.00000', '0.00000', '1.00000']
  '010.2667': ['0.488', '0.254', '0.000', '0.52760', '0.84949', '0.00000', '-0.84949',
    '0.52760', '0.00000', '0.00000', '0.00000', '1.00000']
  '010.3333': ['0.495', '0.244', '0.000', '0.57932', '0.81510', '0.00000', '-0.81510',
    '0.57932', '0.00000', '0.00000', '0.00000', '1.00000']
  '010.4000': ['0.501', '0.235', '0.000', '0.62811', '0.77812', '0.00000', '-0.77812',
    '0.62811', '0.00000', '0.00000', '0.00000', '1.00000']
  '010.4667': ['0.509', '0.226', '0.000', '0.67147', '0.74103', '0.00000', '-0.74103',
    '0.67147', '0.00000', '0.00000', '0.00000', '1.00000']
  '010.5333': ['0.516', '0.217', '0.000', '0.71289', '0.70128', '0.00000', '-0.70128',
    '0.71289', '0.00000', '0.00000', '0.00000', '1.00000']
  '010.6000': ['0.525', '0.209', '0.000', '0.74984', '0.66162', '0.00000', '-0.66162',
    '0.74984', '0.00000', '0.00000', '0.00000', '1.00000']
  '010.6667': ['0.533', '0.201', '0.000', '0.79175', '0.61084', '0.00000', '-0.61084',
    '0.79175', '0.00000', '0.00000', '0.00000', '1.00000']
  '010.7333': ['0.542', '0.194', '0.000', '0.84232', '0.53898', '0.00000', '-0.53898',
    '0.84232', '0.00000', '0.00000', '0.00000', '1.00000']
  '010.8000': ['0.552', '0.188', '0.000', '0.88292', '0.46952', '0.00000', '-0.46952',
    '0.88292', '0.00000', '0.00000', '0.00000', '1.00000']
  '010.8667': ['0.562', '0.183', '0.000', '0.91996', '0.39200', '0.00000', '-0.39200',
    '0.91996', '0.00000', '0.00000', '0.00000', '1.00000']
  '010.9333': ['0.573', '0.178', '0.000', '0.94904', '0.31517', '0.00000', '-0.31517',
    '0.94904', '0.00000', '0.00000', '0.00000', '1.00000']
  '011.0000': ['0.584', '0.174', '0.000', '0.97095', '0.23929', '0.00000', '-0.23929',
    '0.97095', '0.00000', '0.00000', '0.00000', '1.00000']
  '011.0667': ['0.595', '0.171', '0.000', '0.98756', '0.15725', '0.00000', '-0.15725',
    '0.98756', '0.00000', '0.00000', '0.00000', '1.00000']
  '011.1333': ['0.607', '0.169', '0.000', '0.99729', '0.07363', '0.00000', '-0.07363',
    '0.99729', '0.00000', '0.00000', '0.00000', '1.00000']
  '011.2000': ['0.618', '0.169', '0.000', '0.99999', '-0.00453', '0.00000', '0.00453',
    '0.99999', '0.00000', '0.00000', '0.00000', '1.00000']
  '011.2667': ['0.630', '0.169', '0.000', '0.99662', '-0.08213', '0.00000', '0.08213',
    '0.99662', '0.00000', '0.00000', '0.00000', '1.00000']
  '011.3333': ['0.641', '0.169', '0.000', '0.98778', '-0.15585', '0.00000', '0.15585',
    '0.98778', '0.00000', '0.00000', '0.00000', '1.00000']
  '011.4000': ['0.653', '0.171', '0.000', '0.97703', '-0.21312', '0.00000', '0.21312',
    '0.97703', '0.00000', '0.00000', '0.00000', '1.00000']
  '011.4667': ['0.664', '0.174', '0.000', '0.96347', '-0.26780', '0.00000', '0.26780',
    '0.96347', '0.00000', '0.00000', '0.00000', '1.00000']
  '011.5333': ['0.675', '0.177', '0.000', '0.94784', '-0.31874', '0.00000', '0.31874',
    '0.94784', '0.00000', '0.00000', '0.00000', '1.00000']
  '011.6000': ['0.686', '0.180', '0.000', '0.92931', '-0.36931', '0.00000', '0.36931',
    '0.92931', '0.00000', '0.00000', '0.00000', '1.00000']
  '011.6667': ['0.697', '0.185', '0.000', '0.90847', '-0.41796', '0.00000', '0.41796',
    '0.90847', '0.00000', '0.00000', '0.00000', '1.00000']
  '011.7333': ['0.708', '0.190', '0.000', '0.88937', '-0.45719', '0.00000', '0.45719',
    '0.88937', '0.00000', '0.00000', '0.00000', '1.00000']
  '011.8000': ['0.718', '0.195', '0.000', '0.88224', '-0.47080', '0.00000', '0.47080',
    '0.88224', '0.00000', '0.00000', '0.00000', '1.00000']
  '011.8667': ['0.728', '0.201', '0.000', '0.87470', '-0.48466', '0.00000', '0.48466',
    '0.87470', '0.00000', '0.00000', '0.00000', '1.00000']
  '011.9333': ['0.738', '0.206', '0.000', '0.86993', '-0.49318', '0.00000', '0.49318',
    '0.86993', '0.00000', '0.00000', '0.00000', '1.00000']
  '012.0000': ['0.748', '0.212', '0.000', '0.86959', '-0.49377', '0.00000', '0.49377',
    '0.86959', '0.00000', '0.00000', '0.00000', '1.00000']
  '012.0667': ['0.758', '0.218', '0.000', '0.86951', '-0.49391', '0.00000', '0.49391',
    '0.86951', '0.00000', '0.00000', '0.00000', '1.00000']
  '012.1333': ['0.769', '0.223', '0.000', '0.86833', '-0.49598', '0.00000', '0.49598',
    '0.86833', '0.00000', '0.00000', '0.00000', '1.00000']
  '012.2000': ['0.779', '0.229', '0.000', '0.86804', '-0.49649', '0.00000', '0.49649',
    '0.86804', '0.00000', '0.00000', '0.00000', '1.00000']
  '012.2667': ['0.789', '0.235', '0.000', '0.86536', '-0.50114', '0.00000', '0.50114',
    '0.86536', '0.00000', '0.00000', '0.00000', '1.00000']
  '012.3333': ['0.799', '0.241', '0.000', '0.86237', '-0.50628', '0.00000', '0.50628',
    '0.86237', '0.00000', '0.00000', '0.00000', '1.00000']
  '012.4000': ['0.809', '0.247', '0.000', '0.85903', '-0.51192', '0.00000', '0.51192',
    '0.85903', '0.00000', '0.00000', '0.00000', '1.00000']
  '012.4667': ['0.819', '0.253', '0.000', '0.85552', '-0.51776', '0.00000', '0.51776',
    '0.85552', '0.00000', '0.00000', '0.00000', '1.00000']
  '012.5333': ['0.829', '0.259', '0.000', '0.85185', '-0.52379', '0.00000', '0.52379',
    '0.85185', '0.00000', '0.00000', '0.00000', '1.00000']
  '012.6000': ['0.839', '0.265', '0.000', '0.85487', '-0.51885', '0.00000', '0.51885',
    '0.85487', '0.00000', '0.00000', '0.00000', '1.00000']
  '012.6667': ['0.849', '0.271', '0.000', '0.85068', '-0.52568', '0.00000', '0.52568',
    '0.85068', '0.00000', '0.00000', '0.00000', '1.00000']
  '012.7333': ['0.858', '0.277', '0.000', '0.84856', '-0.52910', '0.00000', '0.52910',
    '0.84856', '0.00000', '0.00000', '0.00000', '1.00000']
  '012.8000': ['0.868', '0.283', '0.000', '0.84458', '-0.53542', '0.00000', '0.53542',
    '0.84458', '0.00000', '0.00000', '0.00000', '1.00000']
  '012.8667': ['0.878', '0.289', '0.000', '0.84654', '-0.53233', '0.00000', '0.53233',
    '0.84654', '0.00000', '0.00000', '0.00000', '1.00000']
  '012.9333': ['0.888', '0.295', '0.000', '0.84826', '-0.52958', '0.00000', '0.52958',
    '0.84826', '0.00000', '0.00000', '0.00000', '1.00000']
  '013.0000': ['0.898', '0.301', '0.000', '0.84969', '-0.52728', '0.00000', '0.52728',
    '0.84969', '0.00000', '0.00000', '0.00000', '1.00000']
  '013.0667': ['0.908', '0.308', '0.000', '0.85089', '-0.52535', '0.00000', '0.52535',
    '0.85089', '0.00000', '0.00000', '0.00000', '1.00000']
  '013.1333': ['0.917', '0.314', '0.000', '0.85006', '-0.52669', '0.00000', '0.52669',
    '0.85006', '0.00000', '0.00000', '0.00000', '1.00000']
  '013.2000': ['0.927', '0.320', '0.000', '0.85088', '-0.52535', '0.00000', '0.52535',
    '0.85088', '0.00000', '0.00000', '0.00000', '1.00000']
  '013.2667': ['0.937', '0.326', '0.000', '0.85145', '-0.52444', '0.00000', '0.52444',
    '0.85145', '0.00000', '0.00000', '0.00000', '1.00000']
  '013.3333': ['0.947', '0.332', '0.000', '0.85178', '-0.52390', '0.00000', '0.52390',
    '0.85178', '0.00000', '0.00000', '0.00000', '1.00000']
  '013.4000': ['0.957', '0.338', '0.000', '0.85212', '-0.52335', '0.00000', '0.52335',
    '0.85212', '0.00000', '0.00000', '0.00000', '1.00000']
  '013.4667': ['0.967', '0.344', '0.000', '0.85245', '-0.52281', '0.00000', '0.52281',
    '0.85245', '0.00000', '0.00000', '0.00000', '1.00000']
  '013.5333': ['0.977', '0.350', '0.000', '0.85337', '-0.52130', '0.00000', '0.52130',
    '0.85337', '0.00000', '0.00000', '0.00000', '1.00000']
  '013.6000': ['0.987', '0.356', '0.000', '0.85248', '-0.52276', '0.00000', '0.52276',
    '0.85248', '0.00000', '0.00000', '0.00000', '1.00000']
  '013.6667': ['0.997', '0.362', '0.000', '0.85134', '-0.52462', '0.00000', '0.52462',
    '0.85134', '0.00000', '0.00000', '0.00000', '1.00000']
  '013.7333': ['1.006', '0.368', '0.000', '0.85019', '-0.52647', '0.00000', '0.52647',
    '0.85019', '0.00000', '0.00000', '0.00000', '1.00000']
  '013.8000': ['1.016', '0.375', '0.000', '0.84588', '-0.53337', '0.00000', '0.53337',
    '0.84588', '0.00000', '0.00000', '0.00000', '1.00000']
  '013.8667': ['1.026', '0.381', '0.000', '0.84131', '-0.54056', '0.00000', '0.54056',
    '0.84131', '0.00000', '0.00000', '0.00000', '1.00000']
  '013.9333': ['1.036', '0.387', '0.000', '0.84026', '-0.54218', '0.00000', '0.54218',
    '0.84026', '0.00000', '0.00000', '0.00000', '1.00000']
  '014.0000': ['1.046', '0.393', '0.000', '0.84397', '-0.53640', '0.00000', '0.53640',
    '0.84397', '0.00000', '0.00000', '0.00000', '1.00000']
  '014.0667': ['1.055', '0.400', '0.000', '0.84326', '-0.53751', '0.00000', '0.53751',
    '0.84326', '0.00000', '0.00000', '0.00000', '1.00000']
  '014.1333': ['1.065', '0.406', '0.000', '0.84185', '-0.53972', '0.00000', '0.53972',
    '0.84185', '0.00000', '0.00000', '0.00000', '1.00000']
  '014.2000': ['1.075', '0.412', '0.000', '0.84019', '-0.54230', '0.00000', '0.54230',
    '0.84019', '0.00000', '0.00000', '0.00000', '1.00000']
  '014.2667': ['1.085', '0.418', '0.000', '0.83452', '-0.55098', '0.00000', '0.55098',
    '0.83452', '0.00000', '0.00000', '0.00000', '1.00000']
  '014.3333': ['1.094', '0.425', '0.000', '0.83155', '-0.55546', '0.00000', '0.55546',
    '0.83155', '0.00000', '0.00000', '0.00000', '1.00000']
  '014.4000': ['1.104', '0.431', '0.000', '0.83310', '-0.55312', '0.00000', '0.55312',
    '0.83310', '0.00000', '0.00000', '0.00000', '1.00000']
  '014.4667': ['1.114', '0.438', '0.000', '0.83437', '-0.55120', '0.00000', '0.55120',
    '0.83437', '0.00000', '0.00000', '0.00000', '1.00000']
  '014.5333': ['1.123', '0.444', '0.000', '0.83341', '-0.55266', '0.00000', '0.55266',
    '0.83341', '0.00000', '0.00000', '0.00000', '1.00000']
  '014.6000': ['1.133', '0.450', '0.000', '0.83864', '-0.54468', '0.00000', '0.54468',
    '0.83864', '0.00000', '0.00000', '0.00000', '1.00000']
  '014.6667': ['1.143', '0.457', '0.000', '0.85496', '-0.51869', '0.00000', '0.51869',
    '0.85496', '0.00000', '0.00000', '0.00000', '1.00000']
  '014.7333': ['1.153', '0.463', '0.000', '0.86920', '-0.49447', '0.00000', '0.49447',
    '0.86920', '0.00000', '0.00000', '0.00000', '1.00000']
  '014.8000': ['1.163', '0.468', '0.000', '0.87861', '-0.47755', '0.00000', '0.47755',
    '0.87861', '0.00000', '0.00000', '0.00000', '1.00000']
  '014.8667': ['1.173', '0.474', '0.000', '0.88996', '-0.45603', '0.00000', '0.45603',
    '0.88996', '0.00000', '0.00000', '0.00000', '1.00000']
  '014.9333': ['1.183', '0.479', '0.000', '0.89909', '-0.43777', '0.00000', '0.43777',
    '0.89909', '0.00000', '0.00000', '0.00000', '1.00000']
  '015.0000': ['1.194', '0.484', '0.000', '0.90974', '-0.41517', '0.00000', '0.41517',
    '0.90974', '0.00000', '0.00000', '0.00000', '1.00000']
  '015.0667': ['1.204', '0.489', '0.000', '0.91095', '-0.41253', '0.00000', '0.41253',
    '0.91095', '0.00000', '0.00000', '0.00000', '1.00000']
  '015.1333': ['1.215', '0.494', '0.000', '0.91097', '-0.41247', '0.00000', '0.41247',
    '0.91097', '0.00000', '0.00000', '0.00000', '1.00000']
  '015.2000': ['1.226', '0.499', '0.000', '0.91399', '-0.40573', '0.00000', '0.40573',
    '0.91399', '0.00000', '0.00000', '0.00000', '1.00000']
  '015.2667': ['1.236', '0.504', '0.000', '0.91719', '-0.39845', '0.00000', '0.39845',
    '0.91719', '0.00000', '0.00000', '0.00000', '1.00000']
  '015.3333': ['1.247', '0.508', '0.000', '0.91534', '-0.40268', '0.00000', '0.40268',
    '0.91534', '0.00000', '0.00000', '0.00000', '1.00000']
  '015.4000': ['1.257', '0.513', '0.000', '0.91316', '-0.40760', '0.00000', '0.40760',
    '0.91316', '0.00000', '0.00000', '0.00000', '1.00000']
  '015.4667': ['1.268', '0.517', '0.000', '0.91128', '-0.41180', '0.00000', '0.41180',
    '0.91128', '0.00000', '0.00000', '0.00000', '1.00000']
  '015.5333': ['1.279', '0.522', '0.000', '0.90938', '-0.41596', '0.00000', '0.41596',
    '0.90938', '0.00000', '0.00000', '0.00000', '1.00000']
  '015.6000': ['1.289', '0.527', '0.000', '0.90495', '-0.42551', '0.00000', '0.42551',
    '0.90495', '0.00000', '0.00000', '0.00000', '1.00000']
  '015.6667': ['1.300', '0.532', '0.000', '0.89962', '-0.43667', '0.00000', '0.43667',
    '0.89962', '0.00000', '0.00000', '0.00000', '1.00000']
  '015.7333': ['1.310', '0.537', '0.000', '0.89865', '-0.43866', '0.00000', '0.43866',
    '0.89865', '0.00000', '0.00000', '0.00000', '1.00000']
  '015.8000': ['1.321', '0.542', '0.000', '0.89606', '-0.44393', '0.00000', '0.44393',
    '0.89606', '0.00000', '0.00000', '0.00000', '1.00000']
  '015.8667': ['1.331', '0.547', '0.000', '0.89088', '-0.45423', '0.00000', '0.45423',
    '0.89088', '0.00000', '0.00000', '0.00000', '1.00000']
  '015.9333': ['1.341', '0.552', '0.000', '0.88567', '-0.46432', '0.00000', '0.46432',
    '0.88567', '0.00000', '0.00000', '0.00000', '1.00000']
  '016.0000': ['1.352', '0.558', '0.000', '0.88205', '-0.47116', '0.00000', '0.47116',
    '0.88205', '0.00000', '0.00000', '0.00000', '1.00000']
  '016.0667': ['1.362', '0.563', '0.000', '0.87620', '-0.48195', '0.00000', '0.48195',
    '0.87620', '0.00000', '0.00000', '0.00000', '1.00000']
  '016.1333': ['1.372', '0.569', '0.000', '0.86963', '-0.49371', '0.00000', '0.49371',
    '0.86963', '0.00000', '0.00000', '0.00000', '1.00000']
  '016.2000': ['1.382', '0.575', '0.000', '0.84120', '-0.54072', '0.00000', '0.54072',
    '0.84120', '0.00000', '0.00000', '0.00000', '1.00000']
  '016.2667': ['1.392', '0.581', '0.000', '0.79241', '-0.60999', '0.00000', '0.60999',
    '0.79241', '0.00000', '0.00000', '0.00000', '1.00000']
  '016.3333': ['1.401', '0.588', '0.000', '0.73752', '-0.67532', '0.00000', '0.67532',
    '0.73752', '0.00000', '0.00000', '0.00000', '1.00000']
  '016.4000': ['1.410', '0.596', '0.000', '0.67735', '-0.73566', '0.00000', '0.73566',
    '0.67735', '0.00000', '0.00000', '0.00000', '1.00000']
  '016.4667': ['1.418', '0.604', '0.000', '0.60522', '-0.79606', '0.00000', '0.79606',
    '0.60522', '0.00000', '0.00000', '0.00000', '1.00000']
  '016.5333': ['1.425', '0.614', '0.000', '0.52762', '-0.84948', '0.00000', '0.84948',
    '0.52762', '0.00000', '0.00000', '0.00000', '1.00000']
  '016.6000': ['1.431', '0.623', '0.000', '0.44533', '-0.89536', '0.00000', '0.89536',
    '0.44533', '0.00000', '0.00000', '0.00000', '1.00000']
  '016.6667': ['1.436', '0.634', '0.000', '0.36522', '-0.93092', '0.00000', '0.93092',
    '0.36522', '0.00000', '0.00000', '0.00000', '1.00000']
  '016.7333': ['1.440', '0.645', '0.000', '0.29433', '-0.95570', '0.00000', '0.95570',
    '0.29433', '0.00000', '0.00000', '0.00000', '1.00000']
  '016.8000': ['1.443', '0.656', '0.000', '0.22165', '-0.97513', '0.00000', '0.97513',
    '0.22165', '0.00000', '0.00000', '0.00000', '1.00000']
  '016.8667': ['1.445', '0.667', '0.000', '0.15837', '-0.98738', '0.00000', '0.98738',
    '0.15837', '0.00000', '0.00000', '0.00000', '1.00000']
  '016.9333': ['1.447', '0.679', '0.000', '0.09764', '-0.99522', '0.00000', '0.99522',
    '0.09764', '0.00000', '0.00000', '0.00000', '1.00000']
  '017.0000': ['1.448', '0.690', '0.000', '0.03615', '-0.99935', '0.00000', '0.99935',
    '0.03615', '0.00000', '0.00000', '0.00000', '1.00000']
  '017.0667': ['1.448', '0.702', '0.000', '-0.00945', '-0.99996', '0.00000', '0.99996',
    '-0.00945', '0.00000', '0.00000', '0.00000', '1.00000']
  '017.1333': ['1.448', '0.713', '0.000', '-0.10077', '-0.99491', '0.00000', '0.99491',
    '-0.10077', '0.00000', '0.00000', '0.00000', '1.00000']
  '017.2000': ['1.447', '0.725', '0.000', '-0.18044', '-0.98359', '0.00000', '0.98359',
    '-0.18044', '0.00000', '0.00000', '0.00000', '1.00000']
  '017.2667': ['1.446', '0.736', '0.000', '-0.26871', '-0.96322', '0.00000', '0.96322',
    '-0.26871', '0.00000', '0.00000', '0.00000', '1.00000']
  '017.3333': ['1.443', '0.748', '0.000', '-0.35816', '-0.93366', '0.00000', '0.93366',
    '-0.35816', '0.00000', '0.00000', '0.00000', '1.00000']
  '017.4000': ['1.439', '0.759', '0.000', '-0.44443', '-0.89581', '0.00000', '0.89581',
    '-0.44443', '0.00000', '0.00000', '0.00000', '1.00000']
  '017.4667': ['1.434', '0.769', '0.000', '-0.52246', '-0.85266', '0.00000', '0.85266',
    '-0.52246', '0.00000', '0.00000', '0.00000', '1.00000']
  '017.5333': ['1.427', '0.779', '0.000', '-0.59017', '-0.80728', '0.00000', '0.80728',
    '-0.59017', '0.00000', '0.00000', '0.00000', '1.00000']
  '017.6000': ['1.421', '0.788', '0.000', '-0.64918', '-0.76063', '0.00000', '0.76063',
    '-0.64918', '0.00000', '0.00000', '0.00000', '1.00000']
  '017.6666': ['1.413', '0.797', '0.000', '-0.70143', '-0.71274', '0.00000', '0.71274',
    '-0.70143', '0.00000', '0.00000', '0.00000', '1.00000']
  '017.7333': ['1.405', '0.805', '0.000', '-0.74069', '-0.67184', '0.00000', '0.67184',
    '-0.74069', '0.00000', '0.00000', '0.00000', '1.00000']
  '017.8000': ['1.396', '0.813', '0.000', '-0.77262', '-0.63487', '0.00000', '0.63487',
    '-0.77262', '0.00000', '0.00000', '0.00000', '1.00000']
  '017.8666': ['1.387', '0.820', '0.000', '-0.80286', '-0.59617', '0.00000', '0.59617',
    '-0.80286', '0.00000', '0.00000', '0.00000', '1.00000']
  '017.9333': ['1.378', '0.827', '0.000', '-0.83351', '-0.55250', '0.00000', '0.55250',
    '-0.83351', '0.00000', '0.00000', '0.00000', '1.00000']
  '018.0000': ['1.368', '0.834', '0.000', '-0.85247', '-0.52278', '0.00000', '0.52278',
    '-0.85247', '0.00000', '0.00000', '0.00000', '1.00000']
  '018.0666': ['1.358', '0.840', '0.000', '-0.86684', '-0.49858', '0.00000', '0.49858',
    '-0.86684', '0.00000', '0.00000', '0.00000', '1.00000']
