begin_time_stamp: 1589789410.399997
data_header:
  time_stamp: [x, y, z, R11, R12, R13, R21, R22, R23, R31, R32, R33]
trajectory_data:
  '000.0000': ['1.309', '0.263', '0.080', '0.98897', '-0.14808', '-0.00044', '0.14808',
    '0.98897', '-0.00023', '0.00047', '0.00016', '1.00000']
  '000.0667': ['1.318', '0.263', '0.080', '0.99029', '-0.13899', '-0.00047', '0.13899',
    '0.99029', '-0.00020', '0.00049', '0.00013', '1.00000']
  '000.1333': ['1.328', '0.265', '0.080', '0.99251', '-0.12219', '-0.00045', '0.12219',
    '0.99251', '-0.00021', '0.00047', '0.00015', '1.00000']
  '000.2000': ['1.336', '0.266', '0.080', '0.99412', '-0.10830', '-0.00044', '0.10830',
    '0.99412', '-0.00023', '0.00046', '0.00018', '1.00000']
  '000.2667': ['1.344', '0.267', '0.080', '0.99568', '-0.09290', '-0.00044', '0.09290',
    '0.99568', '-0.00024', '0.00046', '0.00020', '1.00000']
  '000.3333': ['1.353', '0.268', '0.080', '0.99673', '-0.08079', '-0.00044', '0.08079',
    '0.99673', '-0.00026', '0.00046', '0.00023', '1.00000']
  '000.4000': ['1.360', '0.269', '0.080', '0.99782', '-0.06595', '-0.00043', '0.06595',
    '0.99782', '-0.00027', '0.00045', '0.00024', '1.00000']
  '000.4667': ['1.366', '0.268', '0.080', '0.99842', '-0.05626', '-0.00041', '0.05626',
    '0.99842', '-0.00026', '0.00042', '0.00024', '1.00000']
  '000.5333': ['1.373', '0.268', '0.080', '0.99905', '-0.04354', '-0.00042', '0.04354',
    '0.99905', '-0.00025', '0.00043', '0.00023', '1.00000']
  '000.6000': ['1.382', '0.269', '0.080', '0.99956', '-0.02958', '-0.00042', '0.02958',
    '0.99956', '-0.00024', '0.00042', '0.00023', '1.00000']
  '000.6667': ['1.388', '0.268', '0.080', '0.99984', '-0.01808', '-0.00040', '0.01808',
    '0.99984', '-0.00022', '0.00040', '0.00021', '1.00000']
  '000.7333': ['1.397', '0.269', '0.080', '0.99998', '-0.00616', '-0.00040', '0.00616',
    '0.99998', '-0.00023', '0.00040', '0.00023', '1.00000']
  '000.8000': ['1.404', '0.268', '0.080', '0.99999', '0.00425', '-0.00039', '-0.00425',
    '0.99999', '-0.00024', '0.00039', '0.00024', '1.00000']
  '000.8667': ['1.412', '0.269', '0.080', '0.99991', '0.01319', '-0.00039', '-0.01319',
    '0.99991', '-0.00025', '0.00038', '0.00026', '1.00000']
  '000.9333': ['1.418', '0.268', '0.080', '0.99968', '0.02512', '-0.00035', '-0.02512',
    '0.99968', '-0.00024', '0.00035', '0.00025', '1.00000']
  '001.0000': ['1.426', '0.268', '0.080', '0.99949', '0.03179', '-0.00036', '-0.03179',
    '0.99949', '-0.00025', '0.00035', '0.00026', '1.00000']
  '001.0667': ['1.435', '0.268', '0.080', '0.99930', '0.03735', '-0.00038', '-0.03735',
    '0.99930', '-0.00025', '0.00037', '0.00027', '1.00000']
  '001.1333': ['1.442', '0.268', '0.080', '0.99861', '0.05276', '-0.00036', '-0.05276',
    '0.99861', '-0.00027', '0.00034', '0.00029', '1.00000']
  '001.2000': ['1.450', '0.269', '0.080', '0.99801', '0.06304', '-0.00036', '-0.06304',
    '0.99801', '-0.00029', '0.00034', '0.00031', '1.00000']
  '001.2667': ['1.456', '0.267', '0.080', '0.99660', '0.08236', '-0.00035', '-0.08236',
    '0.99660', '-0.00029', '0.00033', '0.00032', '1.00000']
  '001.3333': ['1.465', '0.267', '0.080', '0.99587', '0.09080', '-0.00034', '-0.09080',
    '0.99587', '-0.00032', '0.00031', '0.00035', '1.00000']
  '001.4000': ['1.473', '0.267', '0.080', '0.99477', '0.10214', '-0.00033', '-0.10214',
    '0.99477', '-0.00034', '0.00030', '0.00038', '1.00000']
  '001.4667': ['1.481', '0.265', '0.080', '0.99375', '0.11162', '-0.00035', '-0.11162',
    '0.99375', '-0.00030', '0.00031', '0.00034', '1.00000']
  '001.5333': ['1.489', '0.264', '0.080', '0.99160', '0.12934', '-0.00035', '-0.12934',
    '0.99160', '-0.00032', '0.00030', '0.00036', '1.00000']
  '001.6000': ['1.497', '0.261', '0.080', '0.98870', '0.14994', '-0.00032', '-0.14994',
    '0.98870', '-0.00029', '0.00027', '0.00033', '1.00000']
  '001.6667': ['1.505', '0.258', '0.080', '0.98572', '0.16841', '-0.00031', '-0.16841',
    '0.98572', '-0.00028', '0.00026', '0.00032', '1.00000']
  '001.7333': ['1.515', '0.256', '0.080', '0.98175', '0.19017', '-0.00030', '-0.19017',
    '0.98175', '-0.00028', '0.00024', '0.00033', '1.00000']
  '001.8000': ['1.524', '0.254', '0.080', '0.97730', '0.21188', '-0.00026', '-0.21188',
    '0.97730', '-0.00029', '0.00020', '0.00033', '1.00000']
  '001.8667': ['1.533', '0.252', '0.080', '0.97209', '0.23462', '-0.00025', '-0.23462',
    '0.97209', '-0.00028', '0.00018', '0.00033', '1.00000']
  '001.9333': ['1.543', '0.248', '0.080', '0.96515', '0.26168', '-0.00025', '-0.26168',
    '0.96515', '-0.00027', '0.00017', '0.00032', '1.00000']
  '002.0000': ['1.553', '0.245', '0.080', '0.95982', '0.28062', '-0.00026', '-0.28062',
    '0.95982', '-0.00027', '0.00018', '0.00033', '1.00000']
  '002.0667': ['1.562', '0.241', '0.080', '0.95614', '0.29290', '-0.00021', '-0.29290',
    '0.95614', '-0.00027', '0.00013', '0.00032', '1.00000']
  '002.1333': ['1.574', '0.238', '0.080', '0.95510', '0.29630', '-0.00021', '-0.29630',
    '0.95510', '-0.00028', '0.00012', '0.00033', '1.00000']
  '002.2000': ['1.583', '0.233', '0.080', '0.95482', '0.29718', '-0.00022', '-0.29718',
    '0.95482', '-0.00026', '0.00013', '0.00031', '1.00000']
  '002.2667': ['1.595', '0.231', '0.080', '0.95477', '0.29733', '-0.00023', '-0.29733',
    '0.95477', '-0.00026', '0.00014', '0.00031', '1.00000']
  '002.3333': ['1.605', '0.226', '0.080', '0.95414', '0.29935', '-0.00021', '-0.29935',
    '0.95414', '-0.00022', '0.00013', '0.00027', '1.00000']
  '002.4000': ['1.615', '0.222', '0.080', '0.95324', '0.30223', '-0.00019', '-0.30223',
    '0.95324', '-0.00022', '0.00011', '0.00027', '1.00000']
  '002.4667': ['1.626', '0.219', '0.080', '0.95497', '0.29669', '-0.00016', '-0.29669',
    '0.95497', '-0.00022', '0.00009', '0.00026', '1.00000']
  '002.5333': ['1.636', '0.216', '0.080', '0.95970', '0.28102', '-0.00014', '-0.28102',
    '0.95970', '-0.00022', '0.00007', '0.00025', '1.00000']
  '002.6000': ['1.648', '0.214', '0.080', '0.96346', '0.26785', '-0.00014', '-0.26785',
    '0.96346', '-0.00023', '0.00007', '0.00026', '1.00000']
  '002.6667': ['1.659', '0.208', '0.080', '0.96728', '0.25373', '-0.00014', '-0.25373',
    '0.96728', '-0.00020', '0.00009', '0.00023', '1.00000']
  '002.7333': ['1.670', '0.206', '0.080', '0.96700', '0.25478', '-0.00008', '-0.25478',
    '0.96700', '-0.00023', '0.00002', '0.00025', '1.00000']
  '002.8000': ['1.682', '0.200', '0.080', '0.96727', '0.25375', '-0.00010', '-0.25375',
    '0.96727', '-0.00018', '0.00005', '0.00020', '1.00000']
  '002.8667': ['1.696', '0.199', '0.080', '0.96700', '0.25479', '-0.00010', '-0.25479',
    '0.96700', '-0.00019', '0.00005', '0.00021', '1.00000']
  '002.9333': ['1.708', '0.197', '0.080', '0.96787', '0.25146', '-0.00009', '-0.25146',
    '0.96787', '-0.00019', '0.00004', '0.00020', '1.00000']
  '003.0000': ['1.719', '0.195', '0.080', '0.97226', '0.23389', '-0.00010', '-0.23389',
    '0.97226', '-0.00019', '0.00005', '0.00021', '1.00000']
  '003.0667': ['1.731', '0.192', '0.080', '0.97894', '0.20417', '-0.00013', '-0.20417',
    '0.97894', '-0.00018', '0.00009', '0.00020', '1.00000']
  '003.1333': ['1.743', '0.188', '0.080', '0.98603', '0.16660', '-0.00009', '-0.16660',
    '0.98603', '-0.00013', '0.00007', '0.00014', '1.00000']
  '003.2000': ['1.757', '0.186', '0.080', '0.99165', '0.12894', '-0.00006', '-0.12894',
    '0.99165', '-0.00010', '0.00005', '0.00011', '1.00000']
  '003.2667': ['1.772', '0.187', '0.080', '0.99638', '0.08506', '-0.00004', '-0.08506',
    '0.99638', '-0.00010', '0.00003', '0.00010', '1.00000']
  '003.3333': ['1.787', '0.177', '0.080', '0.99923', '0.03926', '0.00011', '-0.03926',
    '0.99923', '0.00009', '-0.00011', '-0.00009', '1.00000']
  '003.4000': ['1.806', '0.179', '0.080', '1.00000', '0.00064', '0.00034', '-0.00064',
    '1.00000', '0.00003', '-0.00034', '-0.00003', '1.00000']
  '003.4667': ['1.822', '0.187', '0.080', '0.99749', '-0.07082', '0.00034', '0.07082',
    '0.99749', '0.00002', '-0.00034', '0.00001', '1.00000']
  '003.5333': ['1.836', '0.191', '0.080', '0.98986', '-0.14202', '0.00034', '0.14202',
    '0.98986', '0.00003', '-0.00035', '0.00001', '1.00000']
  '003.6000': ['1.849', '0.200', '0.080', '0.97562', '-0.21945', '0.00026', '0.21945',
    '0.97562', '-0.00002', '-0.00025', '0.00008', '1.00000']
  '003.6667': ['1.856', '0.204', '0.080', '0.94012', '-0.34084', '0.00001', '0.34084',
    '0.94012', '-0.00015', '0.00004', '0.00015', '1.00000']
  '003.7333': ['1.864', '0.203', '0.080', '0.87378', '-0.48632', '-0.00002', '0.48632',
    '0.87378', '-0.00006', '0.00005', '0.00005', '1.00000']
  '003.8000': ['1.872', '0.208', '0.080', '0.80247', '-0.59669', '0.00001', '0.59669',
    '0.80247', '-0.00012', '0.00006', '0.00010', '1.00000']
  '003.8667': ['1.878', '0.213', '0.080', '0.75140', '-0.65985', '0.00004', '0.65985',
    '0.75140', '-0.00017', '0.00009', '0.00015', '1.00000']
  '003.9333': ['1.880', '0.217', '0.080', '0.75211', '-0.65904', '0.00001', '0.65904',
    '0.75211', '-0.00020', '0.00013', '0.00016', '1.00000']
  '004.0000': ['1.883', '0.220', '0.080', '0.78871', '-0.61477', '-0.00005', '0.61477',
    '0.78871', '-0.00022', '0.00017', '0.00014', '1.00000']
  '004.0667': ['1.887', '0.223', '0.080', '0.83594', '-0.54881', '-0.00008', '0.54881',
    '0.83594', '-0.00012', '0.00013', '0.00006', '1.00000']
  '004.1333': ['1.894', '0.229', '0.080', '0.88588', '-0.46391', '-0.00021', '0.46391',
    '0.88588', '0.00011', '0.00013', '-0.00019', '1.00000']
  '004.2000': ['1.901', '0.234', '0.080', '0.92460', '-0.38094', '-0.00024', '0.38094',
    '0.92460', '0.00015', '0.00016', '-0.00023', '1.00000']
  '011.2667': ['1.365', '0.977', '0.080', '-0.99883', '-0.04845', '0.00047', '0.04845',
    '-0.99883', '-0.00007', '0.00048', '-0.00005', '1.00000']
  '011.3333': ['1.365', '0.984', '0.080', '-0.99687', '-0.07912', '0.00038', '0.07912',
    '-0.99687', '-0.00011', '0.00039', '-0.00008', '1.00000']
  '011.4000': ['1.356', '0.990', '0.080', '-0.99647', '-0.08398', '0.00043', '0.08397',
    '-0.99647', '-0.00005', '0.00043', '-0.00001', '1.00000']
  '011.4667': ['1.342', '0.996', '0.080', '-0.99997', '-0.00756', '0.00052', '0.00756',
    '-0.99997', '-0.00012', '0.00052', '-0.00012', '1.00000']
  '011.5333': ['1.348', '0.992', '0.080', '-0.99982', '-0.01900', '0.00047', '0.01900',
    '-0.99982', '0.00001', '0.00047', '0.00002', '1.00000']
  '011.6000': ['1.343', '0.993', '0.080', '-0.99977', '-0.02160', '0.00048', '0.02160',
    '-0.99977', '-0.00002', '0.00048', '-0.00001', '1.00000']
  '011.6667': ['1.342', '0.990', '0.080', '-0.99958', '-0.02914', '0.00049', '0.02914',
    '-0.99958', '0.00004', '0.00049', '0.00006', '1.00000']
  '011.7333': ['1.339', '0.986', '0.080', '-0.99997', '-0.00799', '0.00052', '0.00799',
    '-0.99997', '0.00011', '0.00052', '0.00012', '1.00000']
  '011.8000': ['1.340', '0.982', '0.080', '-0.99999', '-0.00383', '0.00049', '0.00383',
    '-0.99999', '0.00012', '0.00049', '0.00012', '1.00000']
  '011.8667': ['1.344', '0.976', '0.080', '-0.99998', '-0.00697', '0.00044', '0.00697',
    '-0.99998', '0.00018', '0.00044', '0.00019', '1.00000']
  '011.9333': ['1.342', '0.975', '0.080', '-0.99990', '-0.01435', '0.00038', '0.01435',
    '-0.99990', '0.00016', '0.00038', '0.00016', '1.00000']
  '012.0000': ['1.330', '0.978', '0.080', '-1.00000', '-0.00029', '0.00040', '0.00029',
    '-1.00000', '0.00011', '0.00040', '0.00011', '1.00000']
  '012.0667': ['1.323', '0.979', '0.080', '-0.99988', '0.01532', '0.00038', '-0.01532',
    '-0.99988', '0.00011', '0.00038', '0.00010', '1.00000']
  '012.1333': ['1.304', '0.984', '0.080', '-0.99866', '0.05173', '0.00038', '-0.05173',
    '-0.99866', '-0.00011', '0.00038', '-0.00013', '1.00000']
  '012.2000': ['1.290', '0.985', '0.080', '-0.99837', '0.05714', '0.00038', '-0.05714',
    '-0.99837', '-0.00016', '0.00037', '-0.00018', '1.00000']
  '012.2667': ['1.277', '0.985', '0.080', '-0.99606', '0.08873', '0.00036', '-0.08873',
    '-0.99606', '-0.00017', '0.00035', '-0.00021', '1.00000']
  '012.3333': ['1.268', '0.982', '0.080', '-0.99147', '0.13030', '0.00034', '-0.13030',
    '-0.99147', '-0.00016', '0.00032', '-0.00021', '1.00000']
  '012.4000': ['1.258', '0.979', '0.080', '-0.98611', '0.16611', '0.00028', '-0.16611',
    '-0.98611', '-0.00017', '0.00025', '-0.00021', '1.00000']
  '012.4667': ['1.248', '0.977', '0.080', '-0.98237', '0.18693', '0.00029', '-0.18693',
    '-0.98237', '-0.00018', '0.00025', '-0.00024', '1.00000']
  '012.5333': ['1.237', '0.974', '0.080', '-0.98245', '0.18652', '0.00028', '-0.18652',
    '-0.98245', '-0.00018', '0.00024', '-0.00023', '1.00000']
  '012.6000': ['1.225', '0.973', '0.080', '-0.98085', '0.19477', '0.00029', '-0.19477',
    '-0.98085', '-0.00019', '0.00025', '-0.00024', '1.00000']
  '012.6667': ['1.214', '0.970', '0.080', '-0.98023', '0.19785', '0.00028', '-0.19785',
    '-0.98023', '-0.00018', '0.00024', '-0.00023', '1.00000']
  '012.7333': ['1.204', '0.968', '0.080', '-0.97984', '0.19978', '0.00027', '-0.19978',
    '-0.97984', '-0.00020', '0.00023', '-0.00025', '1.00000']
  '012.8000': ['1.194', '0.966', '0.080', '-0.98085', '0.19475', '0.00027', '-0.19475',
    '-0.98085', '-0.00017', '0.00023', '-0.00022', '1.00000']
  '012.8667': ['1.187', '0.963', '0.080', '-0.98184', '0.18973', '0.00025', '-0.18973',
    '-0.98184', '-0.00017', '0.00022', '-0.00022', '1.00000']
  '012.9333': ['1.179', '0.960', '0.080', '-0.98377', '0.17941', '0.00021', '-0.17941',
    '-0.98377', '-0.00015', '0.00018', '-0.00019', '1.00000']
  '013.0000': ['1.164', '0.961', '0.080', '-0.98423', '0.17690', '0.00027', '-0.17690',
    '-0.98423', '-0.00019', '0.00024', '-0.00024', '1.00000']
  '013.0667': ['1.152', '0.959', '0.080', '-0.98603', '0.16659', '0.00028', '-0.16659',
    '-0.98603', '-0.00013', '0.00026', '-0.00017', '1.00000']
  '013.1333': ['1.140', '0.959', '0.080', '-0.98711', '0.16002', '0.00031', '-0.16002',
    '-0.98711', '-0.00015', '0.00028', '-0.00020', '1.00000']
  '013.2000': ['1.129', '0.956', '0.080', '-0.98945', '0.14487', '0.00027', '-0.14487',
    '-0.98945', '-0.00013', '0.00025', '-0.00017', '1.00000']
  '013.2667': ['1.118', '0.955', '0.080', '-0.99164', '0.12900', '0.00026', '-0.12900',
    '-0.99164', '-0.00011', '0.00024', '-0.00014', '1.00000']
  '013.3333': ['1.106', '0.953', '0.080', '-0.99403', '0.10910', '0.00026', '-0.10910',
    '-0.99403', '-0.00013', '0.00024', '-0.00015', '1.00000']
  '013.4000': ['1.092', '0.953', '0.080', '-0.99520', '0.09781', '0.00027', '-0.09781',
    '-0.99520', '-0.00013', '0.00025', '-0.00016', '1.00000']
  '013.4667': ['1.082', '0.952', '0.080', '-0.99432', '0.10646', '0.00022', '-0.10646',
    '-0.99432', '-0.00010', '0.00021', '-0.00012', '1.00000']
  '013.5333': ['1.068', '0.952', '0.080', '-0.99389', '0.11037', '0.00022', '-0.11037',
    '-0.99389', '-0.00014', '0.00020', '-0.00016', '1.00000']
  '013.6000': ['1.058', '0.949', '0.080', '-0.99477', '0.10209', '0.00016', '-0.10209',
    '-0.99477', '-0.00013', '0.00015', '-0.00014', '1.00000']
  '013.6667': ['1.046', '0.948', '0.080', '-0.99621', '0.08698', '0.00013', '-0.08698',
    '-0.99621', '-0.00015', '0.00012', '-0.00016', '1.00000']
  '013.7333': ['1.034', '0.946', '0.080', '-0.99736', '0.07264', '0.00010', '-0.07264',
    '-0.99736', '-0.00014', '0.00009', '-0.00015', '1.00000']
  '013.8000': ['1.021', '0.947', '0.080', '-0.99884', '0.04810', '0.00011', '-0.04810',
    '-0.99884', '-0.00014', '0.00011', '-0.00014', '1.00000']
  '013.8667': ['1.009', '0.946', '0.080', '-0.99952', '0.03107', '0.00006', '-0.03107',
    '-0.99952', '-0.00010', '0.00006', '-0.00010', '1.00000']
  '013.9333': ['0.994', '0.947', '0.080', '-1.00000', '0.00039', '0.00008', '-0.00039',
    '-1.00000', '-0.00011', '0.00008', '-0.00011', '1.00000']
  '014.0000': ['0.979', '0.951', '0.080', '-0.99985', '-0.01759', '0.00012', '0.01759',
    '-0.99985', '-0.00020', '0.00013', '-0.00020', '1.00000']
  '014.0667': ['0.968', '0.951', '0.080', '-0.99870', '-0.05089', '0.00011', '0.05089',
    '-0.99870', '-0.00019', '0.00012', '-0.00018', '1.00000']
  '014.1333': ['0.955', '0.951', '0.080', '-0.99724', '-0.07422', '0.00004', '0.07422',
    '-0.99724', '-0.00015', '0.00006', '-0.00015', '1.00000']
  '014.2000': ['0.942', '0.954', '0.080', '-0.99445', '-0.10525', '0.00005', '0.10525',
    '-0.99445', '-0.00015', '0.00006', '-0.00015', '1.00000']
  '014.2667': ['0.930', '0.956', '0.080', '-0.98993', '-0.14153', '0.00003', '0.14153',
    '-0.98993', '-0.00013', '0.00005', '-0.00013', '1.00000']
  '014.3333': ['0.917', '0.959', '0.080', '-0.98519', '-0.17149', '0.00004', '0.17149',
    '-0.98519', '-0.00017', '0.00007', '-0.00016', '1.00000']
  '014.4000': ['0.906', '0.962', '0.080', '-0.98066', '-0.19572', '0.00002', '0.19572',
    '-0.98066', '-0.00015', '0.00005', '-0.00014', '1.00000']
  '014.4667': ['0.894', '0.965', '0.080', '-0.97390', '-0.22696', '0.00002', '0.22696',
    '-0.97390', '-0.00015', '0.00005', '-0.00014', '1.00000']
  '014.5333': ['0.882', '0.969', '0.080', '-0.96642', '-0.25696', '0.00003', '0.25696',
    '-0.96642', '-0.00016', '0.00007', '-0.00015', '1.00000']
  '014.6000': ['0.872', '0.972', '0.080', '-0.95873', '-0.28430', '0.00004', '0.28430',
    '-0.95873', '-0.00018', '0.00009', '-0.00016', '1.00000']
  '014.6667': ['0.859', '0.976', '0.080', '-0.94952', '-0.31371', '0.00001', '0.31371',
    '-0.94952', '-0.00016', '0.00006', '-0.00015', '1.00000']
  '014.7333': ['0.847', '0.982', '0.080', '-0.93929', '-0.34312', '0.00004', '0.34312',
    '-0.93929', '-0.00017', '0.00010', '-0.00014', '1.00000']
  '014.8000': ['0.836', '0.986', '0.080', '-0.93211', '-0.36216', '0.00004', '0.36216',
    '-0.93211', '-0.00016', '0.00009', '-0.00013', '1.00000']
  '014.8667': ['0.824', '0.991', '0.080', '-0.92661', '-0.37603', '0.00005', '0.37603',
    '-0.92661', '-0.00015', '0.00010', '-0.00013', '1.00000']
  '014.9333': ['0.813', '0.995', '0.080', '-0.92322', '-0.38427', '0.00004', '0.38427',
    '-0.92322', '-0.00017', '0.00011', '-0.00014', '1.00000']
  '015.0000': ['0.802', '0.999', '0.080', '-0.91924', '-0.39371', '0.00005', '0.39371',
    '-0.91924', '-0.00016', '0.00011', '-0.00013', '1.00000']
  '015.0667': ['0.789', '1.005', '0.080', '-0.91408', '-0.40553', '0.00006', '0.40553',
    '-0.91408', '-0.00017', '0.00012', '-0.00013', '1.00000']
  '015.1333': ['0.778', '1.010', '0.080', '-0.90983', '-0.41498', '0.00007', '0.41498',
    '-0.90983', '-0.00015', '0.00013', '-0.00011', '1.00000']
  '015.2000': ['0.766', '1.015', '0.080', '-0.90493', '-0.42556', '0.00007', '0.42556',
    '-0.90493', '-0.00017', '0.00013', '-0.00012', '1.00000']
  '015.2667': ['0.755', '1.019', '0.080', '-0.89752', '-0.44097', '0.00006', '0.44097',
    '-0.89752', '-0.00014', '0.00011', '-0.00010', '1.00000']
  '015.3333': ['0.743', '1.024', '0.080', '-0.88867', '-0.45854', '0.00006', '0.45854',
    '-0.88867', '-0.00011', '0.00010', '-0.00007', '1.00000']
  '015.4000': ['0.732', '1.030', '0.080', '-0.87824', '-0.47822', '0.00007', '0.47822',
    '-0.87824', '-0.00009', '0.00010', '-0.00004', '1.00000']
  '015.4667': ['0.720', '1.035', '0.080', '-0.87145', '-0.49048', '0.00009', '0.49048',
    '-0.87145', '-0.00004', '0.00010', '0.00001', '1.00000']
  '015.5333': ['0.710', '1.041', '0.080', '-0.86785', '-0.49683', '0.00006', '0.49683',
    '-0.86785', '-0.00002', '0.00007', '0.00001', '1.00000']
  '015.6000': ['0.700', '1.046', '0.080', '-0.86423', '-0.50310', '0.00006', '0.50310',
    '-0.86423', '0.00001', '0.00004', '0.00004', '1.00000']
  '015.6667': ['0.688', '1.051', '0.080', '-0.86073', '-0.50907', '0.00008', '0.50907',
    '-0.86073', '0.00006', '0.00004', '0.00009', '1.00000']
  '015.7333': ['0.677', '1.055', '0.080', '-0.86170', '-0.50741', '0.00005', '0.50741',
    '-0.86170', '0.00012', '-0.00002', '0.00013', '1.00000']
  '015.8000': ['0.667', '1.061', '0.080', '-0.86586', '-0.50029', '0.00002', '0.50029',
    '-0.86586', '0.00016', '-0.00006', '0.00014', '1.00000']
  '015.8667': ['0.657', '1.067', '0.080', '-0.87221', '-0.48914', '-0.00007', '0.48914',
    '-0.87221', '0.00020', '-0.00016', '0.00014', '1.00000']
  '015.9333': ['0.645', '1.072', '0.080', '-0.87818', '-0.47833', '-0.00006', '0.47833',
    '-0.87818', '0.00023', '-0.00016', '0.00018', '1.00000']
  '016.0000': ['0.633', '1.078', '0.080', '-0.88437', '-0.46678', '-0.00011', '0.46678',
    '-0.88437', '0.00025', '-0.00022', '0.00017', '1.00000']
  '016.0667': ['0.623', '1.085', '0.080', '-0.88924', '-0.45743', '-0.00018', '0.45743',
    '-0.88924', '0.00022', '-0.00027', '0.00011', '1.00000']
  '016.1333': ['0.612', '1.091', '0.080', '-0.89423', '-0.44760', '-0.00022', '0.44760',
    '-0.89423', '0.00021', '-0.00029', '0.00009', '1.00000']
  '016.2000': ['0.600', '1.096', '0.080', '-0.90048', '-0.43491', '-0.00026', '0.43491',
    '-0.90048', '0.00022', '-0.00033', '0.00009', '1.00000']
  '016.2667': ['0.588', '1.101', '0.080', '-0.90700', '-0.42114', '-0.00029', '0.42114',
    '-0.90700', '0.00025', '-0.00036', '0.00010', '1.00000']
  '016.3333': ['0.577', '1.107', '0.080', '-0.91081', '-0.41282', '-0.00033', '0.41282',
    '-0.91081', '0.00019', '-0.00038', '0.00004', '1.00000']
  '016.4000': ['0.565', '1.113', '0.080', '-0.91711', '-0.39864', '-0.00038', '0.39864',
    '-0.91711', '0.00018', '-0.00042', '0.00002', '1.00000']
  '016.4667': ['0.555', '1.119', '0.080', '-0.92563', '-0.37842', '-0.00041', '0.37842',
    '-0.92563', '0.00017', '-0.00044', '-0.00000', '1.00000']
  '016.5333': ['0.542', '1.124', '0.080', '-0.93155', '-0.36362', '-0.00040', '0.36362',
    '-0.93155', '0.00022', '-0.00046', '0.00006', '1.00000']
  '016.6000': ['0.532', '1.129', '0.080', '-0.94210', '-0.33533', '-0.00045', '0.33533',
    '-0.94210', '0.00022', '-0.00050', '0.00006', '1.00000']
  '016.6667': ['0.522', '1.135', '0.080', '-0.95073', '-0.31000', '-0.00050', '0.31000',
    '-0.95073', '0.00025', '-0.00056', '0.00008', '1.00000']
  '016.7333': ['0.508', '1.139', '0.080', '-0.96149', '-0.27484', '-0.00051', '0.27484',
    '-0.96149', '0.00023', '-0.00055', '0.00008', '1.00000']
  '016.8000': ['0.500', '1.141', '0.080', '-0.97300', '-0.23080', '-0.00057', '0.23080',
    '-0.97300', '0.00015', '-0.00059', '0.00002', '1.00000']
  '016.8667': ['0.491', '1.143', '0.080', '-0.97977', '-0.20013', '-0.00062', '0.20013',
    '-0.97977', '0.00014', '-0.00064', '0.00001', '1.00000']
  '025.6000': ['0.135', '0.364', '0.080', '0.86016', '0.51002', '0.00005', '-0.51002',
    '0.86016', '-0.00015', '-0.00012', '0.00010', '1.00000']
  '025.6666': ['0.144', '0.361', '0.080', '0.81018', '0.58618', '0.00015', '-0.58618',
    '0.81018', '-0.00025', '-0.00026', '0.00011', '1.00000']
  '025.7333': ['0.161', '0.352', '0.080', '0.75378', '0.65712', '0.00014', '-0.65712',
    '0.75378', '-0.00026', '-0.00028', '0.00011', '1.00000']
  '025.8000': ['0.177', '0.347', '0.080', '0.70582', '0.70839', '0.00013', '-0.70839',
    '0.70582', '-0.00028', '-0.00029', '0.00010', '1.00000']
  '025.8666': ['0.195', '0.341', '0.080', '0.65205', '0.75818', '0.00014', '-0.75818',
    '0.65205', '-0.00032', '-0.00033', '0.00010', '1.00000']
  '025.9333': ['0.216', '0.332', '0.080', '0.66003', '0.75124', '0.00013', '-0.75124',
    '0.66003', '-0.00029', '-0.00031', '0.00010', '1.00000']
  '026.0000': ['0.231', '0.337', '0.080', '0.70256', '0.71162', '0.00023', '-0.71162',
    '0.70256', '-0.00027', '-0.00035', '0.00003', '1.00000']
  '026.0666': ['0.236', '0.345', '0.080', '0.72018', '0.69379', '0.00038', '-0.69379',
    '0.72018', '-0.00026', '-0.00046', '-0.00008', '1.00000']
  '026.1333': ['0.239', '0.346', '0.080', '0.72915', '0.68436', '0.00040', '-0.68436',
    '0.72915', '-0.00030', '-0.00050', '-0.00006', '1.00000']
  '026.2000': ['0.244', '0.337', '0.080', '0.74720', '0.66460', '0.00027', '-0.66460',
    '0.74720', '-0.00032', '-0.00041', '0.00006', '1.00000']
  '026.2666': ['0.244', '0.332', '0.080', '0.77617', '0.63052', '0.00011', '-0.63052',
    '0.77617', '-0.00034', '-0.00030', '0.00019', '1.00000']
  '026.3333': ['0.244', '0.327', '0.080', '0.81105', '0.58498', '0.00006', '-0.58498',
    '0.81105', '-0.00037', '-0.00026', '0.00026', '1.00000']
  '026.4000': ['0.247', '0.320', '0.080', '0.83434', '0.55125', '0.00010', '-0.55125',
    '0.83434', '-0.00034', '-0.00027', '0.00022', '1.00000']
  '026.4666': ['0.253', '0.311', '0.080', '0.86184', '0.50718', '0.00016', '-0.50718',
    '0.86184', '-0.00029', '-0.00028', '0.00017', '1.00000']
  '026.5333': ['0.260', '0.297', '0.080', '0.88481', '0.46595', '0.00015', '-0.46595',
    '0.88481', '-0.00030', '-0.00027', '0.00019', '1.00000']
  '026.6000': ['0.263', '0.286', '0.080', '0.89540', '0.44526', '0.00009', '-0.44526',
    '0.89540', '-0.00030', '-0.00021', '0.00023', '1.00000']
  '026.6666': ['0.264', '0.275', '0.080', '0.89944', '0.43705', '0.00008', '-0.43705',
    '0.89944', '-0.00024', '-0.00018', '0.00019', '1.00000']
  '027.1333': ['0.346', '0.226', '0.080', '0.97820', '0.20768', '0.00009', '-0.20768',
    '0.97820', '-0.00008', '-0.00011', '0.00006', '1.00000']
  '027.2000': ['0.358', '0.222', '0.080', '0.98445', '0.17569', '0.00004', '-0.17569',
    '0.98445', '-0.00011', '-0.00006', '0.00010', '1.00000']
  '027.2666': ['0.370', '0.218', '0.080', '0.98793', '0.15492', '0.00005', '-0.15492',
    '0.98793', '-0.00019', '-0.00008', '0.00018', '1.00000']
  '027.3333': ['0.382', '0.213', '0.080', '0.99097', '0.13406', '0.00010', '-0.13406',
    '0.99097', '-0.00024', '-0.00013', '0.00023', '1.00000']
  '027.4000': ['0.398', '0.204', '0.080', '0.99471', '0.10275', '0.00015', '-0.10275',
    '0.99471', '-0.00022', '-0.00017', '0.00021', '1.00000']
  '027.4666': ['0.414', '0.198', '0.080', '0.99626', '0.08638', '0.00018', '-0.08638',
    '0.99626', '-0.00019', '-0.00020', '0.00017', '1.00000']
  '027.5333': ['0.429', '0.192', '0.080', '0.99807', '0.06204', '0.00004', '-0.06204',
    '0.99807', '-0.00022', '-0.00006', '0.00022', '1.00000']
  '027.6000': ['0.442', '0.191', '0.080', '0.99927', '0.03817', '-0.00010', '-0.03817',
    '0.99927', '-0.00025', '0.00009', '0.00026', '1.00000']
  '028.3333': ['0.592', '0.164', '0.080', '0.99746', '-0.07129', '-0.00006', '0.07129',
    '0.99746', '0.00029', '0.00004', '-0.00029', '1.00000']
  '028.4000': ['0.602', '0.167', '0.080', '0.99847', '-0.05522', '-0.00007', '0.05522',
    '0.99847', '0.00031', '0.00005', '-0.00031', '1.00000']
  '028.4666': ['0.611', '0.168', '0.080', '0.99884', '-0.04813', '0.00000', '0.04813',
    '0.99884', '0.00031', '-0.00002', '-0.00031', '1.00000']
  '028.5333': ['0.622', '0.168', '0.080', '0.99913', '-0.04177', '0.00009', '0.04177',
    '0.99913', '0.00030', '-0.00010', '-0.00030', '1.00000']
  '028.6000': ['0.632', '0.165', '0.080', '0.99950', '-0.03167', '0.00012', '0.03167',
    '0.99950', '0.00028', '-0.00013', '-0.00027', '1.00000']
  '028.6666': ['0.645', '0.162', '0.080', '0.99967', '-0.02577', '0.00007', '0.02577',
    '0.99967', '0.00039', '-0.00008', '-0.00038', '1.00000']
  '028.7333': ['0.657', '0.158', '0.080', '0.99972', '-0.02376', '-0.00002', '0.02376',
    '0.99972', '0.00035', '0.00001', '-0.00035', '1.00000']
  '028.8000': ['0.663', '0.156', '0.080', '0.99983', '-0.01827', '-0.00001', '0.01827',
    '0.99983', '0.00018', '0.00001', '-0.00018', '1.00000']
  '028.8666': ['0.671', '0.153', '0.080', '0.99981', '-0.01970', '0.00003', '0.01970',
    '0.99981', '0.00010', '-0.00003', '-0.00010', '1.00000']
  '028.9333': ['0.680', '0.150', '0.080', '0.99955', '-0.03001', '-0.00001', '0.03001',
    '0.99955', '0.00020', '0.00000', '-0.00020', '1.00000']
  '029.0000': ['0.683', '0.148', '0.080', '0.99903', '-0.04401', '-0.00004', '0.04401',
    '0.99903', '0.00023', '0.00003', '-0.00023', '1.00000']
  '029.0666': ['0.679', '0.145', '0.080', '0.99906', '-0.04332', '-0.00000', '0.04332',
    '0.99906', '0.00023', '-0.00001', '-0.00023', '1.00000']
  '029.1333': ['0.671', '0.142', '0.080', '0.99976', '-0.02190', '0.00007', '0.02190',
    '0.99976', '0.00020', '-0.00008', '-0.00020', '1.00000']
  '029.2000': ['0.669', '0.141', '0.080', '0.99991', '-0.01321', '0.00012', '0.01321',
    '0.99991', '0.00022', '-0.00012', '-0.00022', '1.00000']
  '029.2666': ['0.668', '0.144', '0.080', '0.99925', '-0.03881', '0.00024', '0.03881',
    '0.99925', '0.00031', '-0.00025', '-0.00030', '1.00000']
  '029.3333': ['0.669', '0.146', '0.080', '0.99980', '-0.02005', '0.00025', '0.02005',
    '0.99980', '0.00023', '-0.00025', '-0.00022', '1.00000']
  '029.4000': ['0.664', '0.147', '0.080', '0.99959', '0.02856', '0.00010', '-0.02856',
    '0.99959', '0.00009', '-0.00010', '-0.00009', '1.00000']
  '029.4666': ['0.662', '0.147', '0.080', '0.99930', '0.03729', '0.00006', '-0.03729',
    '0.99930', '0.00010', '-0.00005', '-0.00010', '1.00000']
  '029.5333': ['0.663', '0.146', '0.080', '0.99936', '0.03563', '0.00014', '-0.03563',
    '0.99936', '0.00015', '-0.00013', '-0.00016', '1.00000']
  '029.6000': ['0.664', '0.144', '0.080', '0.99935', '0.03616', '0.00017', '-0.03616',
    '0.99935', '0.00019', '-0.00017', '-0.00020', '1.00000']
  '029.6666': ['0.657', '0.144', '0.080', '0.99836', '0.05725', '0.00012', '-0.05725',
    '0.99836', '0.00018', '-0.00011', '-0.00018', '1.00000']
  '029.7333': ['0.649', '0.143', '0.080', '0.99640', '0.08472', '0.00009', '-0.08472',
    '0.99640', '0.00015', '-0.00008', '-0.00016', '1.00000']
  '029.8000': ['0.642', '0.144', '0.080', '0.99491', '0.10078', '0.00014', '-0.10078',
    '0.99491', '0.00013', '-0.00013', '-0.00014', '1.00000']
  '029.8666': ['0.636', '0.145', '0.080', '0.99428', '0.10680', '0.00021', '-0.10680',
    '0.99428', '0.00012', '-0.00019', '-0.00014', '1.00000']
  '029.9333': ['0.630', '0.148', '0.080', '0.99409', '0.10859', '0.00022', '-0.10859',
    '0.99409', '0.00009', '-0.00021', '-0.00012', '1.00000']
  '030.0000': ['0.625', '0.152', '0.080', '0.99520', '0.09791', '0.00023', '-0.09791',
    '0.99520', '0.00007', '-0.00023', '-0.00009', '1.00000']
  '030.0666': ['0.628', '0.153', '0.080', '0.99650', '0.08364', '0.00023', '-0.08364',
    '0.99650', '0.00012', '-0.00022', '-0.00014', '1.00000']
  '030.1333': ['0.636', '0.153', '0.080', '0.99774', '0.06726', '0.00018', '-0.06726',
    '0.99774', '0.00022', '-0.00016', '-0.00023', '1.00000']
  '030.2000': ['0.642', '0.152', '0.080', '0.99867', '0.05150', '0.00013', '-0.05150',
    '0.99867', '0.00027', '-0.00012', '-0.00028', '1.00000']
  '030.2666': ['0.644', '0.152', '0.080', '0.99928', '0.03781', '0.00012', '-0.03781',
    '0.99928', '0.00028', '-0.00010', '-0.00029', '1.00000']
  '030.3333': ['0.641', '0.155', '0.080', '0.99932', '0.03693', '0.00017', '-0.03693',
    '0.99932', '0.00029', '-0.00016', '-0.00029', '1.00000']
  '030.4000': ['0.638', '0.157', '0.080', '0.99969', '0.02493', '0.00026', '-0.02493',
    '0.99969', '0.00029', '-0.00026', '-0.00030', '1.00000']
  '030.4666': ['0.636', '0.159', '0.080', '0.99999', '0.00461', '0.00017', '-0.00461',
    '0.99999', '0.00022', '-0.00016', '-0.00022', '1.00000']
  '030.5333': ['0.632', '0.161', '0.080', '0.99994', '-0.01124', '0.00003', '0.01124',
    '0.99994', '0.00016', '-0.00003', '-0.00016', '1.00000']
  '030.6000': ['0.625', '0.164', '0.080', '0.99980', '-0.02015', '0.00010', '0.02015',
    '0.99980', '0.00007', '-0.00010', '-0.00007', '1.00000']
  '030.6666': ['0.621', '0.164', '0.080', '0.99996', '-0.00907', '0.00036', '0.00907',
    '0.99996', '-0.00004', '-0.00036', '0.00004', '1.00000']
  '030.7333': ['0.618', '0.163', '0.080', '0.99996', '-0.00877', '0.00047', '0.00877',
    '0.99996', '-0.00012', '-0.00047', '0.00013', '1.00000']
  '030.8000': ['0.617', '0.165', '0.080', '0.99984', '-0.01779', '0.00047', '0.01779',
    '0.99984', '-0.00011', '-0.00046', '0.00012', '1.00000']
  '030.8666': ['0.618', '0.168', '0.080', '0.99963', '-0.02706', '0.00043', '0.02706',
    '0.99963', '-0.00004', '-0.00043', '0.00005', '1.00000']
  '030.9333': ['0.622', '0.169', '0.080', '0.99950', '-0.03173', '0.00040', '0.03173',
    '0.99950', '0.00001', '-0.00040', '0.00000', '1.00000']
  '031.0000': ['0.624', '0.170', '0.080', '0.99932', '-0.03680', '0.00043', '0.03680',
    '0.99932', '0.00005', '-0.00043', '-0.00004', '1.00000']
  '031.0666': ['0.629', '0.170', '0.080', '0.99890', '-0.04690', '0.00043', '0.04690',
    '0.99890', '0.00012', '-0.00043', '-0.00010', '1.00000']
  '031.1333': ['0.633', '0.174', '0.080', '0.99676', '-0.08042', '0.00041', '0.08042',
    '0.99676', '0.00004', '-0.00041', '-0.00001', '1.00000']
  '031.2000': ['0.641', '0.176', '0.080', '0.99589', '-0.09060', '0.00039', '0.09060',
    '0.99589', '-0.00002', '-0.00039', '0.00005', '1.00000']
  '031.2666': ['0.652', '0.178', '0.080', '0.99652', '-0.08341', '0.00041', '0.08341',
    '0.99652', '-0.00005', '-0.00041', '0.00009', '1.00000']
  '031.3333': ['0.662', '0.179', '0.080', '0.99693', '-0.07834', '0.00041', '0.07834',
    '0.99693', '-0.00009', '-0.00040', '0.00012', '1.00000']
  '031.4000': ['0.671', '0.180', '0.080', '0.99693', '-0.07830', '0.00041', '0.07830',
    '0.99693', '-0.00012', '-0.00040', '0.00015', '1.00000']
  '031.4666': ['0.680', '0.181', '0.080', '0.99673', '-0.08083', '0.00040', '0.08083',
    '0.99673', '-0.00015', '-0.00039', '0.00018', '1.00000']
  '031.5333': ['0.688', '0.183', '0.080', '0.99645', '-0.08414', '0.00041', '0.08414',
    '0.99645', '-0.00019', '-0.00039', '0.00023', '1.00000']
  '031.6000': ['0.698', '0.184', '0.080', '0.99603', '-0.08906', '0.00040', '0.08906',
    '0.99603', '-0.00021', '-0.00038', '0.00024', '1.00000']
  '031.6666': ['0.706', '0.185', '0.080', '0.99566', '-0.09310', '0.00042', '0.09310',
    '0.99566', '-0.00025', '-0.00039', '0.00029', '1.00000']
  '031.7333': ['0.716', '0.187', '0.080', '0.99530', '-0.09687', '0.00043', '0.09687',
    '0.99530', '-0.00027', '-0.00040', '0.00031', '1.00000']
  '031.8000': ['0.725', '0.187', '0.080', '0.99461', '-0.10373', '0.00045', '0.10373',
    '0.99461', '-0.00028', '-0.00042', '0.00033', '1.00000']
  '031.8666': ['0.734', '0.187', '0.080', '0.99360', '-0.11295', '0.00046', '0.11295',
    '0.99360', '-0.00029', '-0.00042', '0.00034', '1.00000']
  '031.9333': ['0.745', '0.187', '0.080', '0.99230', '-0.12382', '0.00044', '0.12382',
    '0.99230', '-0.00031', '-0.00039', '0.00036', '1.00000']
  '032.0000': ['0.751', '0.188', '0.080', '0.99070', '-0.13607', '0.00048', '0.13607',
    '0.99070', '-0.00034', '-0.00043', '0.00040', '1.00000']
  '032.0666': ['0.760', '0.189', '0.080', '0.98905', '-0.14756', '0.00052', '0.14756',
    '0.98905', '-0.00035', '-0.00046', '0.00042', '1.00000']
  '032.1333': ['0.767', '0.191', '0.080', '0.98815', '-0.15348', '0.00057', '0.15348',
    '0.98815', '-0.00040', '-0.00050', '0.00048', '1.00000']
  '032.2000': ['0.776', '0.191', '0.080', '0.98694', '-0.16111', '0.00058', '0.16111',
    '0.98694', '-0.00041', '-0.00050', '0.00050', '1.00000']
  '032.2666': ['0.784', '0.192', '0.080', '0.98484', '-0.17346', '0.00062', '0.17346',
    '0.98484', '-0.00039', '-0.00054', '0.00049', '1.00000']
  '032.3333': ['0.792', '0.192', '0.080', '0.98320', '-0.18251', '0.00063', '0.18251',
    '0.98320', '-0.00039', '-0.00055', '0.00050', '1.00000']
  '032.4000': ['0.802', '0.191', '0.080', '0.98139', '-0.19202', '0.00057', '0.19202',
    '0.98139', '-0.00039', '-0.00049', '0.00049', '1.00000']
  '032.4666': ['0.810', '0.194', '0.080', '0.98047', '-0.19668', '0.00062', '0.19668',
    '0.98047', '-0.00044', '-0.00052', '0.00055', '1.00000']
  '032.5333': ['0.819', '0.193', '0.080', '0.97841', '-0.20667', '0.00061', '0.20667',
    '0.97841', '-0.00041', '-0.00051', '0.00052', '1.00000']
  '032.6000': ['0.827', '0.195', '0.080', '0.97578', '-0.21877', '0.00067', '0.21877',
    '0.97578', '-0.00039', '-0.00056', '0.00053', '1.00000']
  '032.6666': ['0.837', '0.195', '0.080', '0.97382', '-0.22732', '0.00064', '0.22732',
    '0.97382', '-0.00041', '-0.00053', '0.00054', '1.00000']
  '032.7333': ['0.847', '0.196', '0.080', '0.97138', '-0.23752', '0.00062', '0.23752',
    '0.97138', '-0.00043', '-0.00050', '0.00056', '1.00000']
  '032.8000': ['0.856', '0.197', '0.080', '0.96803', '-0.25083', '0.00065', '0.25083',
    '0.96803', '-0.00043', '-0.00052', '0.00058', '1.00000']
  '032.8666': ['0.866', '0.198', '0.080', '0.96525', '-0.26132', '0.00069', '0.26132',
    '0.96525', '-0.00043', '-0.00056', '0.00059', '1.00000']
  '032.9333': ['0.875', '0.200', '0.080', '0.96218', '-0.27241', '0.00070', '0.27241',
    '0.96218', '-0.00042', '-0.00056', '0.00060', '1.00000']
  '033.0000': ['0.885', '0.200', '0.080', '0.95888', '-0.28380', '0.00073', '0.28380',
    '0.95888', '-0.00040', '-0.00058', '0.00059', '1.00000']
  '033.0666': ['0.896', '0.201', '0.080', '0.95677', '-0.29084', '0.00071', '0.29084',
    '0.95677', '-0.00038', '-0.00056', '0.00057', '1.00000']
  '033.1333': ['0.905', '0.202', '0.080', '0.95318', '-0.30240', '0.00075', '0.30240',
    '0.95318', '-0.00035', '-0.00061', '0.00056', '1.00000']
  '033.2000': ['0.915', '0.204', '0.080', '0.95207', '-0.30587', '0.00071', '0.30587',
    '0.95207', '-0.00035', '-0.00057', '0.00055', '1.00000']
  '033.2666': ['0.925', '0.205', '0.080', '0.94832', '-0.31732', '0.00072', '0.31732',
    '0.94832', '-0.00032', '-0.00058', '0.00053', '1.00000']
  '033.3333': ['0.934', '0.206', '0.080', '0.94661', '-0.32239', '0.00073', '0.32239',
    '0.94661', '-0.00029', '-0.00060', '0.00052', '1.00000']
  '033.4000': ['0.944', '0.207', '0.080', '0.94434', '-0.32898', '0.00072', '0.32898',
    '0.94434', '-0.00027', '-0.00059', '0.00049', '1.00000']
  '033.4666': ['0.953', '0.209', '0.080', '0.94227', '-0.33486', '0.00070', '0.33486',
    '0.94227', '-0.00027', '-0.00057', '0.00049', '1.00000']
  '033.5333': ['0.962', '0.210', '0.080', '0.93956', '-0.34239', '0.00073', '0.34240',
    '0.93956', '-0.00026', '-0.00060', '0.00049', '1.00000']
  '033.6000': ['0.970', '0.211', '0.080', '0.93820', '-0.34610', '0.00072', '0.34610',
    '0.93820', '-0.00026', '-0.00058', '0.00049', '1.00000']
  '033.6666': ['0.978', '0.212', '0.080', '0.93608', '-0.35179', '0.00072', '0.35179',
    '0.93608', '-0.00025', '-0.00059', '0.00049', '1.00000']
  '033.7333': ['0.986', '0.214', '0.080', '0.93666', '-0.35023', '0.00074', '0.35024',
    '0.93666', '-0.00025', '-0.00060', '0.00049', '1.00000']
  '033.8000': ['0.994', '0.216', '0.080', '0.93955', '-0.34241', '0.00071', '0.34241',
    '0.93955', '-0.00027', '-0.00058', '0.00050', '1.00000']
  '033.8666': ['1.002', '0.218', '0.080', '0.94254', '-0.33409', '0.00072', '0.33409',
    '0.94254', '-0.00026', '-0.00059', '0.00048', '1.00000']
  '033.9333': ['1.010', '0.220', '0.080', '0.94584', '-0.32463', '0.00073', '0.32463',
    '0.94584', '-0.00022', '-0.00061', '0.00045', '1.00000']
  '034.0000': ['1.019', '0.222', '0.080', '0.94912', '-0.31493', '0.00070', '0.31493',
    '0.94912', '-0.00026', '-0.00058', '0.00047', '1.00000']
  '034.0666': ['1.026', '0.224', '0.080', '0.95259', '-0.30426', '0.00071', '0.30426',
    '0.95259', '-0.00029', '-0.00059', '0.00049', '1.00000']
  '034.1333': ['1.035', '0.225', '0.080', '0.95548', '-0.29505', '0.00073', '0.29505',
    '0.95548', '-0.00027', '-0.00062', '0.00047', '1.00000']
  '034.2000': ['1.043', '0.228', '0.080', '0.95672', '-0.29102', '0.00070', '0.29102',
    '0.95672', '-0.00029', '-0.00058', '0.00048', '1.00000']
  '034.2666': ['1.051', '0.230', '0.080', '0.95997', '-0.28011', '0.00071', '0.28011',
    '0.95997', '-0.00027', '-0.00060', '0.00046', '1.00000']
  '034.3333': ['1.059', '0.233', '0.080', '0.96150', '-0.27482', '0.00072', '0.27482',
    '0.96150', '-0.00029', '-0.00061', '0.00048', '1.00000']
  '034.4000': ['1.068', '0.234', '0.080', '0.96268', '-0.27064', '0.00074', '0.27064',
    '0.96268', '-0.00028', '-0.00064', '0.00047', '1.00000']
  '034.4666': ['1.076', '0.238', '0.080', '0.96358', '-0.26741', '0.00077', '0.26741',
    '0.96358', '-0.00030', '-0.00066', '0.00050', '1.00000']
  '034.5333': ['1.085', '0.241', '0.080', '0.96549', '-0.26043', '0.00075', '0.26043',
    '0.96549', '-0.00033', '-0.00064', '0.00051', '1.00000']
