begin_time_stamp: 1588332528.1999998
data_header:
  time_stamp: [x, y, z, R11, R12, R13, R21, R22, R23, R31, R32, R33]
trajectory_data:
  '000.0000': ['0.539', '0.107', '0.080', '0.99271', '0.12053', '0.00023', '-0.12053',
    '0.99271', '-0.00028', '-0.00027', '0.00025', '1.00000']
  '000.0667': ['0.551', '0.106', '0.080', '0.99442', '0.10551', '0.00024', '-0.10551',
    '0.99442', '-0.00027', '-0.00026', '0.00024', '1.00000']
  '000.1333': ['0.565', '0.105', '0.080', '0.99601', '0.08928', '0.00023', '-0.08928',
    '0.99601', '-0.00027', '-0.00026', '0.00024', '1.00000']
  '000.2000': ['0.579', '0.104', '0.080', '0.99791', '0.06461', '0.00022', '-0.06461',
    '0.99791', '-0.00026', '-0.00024', '0.00025', '1.00000']
  '000.2667': ['0.586', '0.104', '0.080', '0.99850', '0.05481', '0.00023', '-0.05481',
    '0.99850', '-0.00027', '-0.00025', '0.00026', '1.00000']
  '000.3333': ['0.597', '0.105', '0.080', '0.99931', '0.03719', '0.00027', '-0.03719',
    '0.99931', '-0.00029', '-0.00028', '0.00028', '1.00000']
  '000.4000': ['0.611', '0.102', '0.080', '0.99978', '0.02081', '0.00027', '-0.02081',
    '0.99978', '-0.00028', '-0.00028', '0.00028', '1.00000']
  '000.4667': ['0.625', '0.101', '0.080', '0.99989', '0.01496', '0.00026', '-0.01496',
    '0.99989', '-0.00029', '-0.00026', '0.00028', '1.00000']
  '000.5333': ['0.634', '0.101', '0.080', '0.99995', '0.00957', '0.00025', '-0.00957',
    '0.99995', '-0.00029', '-0.00026', '0.00029', '1.00000']
  '000.6000': ['0.639', '0.103', '0.080', '1.00000', '0.00304', '0.00026', '-0.00304',
    '1.00000', '-0.00031', '-0.00026', '0.00031', '1.00000']
  '000.8000': ['0.656', '0.108', '0.080', '0.99992', '-0.01269', '0.00039', '0.01269',
    '0.99992', '-0.00009', '-0.00039', '0.00010', '1.00000']
  '000.8667': ['0.667', '0.109', '0.080', '0.99978', '-0.02097', '0.00044', '0.02097',
    '0.99978', '-0.00014', '-0.00044', '0.00015', '1.00000']
  '000.9333': ['0.677', '0.109', '0.080', '0.99961', '-0.02802', '0.00045', '0.02802',
    '0.99961', '-0.00016', '-0.00045', '0.00017', '1.00000']
  '001.0000': ['0.690', '0.109', '0.080', '0.99935', '-0.03601', '0.00045', '0.03601',
    '0.99935', '-0.00018', '-0.00044', '0.00019', '1.00000']
  '001.0667': ['0.701', '0.110', '0.080', '0.99925', '-0.03865', '0.00045', '0.03865',
    '0.99925', '-0.00024', '-0.00044', '0.00026', '1.00000']
  '001.1333': ['0.712', '0.111', '0.080', '0.99901', '-0.04445', '0.00048', '0.04445',
    '0.99901', '-0.00029', '-0.00047', '0.00031', '1.00000']
  '001.2000': ['0.725', '0.111', '0.080', '0.99855', '-0.05392', '0.00047', '0.05392',
    '0.99855', '-0.00030', '-0.00045', '0.00033', '1.00000']
  '001.2667': ['0.737', '0.111', '0.080', '0.99791', '-0.06464', '0.00047', '0.06464',
    '0.99791', '-0.00032', '-0.00045', '0.00035', '1.00000']
  '001.3333': ['0.748', '0.113', '0.080', '0.99743', '-0.07166', '0.00051', '0.07166',
    '0.99743', '-0.00037', '-0.00048', '0.00041', '1.00000']
  '001.4000': ['0.759', '0.113', '0.080', '0.99707', '-0.07644', '0.00056', '0.07644',
    '0.99707', '-0.00043', '-0.00053', '0.00047', '1.00000']
  '001.4667': ['0.772', '0.114', '0.080', '0.99622', '-0.08687', '0.00055', '0.08687',
    '0.99622', '-0.00047', '-0.00051', '0.00052', '1.00000']
  '001.5333': ['0.785', '0.113', '0.080', '0.99498', '-0.10006', '0.00060', '0.10006',
    '0.99498', '-0.00043', '-0.00056', '0.00049', '1.00000']
  '001.6000': ['0.796', '0.114', '0.080', '0.99466', '-0.10319', '0.00067', '0.10319',
    '0.99466', '-0.00045', '-0.00062', '0.00051', '1.00000']
  '001.6667': ['0.809', '0.115', '0.080', '0.99533', '-0.09654', '0.00066', '0.09654',
    '0.99533', '-0.00049', '-0.00061', '0.00055', '1.00000']
  '001.7333': ['0.820', '0.115', '0.080', '0.99568', '-0.09289', '0.00072', '0.09289',
    '0.99568', '-0.00053', '-0.00067', '0.00059', '1.00000']
  '001.8000': ['0.834', '0.114', '0.080', '0.99520', '-0.09783', '0.00068', '0.09783',
    '0.99520', '-0.00052', '-0.00062', '0.00058', '1.00000']
  '001.8667': ['0.846', '0.115', '0.080', '0.99436', '-0.10602', '0.00073', '0.10602',
    '0.99436', '-0.00050', '-0.00067', '0.00058', '1.00000']
  '001.9333': ['0.859', '0.115', '0.080', '0.99455', '-0.10426', '0.00072', '0.10427',
    '0.99455', '-0.00053', '-0.00066', '0.00060', '1.00000']
  '002.0000': ['0.872', '0.115', '0.080', '0.99404', '-0.10899', '0.00073', '0.10899',
    '0.99404', '-0.00049', '-0.00067', '0.00057', '1.00000']
  '002.0667': ['0.886', '0.115', '0.080', '0.99331', '-0.11546', '0.00072', '0.11546',
    '0.99331', '-0.00047', '-0.00066', '0.00055', '1.00000']
  '002.1333': ['0.898', '0.116', '0.080', '0.99242', '-0.12287', '0.00076', '0.12287',
    '0.99242', '-0.00045', '-0.00070', '0.00054', '1.00000']
  '002.2000': ['0.912', '0.115', '0.080', '0.99163', '-0.12914', '0.00076', '0.12914',
    '0.99163', '-0.00038', '-0.00070', '0.00047', '1.00000']
  '002.2667': ['0.925', '0.115', '0.080', '0.99120', '-0.13237', '0.00072', '0.13237',
    '0.99120', '-0.00034', '-0.00067', '0.00043', '1.00000']
  '002.3333': ['0.938', '0.115', '0.080', '0.99013', '-0.14017', '0.00068', '0.14017',
    '0.99013', '-0.00030', '-0.00063', '0.00039', '1.00000']
  '002.4000': ['0.951', '0.115', '0.080', '0.98893', '-0.14841', '0.00065', '0.14841',
    '0.98893', '-0.00025', '-0.00061', '0.00035', '1.00000']
  '002.4667': ['0.964', '0.115', '0.080', '0.98809', '-0.15386', '0.00062', '0.15386',
    '0.98809', '-0.00022', '-0.00058', '0.00031', '1.00000']
  '002.5333': ['0.976', '0.116', '0.080', '0.98831', '-0.15244', '0.00056', '0.15244',
    '0.98831', '-0.00026', '-0.00051', '0.00034', '1.00000']
  '002.6000': ['0.988', '0.116', '0.080', '0.98783', '-0.15551', '0.00053', '0.15551',
    '0.98783', '-0.00019', '-0.00050', '0.00027', '1.00000']
  '002.6667': ['0.999', '0.120', '0.080', '0.98854', '-0.15095', '0.00049', '0.15095',
    '0.98854', '-0.00040', '-0.00043', '0.00047', '1.00000']
  '002.7333': ['1.010', '0.117', '0.080', '0.98704', '-0.16046', '0.00053', '0.16046',
    '0.98704', '-0.00015', '-0.00050', '0.00023', '1.00000']
  '002.8000': ['1.021', '0.118', '0.080', '0.98775', '-0.15607', '0.00045', '0.15607',
    '0.98775', '-0.00016', '-0.00042', '0.00023', '1.00000']
  '002.8667': ['1.032', '0.120', '0.080', '0.98822', '-0.15305', '0.00042', '0.15305',
    '0.98822', '-0.00019', '-0.00039', '0.00025', '1.00000']
  '002.9333': ['1.043', '0.124', '0.080', '0.98925', '-0.14620', '0.00034', '0.14621',
    '0.98925', '-0.00034', '-0.00029', '0.00038', '1.00000']
  '003.0000': ['1.053', '0.125', '0.080', '0.99010', '-0.14039', '0.00033', '0.14039',
    '0.99010', '-0.00031', '-0.00028', '0.00035', '1.00000']
  '003.0667': ['1.064', '0.129', '0.080', '0.99014', '-0.14009', '0.00032', '0.14009',
    '0.99014', '-0.00045', '-0.00026', '0.00049', '1.00000']
  '003.1333': ['1.074', '0.130', '0.080', '0.99013', '-0.14013', '0.00028', '0.14013',
    '0.99013', '-0.00045', '-0.00022', '0.00049', '1.00000']
  '003.2000': ['1.085', '0.134', '0.080', '0.99002', '-0.14096', '0.00033', '0.14096',
    '0.99002', '-0.00053', '-0.00026', '0.00058', '1.00000']
  '003.2667': ['1.095', '0.139', '0.080', '0.98936', '-0.14548', '0.00036', '0.14548',
    '0.98936', '-0.00070', '-0.00025', '0.00075', '1.00000']
  '003.3333': ['1.106', '0.140', '0.080', '0.98855', '-0.15089', '0.00035', '0.15089',
    '0.98855', '-0.00065', '-0.00024', '0.00070', '1.00000']
  '003.4000': ['1.116', '0.143', '0.080', '0.98779', '-0.15580', '0.00042', '0.15580',
    '0.98779', '-0.00068', '-0.00031', '0.00074', '1.00000']
  '003.4667': ['1.126', '0.146', '0.080', '0.98670', '-0.16253', '0.00047', '0.16253',
    '0.98670', '-0.00073', '-0.00034', '0.00079', '1.00000']
  '003.5333': ['1.137', '0.149', '0.080', '0.98567', '-0.16871', '0.00050', '0.16871',
    '0.98566', '-0.00077', '-0.00036', '0.00085', '1.00000']
  '003.6000': ['1.147', '0.153', '0.080', '0.98430', '-0.17651', '0.00057', '0.17651',
    '0.98430', '-0.00084', '-0.00041', '0.00093', '1.00000']
  '003.6667': ['1.157', '0.156', '0.080', '0.98292', '-0.18404', '0.00065', '0.18404',
    '0.98292', '-0.00089', '-0.00048', '0.00100', '1.00000']
  '003.7333': ['1.168', '0.159', '0.080', '0.98173', '-0.19026', '0.00070', '0.19026',
    '0.98173', '-0.00093', '-0.00051', '0.00105', '1.00000']
  '003.8000': ['1.177', '0.162', '0.080', '0.97977', '-0.20011', '0.00078', '0.20011',
    '0.97977', '-0.00094', '-0.00058', '0.00108', '1.00000']
  '003.8667': ['1.188', '0.165', '0.080', '0.97837', '-0.20684', '0.00085', '0.20684',
    '0.97837', '-0.00099', '-0.00063', '0.00114', '1.00000']
  '003.9333': ['1.197', '0.167', '0.080', '0.97751', '-0.21087', '0.00093', '0.21087',
    '0.97751', '-0.00100', '-0.00070', '0.00118', '1.00000']
  '004.0000': ['1.189', '0.169', '0.080', '0.97396', '-0.22671', '0.00020', '0.22671',
    '0.97396', '-0.00062', '-0.00006', '0.00065', '1.00000']
  '004.0667': ['1.200', '0.170', '0.080', '0.97517', '-0.22148', '0.00031', '0.22148',
    '0.97517', '-0.00056', '-0.00018', '0.00062', '1.00000']
  '004.1333': ['1.212', '0.173', '0.080', '0.97686', '-0.21388', '0.00039', '0.21388',
    '0.97686', '-0.00057', '-0.00026', '0.00064', '1.00000']
  '004.2000': ['1.222', '0.174', '0.080', '0.97984', '-0.19979', '0.00041', '0.19979',
    '0.97984', '-0.00056', '-0.00029', '0.00063', '1.00000']
  '004.2667': ['1.232', '0.176', '0.080', '0.98334', '-0.18177', '0.00050', '0.18177',
    '0.98334', '-0.00057', '-0.00039', '0.00065', '1.00000']
  '004.3333': ['1.245', '0.179', '0.080', '0.98444', '-0.17574', '0.00050', '0.17574',
    '0.98444', '-0.00062', '-0.00038', '0.00070', '1.00000']
  '004.4000': ['1.255', '0.179', '0.080', '0.98607', '-0.16631', '0.00050', '0.16631',
    '0.98607', '-0.00059', '-0.00039', '0.00066', '1.00000']
  '004.4667': ['1.265', '0.182', '0.080', '0.98788', '-0.15524', '0.00046', '0.15524',
    '0.98788', '-0.00063', '-0.00035', '0.00070', '1.00000']
  '004.5333': ['1.275', '0.183', '0.080', '0.98775', '-0.15605', '0.00043', '0.15605',
    '0.98775', '-0.00058', '-0.00033', '0.00064', '1.00000']
  '004.6000': ['1.286', '0.187', '0.080', '0.98331', '-0.18195', '0.00038', '0.18195',
    '0.98331', '-0.00059', '-0.00027', '0.00065', '1.00000']
  '004.6667': ['1.297', '0.188', '0.080', '0.97533', '-0.22075', '0.00034', '0.22075',
    '0.97533', '-0.00056', '-0.00021', '0.00062', '1.00000']
  '004.7333': ['1.307', '0.191', '0.080', '0.97535', '-0.22065', '0.00031', '0.22065',
    '0.97535', '-0.00053', '-0.00018', '0.00059', '1.00000']
  '004.8000': ['1.316', '0.194', '0.080', '0.97722', '-0.21224', '0.00036', '0.21224',
    '0.97722', '-0.00053', '-0.00024', '0.00060', '1.00000']
  '004.8667': ['1.325', '0.195', '0.080', '0.97793', '-0.20895', '0.00034', '0.20895',
    '0.97793', '-0.00051', '-0.00022', '0.00057', '1.00000']
  '004.9333': ['1.335', '0.198', '0.080', '0.97797', '-0.20874', '0.00033', '0.20874',
    '0.97797', '-0.00048', '-0.00022', '0.00054', '1.00000']
  '005.0000': ['1.345', '0.199', '0.080', '0.97745', '-0.21117', '0.00030', '0.21117',
    '0.97745', '-0.00046', '-0.00020', '0.00051', '1.00000']
  '005.0667': ['1.354', '0.202', '0.080', '0.97621', '-0.21682', '0.00030', '0.21682',
    '0.97621', '-0.00045', '-0.00019', '0.00050', '1.00000']
  '005.1333': ['1.364', '0.205', '0.080', '0.97199', '-0.23502', '0.00029', '0.23502',
    '0.97199', '-0.00044', '-0.00018', '0.00050', '1.00000']
  '005.2000': ['1.376', '0.210', '0.080', '0.96510', '-0.26189', '0.00027', '0.26189',
    '0.96510', '-0.00044', '-0.00015', '0.00050', '1.00000']
  '005.2667': ['1.382', '0.209', '0.080', '0.95854', '-0.28496', '0.00026', '0.28496',
    '0.95854', '-0.00040', '-0.00014', '0.00045', '1.00000']
  '005.3333': ['1.394', '0.214', '0.080', '0.95057', '-0.31052', '0.00025', '0.31052',
    '0.95057', '-0.00041', '-0.00011', '0.00047', '1.00000']
  '005.4000': ['1.403', '0.217', '0.080', '0.94392', '-0.33017', '0.00024', '0.33017',
    '0.94392', '-0.00037', '-0.00010', '0.00043', '1.00000']
  '005.4667': ['1.412', '0.220', '0.080', '0.93703', '-0.34926', '0.00022', '0.34926',
    '0.93703', '-0.00037', '-0.00008', '0.00043', '1.00000']
  '005.5333': ['1.421', '0.222', '0.080', '0.92948', '-0.36888', '0.00022', '0.36888',
    '0.92948', '-0.00034', '-0.00008', '0.00040', '1.00000']
  '005.6000': ['1.430', '0.227', '0.080', '0.92323', '-0.38426', '0.00021', '0.38426',
    '0.92323', '-0.00034', '-0.00006', '0.00039', '1.00000']
  '005.6667': ['1.440', '0.232', '0.080', '0.91483', '-0.40383', '0.00018', '0.40383',
    '0.91483', '-0.00035', '-0.00003', '0.00039', '1.00000']
  '005.7333': ['1.449', '0.236', '0.080', '0.90661', '-0.42197', '0.00017', '0.42197',
    '0.90661', '-0.00034', '-0.00001', '0.00038', '1.00000']
  '005.8000': ['1.456', '0.240', '0.080', '0.89416', '-0.44776', '0.00017', '0.44776',
    '0.89416', '-0.00032', '-0.00001', '0.00036', '1.00000']
  '005.8667': ['1.465', '0.245', '0.080', '0.88192', '-0.47140', '0.00018', '0.47140',
    '0.88192', '-0.00033', '-0.00000', '0.00038', '1.00000']
  '005.9333': ['1.474', '0.249', '0.080', '0.86833', '-0.49599', '0.00018', '0.49599',
    '0.86833', '-0.00032', '0.00000', '0.00036', '1.00000']
  '006.0000': ['1.483', '0.256', '0.080', '0.85457', '-0.51934', '0.00020', '0.51934',
    '0.85457', '-0.00033', '-0.00000', '0.00039', '1.00000']
  '006.0667': ['1.491', '0.263', '0.080', '0.84025', '-0.54220', '0.00020', '0.54220',
    '0.84025', '-0.00033', '0.00001', '0.00038', '1.00000']
  '006.1333': ['1.501', '0.270', '0.080', '0.82157', '-0.57011', '0.00019', '0.57011',
    '0.82157', '-0.00031', '0.00002', '0.00037', '1.00000']
  '006.2000': ['1.510', '0.276', '0.080', '0.79797', '-0.60270', '0.00020', '0.60270',
    '0.79797', '-0.00029', '0.00002', '0.00035', '1.00000']
  '006.2667': ['1.517', '0.283', '0.080', '0.77827', '-0.62793', '0.00021', '0.62793',
    '0.77827', '-0.00030', '0.00002', '0.00036', '1.00000']
  '006.3333': ['1.521', '0.280', '0.080', '0.76379', '-0.64546', '-0.00034', '0.64546',
    '0.76379', '-0.00028', '0.00044', '-0.00000', '1.00000']
  '006.4000': ['1.530', '0.288', '0.080', '0.74227', '-0.67010', '-0.00031', '0.67010',
    '0.74227', '-0.00031', '0.00044', '0.00002', '1.00000']
  '006.4667': ['1.538', '0.296', '0.080', '0.72389', '-0.68992', '-0.00030', '0.68992',
    '0.72389', '-0.00029', '0.00042', '0.00001', '1.00000']
  '006.5333': ['1.546', '0.303', '0.080', '0.70507', '-0.70914', '-0.00028', '0.70914',
    '0.70507', '-0.00031', '0.00042', '0.00002', '1.00000']
  '006.6000': ['1.553', '0.311', '0.080', '0.69501', '-0.71900', '-0.00025', '0.71900',
    '0.69501', '-0.00032', '0.00040', '0.00004', '1.00000']
  '006.6667': ['1.561', '0.320', '0.080', '0.68076', '-0.73250', '-0.00025', '0.73250',
    '0.68076', '-0.00031', '0.00040', '0.00003', '1.00000']
  '006.7333': ['1.569', '0.328', '0.080', '0.66070', '-0.75065', '-0.00025', '0.75065',
    '0.66070', '-0.00029', '0.00038', '0.00000', '1.00000']
  '006.8000': ['1.576', '0.336', '0.080', '0.65080', '-0.75925', '-0.00022', '0.75925',
    '0.65080', '-0.00029', '0.00037', '0.00002', '1.00000']
  '006.8667': ['1.584', '0.346', '0.080', '0.63183', '-0.77510', '-0.00024', '0.77510',
    '0.63183', '-0.00032', '0.00040', '0.00002', '1.00000']
  '006.9333': ['1.591', '0.355', '0.080', '0.61840', '-0.78586', '-0.00019', '0.78586',
    '0.61840', '-0.00029', '0.00035', '0.00003', '1.00000']
  '007.0000': ['1.599', '0.365', '0.080', '0.59018', '-0.80727', '-0.00025', '0.80727',
    '0.59018', '-0.00028', '0.00037', '-0.00003', '1.00000']
  '007.0667': ['1.606', '0.376', '0.080', '0.56398', '-0.82579', '-0.00019', '0.82579',
    '0.56398', '-0.00030', '0.00035', '0.00001', '1.00000']
  '007.1333': ['1.611', '0.385', '0.080', '0.54118', '-0.84091', '-0.00013', '0.84091',
    '0.54118', '-0.00030', '0.00032', '0.00005', '1.00000']
  '007.2000': ['1.618', '0.397', '0.080', '0.50561', '-0.86276', '-0.00017', '0.86276',
    '0.50561', '-0.00030', '0.00034', '0.00001', '1.00000']
  '007.2667': ['1.624', '0.408', '0.080', '0.47300', '-0.88106', '-0.00016', '0.88106',
    '0.47300', '-0.00028', '0.00032', '-0.00001', '1.00000']
  '007.3333': ['1.630', '0.420', '0.080', '0.43557', '-0.90015', '-0.00020', '0.90015',
    '0.43557', '-0.00026', '0.00032', '-0.00006', '1.00000']
  '007.4000': ['1.635', '0.431', '0.080', '0.40656', '-0.91362', '-0.00015', '0.91362',
    '0.40656', '-0.00027', '0.00031', '-0.00003', '1.00000']
  '007.4667': ['1.639', '0.442', '0.080', '0.37446', '-0.92724', '-0.00010', '0.92724',
    '0.37446', '-0.00022', '0.00024', '-0.00001', '1.00000']
  '007.5333': ['1.643', '0.454', '0.080', '0.34266', '-0.93946', '-0.00010', '0.93946',
    '0.34266', '-0.00020', '0.00022', '-0.00003', '1.00000']
  '007.6000': ['1.649', '0.466', '0.080', '0.31653', '-0.94858', '-0.00017', '0.94858',
    '0.31653', '-0.00018', '0.00023', '-0.00011', '1.00000']
  '007.6667': ['1.651', '0.477', '0.080', '0.28865', '-0.95743', '-0.00009', '0.95743',
    '0.28865', '-0.00017', '0.00019', '-0.00003', '1.00000']
  '007.7333': ['1.654', '0.489', '0.080', '0.24933', '-0.96842', '-0.00006', '0.96842',
    '0.24933', '-0.00017', '0.00018', '-0.00002', '1.00000']
  '007.8000': ['1.655', '0.500', '0.080', '0.20861', '-0.97800', '0.00000', '0.97800',
    '0.20861', '-0.00011', '0.00011', '0.00002', '1.00000']
  '007.8667': ['1.657', '0.512', '0.080', '0.16619', '-0.98609', '-0.00002', '0.98609',
    '0.16619', '-0.00012', '0.00012', '0.00000', '1.00000']
  '007.9333': ['1.657', '0.524', '0.080', '0.13019', '-0.99149', '0.00010', '0.99149',
    '0.13019', '-0.00002', '0.00001', '0.00010', '1.00000']
  '008.0000': ['1.659', '0.538', '0.080', '0.09729', '-0.99526', '0.00008', '0.99526',
    '0.09729', '-0.00006', '0.00005', '0.00009', '1.00000']
  '008.0667': ['1.659', '0.550', '0.080', '0.05306', '-0.99859', '0.00012', '0.99859',
    '0.05306', '0.00005', '-0.00006', '0.00012', '1.00000']
  '008.1333': ['1.660', '0.561', '0.080', '0.01581', '-0.99988', '0.00008', '0.99988',
    '0.01581', '0.00023', '-0.00023', '0.00008', '1.00000']
  '008.2000': ['1.659', '0.576', '0.080', '-0.01794', '-0.99984', '0.00011', '0.99984',
    '-0.01794', '0.00010', '-0.00010', '0.00011', '1.00000']
  '008.2667': ['1.645', '0.585', '0.080', '-0.04741', '-0.99887', '0.00114', '0.99888',
    '-0.04741', '0.00042', '-0.00036', '0.00116', '1.00000']
  '008.3333': ['1.660', '0.603', '0.080', '-0.06606', '-0.99782', '-0.00005', '0.99782',
    '-0.06606', '0.00008', '-0.00008', '-0.00004', '1.00000']
  '008.4000': ['1.660', '0.615', '0.080', '-0.08005', '-0.99679', '-0.00008', '0.99679',
    '-0.08005', '0.00010', '-0.00011', '-0.00007', '1.00000']
  '008.4667': ['1.658', '0.627', '0.080', '-0.09710', '-0.99527', '0.00006', '0.99527',
    '-0.09710', '0.00019', '-0.00018', '0.00008', '1.00000']
  '008.5333': ['1.658', '0.639', '0.080', '-0.10897', '-0.99405', '-0.00003', '0.99404',
    '-0.10897', '0.00024', '-0.00024', '-0.00000', '1.00000']
  '008.6000': ['1.657', '0.650', '0.080', '-0.11223', '-0.99368', '-0.00010', '0.99368',
    '-0.11223', '0.00033', '-0.00034', '-0.00006', '1.00000']
  '008.6667': ['1.656', '0.664', '0.080', '-0.11713', '-0.99312', '-0.00008', '0.99312',
    '-0.11713', '0.00030', '-0.00031', '-0.00005', '1.00000']
  '008.7333': ['1.654', '0.677', '0.080', '-0.12641', '-0.99198', '-0.00005', '0.99198',
    '-0.12641', '0.00031', '-0.00031', '-0.00001', '1.00000']
  '008.8000': ['1.652', '0.690', '0.080', '-0.14028', '-0.99011', '-0.00008', '0.99011',
    '-0.14028', '0.00033', '-0.00034', '-0.00003', '1.00000']
  '008.8667': ['1.650', '0.704', '0.080', '-0.15025', '-0.98865', '-0.00009', '0.98865',
    '-0.15025', '0.00034', '-0.00035', '-0.00004', '1.00000']
  '008.9333': ['1.648', '0.717', '0.080', '-0.16826', '-0.98574', '-0.00009', '0.98574',
    '-0.16826', '0.00038', '-0.00039', '-0.00002', '1.00000']
  '009.0000': ['1.646', '0.731', '0.080', '-0.18623', '-0.98251', '-0.00013', '0.98251',
    '-0.18623', '0.00041', '-0.00042', '-0.00005', '1.00000']
  '009.0667': ['1.644', '0.744', '0.080', '-0.20700', '-0.97834', '-0.00020', '0.97834',
    '-0.20700', '0.00041', '-0.00044', '-0.00011', '1.00000']
  '009.1333': ['1.639', '0.758', '0.080', '-0.23744', '-0.97140', '-0.00015', '0.97140',
    '-0.23744', '0.00041', '-0.00043', '-0.00005', '1.00000']
  '009.2000': ['1.637', '0.772', '0.080', '-0.26412', '-0.96449', '-0.00017', '0.96449',
    '-0.26412', '0.00042', '-0.00045', '-0.00006', '1.00000']
  '009.2667': ['1.633', '0.785', '0.080', '-0.28313', '-0.95908', '-0.00020', '0.95908',
    '-0.28313', '0.00043', '-0.00047', '-0.00007', '1.00000']
  '009.3333': ['1.629', '0.798', '0.080', '-0.30236', '-0.95319', '-0.00021', '0.95319',
    '-0.30236', '0.00043', '-0.00047', '-0.00007', '1.00000']
  '009.4000': ['1.625', '0.811', '0.080', '-0.31386', '-0.94947', '-0.00019', '0.94947',
    '-0.31386', '0.00045', '-0.00049', '-0.00004', '1.00000']
  '009.4667': ['1.621', '0.823', '0.080', '-0.31376', '-0.94950', '-0.00020', '0.94950',
    '-0.31376', '0.00046', '-0.00050', '-0.00005', '1.00000']
  '009.5333': ['1.618', '0.834', '0.080', '-0.31487', '-0.94913', '-0.00021', '0.94913',
    '-0.31487', '0.00045', '-0.00050', '-0.00006', '1.00000']
  '009.6000': ['1.613', '0.848', '0.080', '-0.31287', '-0.94980', '-0.00016', '0.94980',
    '-0.31287', '0.00043', '-0.00046', '-0.00002', '1.00000']
  '009.6667': ['1.609', '0.860', '0.080', '-0.30919', '-0.95100', '-0.00017', '0.95100',
    '-0.30919', '0.00047', '-0.00050', '-0.00001', '1.00000']
  '009.7333': ['1.606', '0.871', '0.080', '-0.30743', '-0.95157', '-0.00020', '0.95157',
    '-0.30743', '0.00048', '-0.00052', '-0.00004', '1.00000']
  '009.8000': ['1.602', '0.883', '0.080', '-0.32637', '-0.94524', '-0.00023', '0.94524',
    '-0.32637', '0.00047', '-0.00052', '-0.00006', '1.00000']
  '009.8667': ['1.597', '0.895', '0.080', '-0.35024', '-0.93666', '-0.00021', '0.93666',
    '-0.35024', '0.00047', '-0.00052', '-0.00003', '1.00000']
  '009.9333': ['1.593', '0.906', '0.080', '-0.37948', '-0.92520', '-0.00023', '0.92520',
    '-0.37948', '0.00048', '-0.00053', '-0.00003', '1.00000']
  '010.0000': ['1.589', '0.919', '0.080', '-0.41558', '-0.90956', '-0.00030', '0.90956',
    '-0.41558', '0.00045', '-0.00053', '-0.00008', '1.00000']
  '010.0667': ['1.584', '0.929', '0.080', '-0.45093', '-0.89256', '-0.00035', '0.89256',
    '-0.45094', '0.00042', '-0.00053', '-0.00012', '1.00000']
  '010.1333': ['1.577', '0.942', '0.080', '-0.48912', '-0.87222', '-0.00037', '0.87222',
    '-0.48912', '0.00038', '-0.00051', '-0.00014', '1.00000']
  '010.2000': ['1.571', '0.952', '0.080', '-0.52963', '-0.84823', '-0.00039', '0.84823',
    '-0.52963', '0.00036', '-0.00051', '-0.00014', '1.00000']
  '010.2667': ['1.564', '0.964', '0.080', '-0.57173', '-0.82044', '-0.00044', '0.82044',
    '-0.57173', '0.00032', '-0.00051', '-0.00017', '1.00000']
  '010.3333': ['1.555', '0.975', '0.080', '-0.61598', '-0.78777', '-0.00041', '0.78777',
    '-0.61598', '0.00030', '-0.00048', '-0.00014', '1.00000']
  '010.4000': ['1.547', '0.985', '0.080', '-0.65076', '-0.75928', '-0.00039', '0.75928',
    '-0.65076', '0.00034', '-0.00051', '-0.00008', '1.00000']
  '010.4667': ['1.538', '0.994', '0.080', '-0.67106', '-0.74141', '-0.00036', '0.74141',
    '-0.67106', '0.00036', '-0.00051', '-0.00002', '1.00000']
  '010.5333': ['1.531', '1.002', '0.080', '-0.68136', '-0.73195', '-0.00033', '0.73195',
    '-0.68136', '0.00041', '-0.00052', '0.00004', '1.00000']
  '010.6000': ['1.523', '1.008', '0.080', '-0.69524', '-0.71878', '-0.00031', '0.71878',
    '-0.69524', '0.00042', '-0.00052', '0.00007', '1.00000']
  '010.6667': ['1.514', '1.017', '0.080', '-0.71745', '-0.69661', '-0.00032', '0.69661',
    '-0.71745', '0.00044', '-0.00053', '0.00009', '1.00000']
  '010.7333': ['1.506', '1.026', '0.080', '-0.74522', '-0.66682', '-0.00033', '0.66682',
    '-0.74522', '0.00042', '-0.00052', '0.00009', '1.00000']
  '010.8000': ['1.497', '1.033', '0.080', '-0.76645', '-0.64231', '-0.00038', '0.64231',
    '-0.76645', '0.00044', '-0.00057', '0.00009', '1.00000']
  '010.8667': ['1.487', '1.041', '0.080', '-0.78816', '-0.61547', '-0.00039', '0.61547',
    '-0.78816', '0.00041', '-0.00056', '0.00009', '1.00000']
  '010.9333': ['1.477', '1.050', '0.080', '-0.80810', '-0.58904', '-0.00042', '0.58904',
    '-0.80810', '0.00036', '-0.00055', '0.00005', '1.00000']
  '011.0000': ['1.466', '1.059', '0.080', '-0.83234', '-0.55427', '-0.00047', '0.55427',
    '-0.83234', '0.00033', '-0.00058', '0.00002', '1.00000']
  '011.0667': ['1.454', '1.066', '0.080', '-0.85118', '-0.52488', '-0.00048', '0.52488',
    '-0.85118', '0.00030', '-0.00056', '0.00001', '1.00000']
  '011.1333': ['1.444', '1.071', '0.080', '-0.86724', '-0.49790', '-0.00049', '0.49790',
    '-0.86724', '0.00032', '-0.00058', '0.00003', '1.00000']
  '011.2000': ['1.432', '1.080', '0.080', '-0.88425', '-0.46701', '-0.00050', '0.46701',
    '-0.88425', '0.00026', '-0.00057', '-0.00001', '1.00000']
  '011.2667': ['1.420', '1.086', '0.080', '-0.89908', '-0.43778', '-0.00048', '0.43778',
    '-0.89908', '0.00027', '-0.00055', '0.00003', '1.00000']
  '011.3333': ['1.409', '1.089', '0.080', '-0.91578', '-0.40168', '-0.00050', '0.40168',
    '-0.91578', '0.00028', '-0.00057', '0.00006', '1.00000']
  '011.4000': ['1.398', '1.094', '0.080', '-0.93482', '-0.35511', '-0.00048', '0.35511',
    '-0.93482', '0.00030', '-0.00056', '0.00011', '1.00000']
  '011.4667': ['1.386', '1.099', '0.080', '-0.94224', '-0.33494', '-0.00057', '0.33494',
    '-0.94224', '0.00032', '-0.00064', '0.00011', '1.00000']
  '011.5333': ['1.377', '1.099', '0.080', '-0.95801', '-0.28674', '-0.00053', '0.28674',
    '-0.95801', '0.00031', '-0.00060', '0.00014', '1.00000']
  '011.6000': ['1.363', '1.105', '0.080', '-0.96848', '-0.24909', '-0.00051', '0.24909',
    '-0.96848', '0.00028', '-0.00056', '0.00014', '1.00000']
  '011.6667': ['1.350', '1.109', '0.080', '-0.97763', '-0.21034', '-0.00052', '0.21034',
    '-0.97763', '0.00027', '-0.00056', '0.00015', '1.00000']
  '011.7333': ['1.340', '1.107', '0.080', '-0.98620', '-0.16556', '-0.00053', '0.16556',
    '-0.98620', '0.00032', '-0.00058', '0.00023', '1.00000']
  '011.8000': ['1.322', '1.116', '0.080', '-0.99315', '-0.11682', '-0.00056', '0.11682',
    '-0.99315', '0.00025', '-0.00058', '0.00018', '1.00000']
  '011.8667': ['1.307', '1.117', '0.080', '-0.99846', '-0.05548', '-0.00056', '0.05548',
    '-0.99846', '0.00025', '-0.00057', '0.00022', '1.00000']
  '011.9333': ['1.294', '1.116', '0.080', '-0.99995', '0.01036', '-0.00057', '-0.01036',
    '-0.99995', '0.00026', '-0.00056', '0.00027', '1.00000']
  '012.0000': ['1.282', '1.109', '0.080', '-0.99636', '0.08530', '-0.00056', '-0.08530',
    '-0.99636', '0.00028', '-0.00053', '0.00033', '1.00000']
  '012.0667': ['1.258', '1.116', '0.080', '-0.98985', '0.14210', '-0.00055', '-0.14210',
    '-0.98985', '0.00023', '-0.00051', '0.00030', '1.00000']
  '012.1333': ['1.248', '1.109', '0.080', '-0.97913', '0.20324', '-0.00060', '-0.20324',
    '-0.97913', '0.00026', '-0.00053', '0.00037', '1.00000']
  '012.2000': ['1.174', '1.146', '0.080', '-0.93226', '0.36176', '0.00351', '-0.36177',
    '-0.93226', '-0.00255', '0.00235', '-0.00364', '0.99999']
  '012.2667': ['1.229', '1.091', '0.080', '-0.94142', '0.33722', '-0.00072', '-0.33722',
    '-0.94142', '0.00039', '-0.00055', '0.00061', '1.00000']
  '012.5333': ['1.175', '1.067', '0.080', '-0.89079', '0.45442', '-0.00075', '-0.45442',
    '-0.89079', '0.00044', '-0.00047', '0.00073', '1.00000']
  '012.6000': ['1.168', '1.057', '0.080', '-0.88715', '0.46148', '-0.00076', '-0.46148',
    '-0.88715', '0.00038', '-0.00050', '0.00068', '1.00000']
  '014.2000': ['0.885', '0.969', '0.080', '-0.99852', '-0.05448', '0.00023', '0.05448',
    '-0.99852', '-0.00011', '0.00023', '-0.00010', '1.00000']
  '014.2667': ['0.871', '0.970', '0.080', '-0.99709', '-0.07619', '0.00020', '0.07619',
    '-0.99709', '-0.00013', '0.00021', '-0.00012', '1.00000']
  '014.3333': ['0.857', '0.970', '0.080', '-0.99509', '-0.09897', '0.00022', '0.09897',
    '-0.99509', '-0.00011', '0.00023', '-0.00009', '1.00000']
  '014.4000': ['0.845', '0.973', '0.080', '-0.99266', '-0.12090', '0.00016', '0.12090',
    '-0.99266', '-0.00012', '0.00018', '-0.00010', '1.00000']
  '014.4667': ['0.832', '0.975', '0.080', '-0.98968', '-0.14329', '0.00013', '0.14329',
    '-0.98968', '-0.00010', '0.00014', '-0.00008', '1.00000']
  '014.5333': ['0.818', '0.978', '0.080', '-0.98535', '-0.17057', '0.00019', '0.17057',
    '-0.98535', '-0.00013', '0.00021', '-0.00010', '1.00000']
  '014.6000': ['0.805', '0.980', '0.080', '-0.98063', '-0.19588', '0.00018', '0.19588',
    '-0.98063', '-0.00011', '0.00020', '-0.00007', '1.00000']
  '014.6667': ['0.793', '0.981', '0.080', '-0.97807', '-0.20828', '0.00015', '0.20828',
    '-0.97807', '-0.00006', '0.00016', '-0.00003', '1.00000']
  '014.7333': ['0.779', '0.983', '0.080', '-0.97550', '-0.21999', '0.00014', '0.21999',
    '-0.97550', '-0.00003', '0.00014', '0.00000', '1.00000']
  '014.8000': ['0.766', '0.986', '0.080', '-0.97404', '-0.22636', '0.00017', '0.22636',
    '-0.97404', '0.00002', '0.00016', '0.00005', '1.00000']
  '014.8667': ['0.753', '0.988', '0.080', '-0.97161', '-0.23661', '0.00022', '0.23661',
    '-0.97161', '0.00005', '0.00021', '0.00010', '1.00000']
  '014.9333': ['0.738', '0.990', '0.080', '-0.97014', '-0.24255', '0.00019', '0.24255',
    '-0.97014', '0.00010', '0.00016', '0.00014', '1.00000']
  '015.0000': ['0.726', '0.993', '0.080', '-0.96885', '-0.24767', '0.00010', '0.24767',
    '-0.96885', '0.00014', '0.00006', '0.00016', '1.00000']
  '015.0667': ['0.713', '0.997', '0.080', '-0.96999', '-0.24315', '0.00001', '0.24315',
    '-0.96999', '0.00010', '-0.00001', '0.00010', '1.00000']
  '015.1333': ['0.700', '0.999', '0.080', '-0.96861', '-0.24860', '-0.00001', '0.24860',
    '-0.96861', '0.00013', '-0.00004', '0.00012', '1.00000']
  '015.2000': ['0.687', '1.002', '0.080', '-0.96742', '-0.25319', '-0.00006', '0.25319',
    '-0.96742', '0.00015', '-0.00010', '0.00013', '1.00000']
  '015.2667': ['0.674', '1.004', '0.080', '-0.96771', '-0.25207', '-0.00005', '0.25207',
    '-0.96771', '0.00017', '-0.00009', '0.00015', '1.00000']
  '015.3333': ['0.659', '1.008', '0.080', '-0.96987', '-0.24363', '-0.00014', '0.24363',
    '-0.96987', '0.00018', '-0.00018', '0.00014', '1.00000']
  '015.4000': ['0.646', '1.011', '0.080', '-0.97265', '-0.23229', '-0.00014', '0.23229',
    '-0.97265', '0.00020', '-0.00018', '0.00016', '1.00000']
  '015.4667': ['0.634', '1.015', '0.080', '-0.97588', '-0.21832', '-0.00025', '0.21832',
    '-0.97588', '0.00021', '-0.00029', '0.00015', '1.00000']
  '015.5333': ['0.620', '1.018', '0.080', '-0.97924', '-0.20273', '-0.00026', '0.20273',
    '-0.97924', '0.00020', '-0.00030', '0.00015', '1.00000']
  '015.6000': ['0.609', '1.021', '0.080', '-0.98233', '-0.18714', '-0.00033', '0.18714',
    '-0.98233', '0.00020', '-0.00037', '0.00014', '1.00000']
  '015.6667': ['0.595', '1.023', '0.080', '-0.98502', '-0.17244', '-0.00033', '0.17244',
    '-0.98502', '0.00024', '-0.00037', '0.00018', '1.00000']
  '015.7333': ['0.581', '1.025', '0.080', '-0.98899', '-0.14801', '-0.00037', '0.14801',
    '-0.98899', '0.00019', '-0.00039', '0.00013', '1.00000']
  '015.8000': ['0.567', '1.027', '0.080', '-0.99335', '-0.11512', '-0.00040', '0.11512',
    '-0.99335', '0.00023', '-0.00042', '0.00019', '1.00000']
  '015.8667': ['0.554', '1.029', '0.080', '-0.99680', '-0.07998', '-0.00047', '0.07998',
    '-0.99680', '0.00020', '-0.00049', '0.00016', '1.00000']
  '015.9333': ['0.540', '1.030', '0.080', '-0.99919', '-0.04015', '-0.00049', '0.04015',
    '-0.99919', '0.00018', '-0.00050', '0.00016', '1.00000']
  '016.0000': ['0.527', '1.031', '0.080', '-1.00000', '0.00106', '-0.00051', '-0.00106',
    '-1.00000', '0.00015', '-0.00051', '0.00015', '1.00000']
  '016.0667': ['0.514', '1.031', '0.080', '-0.99903', '0.04413', '-0.00056', '-0.04413',
    '-0.99903', '0.00007', '-0.00055', '0.00009', '1.00000']
  '016.1333': ['0.499', '1.030', '0.080', '-0.99533', '0.09654', '-0.00053', '-0.09654',
    '-0.99533', '0.00007', '-0.00052', '0.00012', '1.00000']
  '016.2000': ['0.486', '1.028', '0.080', '-0.98984', '0.14219', '-0.00057', '-0.14219',
    '-0.98984', '0.00003', '-0.00056', '0.00011', '1.00000']
  '016.2667': ['0.472', '1.026', '0.080', '-0.98228', '0.18741', '-0.00056', '-0.18741',
    '-0.98228', '0.00000', '-0.00055', '0.00011', '1.00000']
  '016.3333': ['0.459', '1.024', '0.080', '-0.97540', '0.22046', '-0.00059', '-0.22046',
    '-0.97540', '-0.00003', '-0.00058', '0.00010', '1.00000']
  '016.4000': ['0.446', '1.021', '0.080', '-0.96836', '0.24956', '-0.00062', '-0.24956',
    '-0.96836', '-0.00004', '-0.00061', '0.00011', '1.00000']
  '016.4667': ['0.433', '1.018', '0.080', '-0.96303', '0.26939', '-0.00059', '-0.26939',
    '-0.96303', '-0.00012', '-0.00061', '0.00004', '1.00000']
  '016.5333': ['0.421', '1.015', '0.080', '-0.95412', '0.29942', '-0.00057', '-0.29942',
    '-0.95412', '-0.00016', '-0.00060', '0.00002', '1.00000']
  '016.6000': ['0.408', '1.011', '0.080', '-0.94053', '0.33970', '-0.00058', '-0.33970',
    '-0.94053', '-0.00018', '-0.00061', '0.00003', '1.00000']
  '016.6667': ['0.395', '1.006', '0.080', '-0.92436', '0.38151', '-0.00057', '-0.38151',
    '-0.92436', '-0.00018', '-0.00059', '0.00005', '1.00000']
  '016.7333': ['0.382', '1.000', '0.080', '-0.90528', '0.42482', '-0.00055', '-0.42482',
    '-0.90528', '-0.00022', '-0.00060', '0.00003', '1.00000']
  '016.8000': ['0.368', '0.993', '0.080', '-0.88027', '0.47447', '-0.00054', '-0.47447',
    '-0.88027', '-0.00023', '-0.00059', '0.00005', '1.00000']
  '016.8667': ['0.355', '0.986', '0.080', '-0.85581', '0.51729', '-0.00054', '-0.51729',
    '-0.85581', '-0.00025', '-0.00059', '0.00006', '1.00000']
  '016.9333': ['0.342', '0.977', '0.080', '-0.82670', '0.56264', '-0.00054', '-0.56264',
    '-0.82670', '-0.00027', '-0.00059', '0.00008', '1.00000']
  '017.0000': ['0.328', '0.969', '0.080', '-0.79606', '0.60521', '-0.00050', '-0.60521',
    '-0.79606', '-0.00030', '-0.00058', '0.00007', '1.00000']
  '017.0667': ['0.318', '0.959', '0.080', '-0.76552', '0.64341', '-0.00057', '-0.64341',
    '-0.76552', '-0.00030', '-0.00062', '0.00014', '1.00000']
  '017.1333': ['0.306', '0.949', '0.080', '-0.72562', '0.68810', '-0.00052', '-0.68810',
    '-0.72562', '-0.00026', '-0.00056', '0.00017', '1.00000']
  '017.2000': ['0.295', '0.939', '0.080', '-0.69535', '0.71867', '-0.00054', '-0.71867',
    '-0.69535', '-0.00026', '-0.00056', '0.00021', '1.00000']
  '017.2667': ['0.288', '0.930', '0.080', '-0.67484', '0.73797', '-0.00059', '-0.73797',
    '-0.67484', '-0.00026', '-0.00059', '0.00026', '1.00000']
  '017.3333': ['0.284', '0.922', '0.080', '-0.66605', '0.74591', '-0.00067', '-0.74591',
    '-0.66605', '-0.00027', '-0.00065', '0.00032', '1.00000']
  '017.4000': ['0.279', '0.913', '0.080', '-0.65883', '0.75229', '-0.00071', '-0.75229',
    '-0.65883', '-0.00023', '-0.00064', '0.00038', '1.00000']
  '017.4667': ['0.271', '0.904', '0.080', '-0.65370', '0.75676', '-0.00073', '-0.75676',
    '-0.65370', '-0.00021', '-0.00063', '0.00041', '1.00000']
  '017.5333': ['0.265', '0.895', '0.080', '-0.65008', '0.75987', '-0.00078', '-0.75987',
    '-0.65008', '-0.00027', '-0.00071', '0.00042', '1.00000']
  '017.6000': ['0.257', '0.885', '0.080', '-0.63500', '0.77251', '-0.00079', '-0.77251',
    '-0.63500', '-0.00029', '-0.00073', '0.00043', '1.00000']
  '017.6666': ['0.246', '0.873', '0.080', '-0.61668', '0.78721', '-0.00078', '-0.78721',
    '-0.61668', '-0.00033', '-0.00074', '0.00041', '1.00000']
  '017.7333': ['0.238', '0.862', '0.080', '-0.59348', '0.80485', '-0.00078', '-0.80485',
    '-0.59348', '-0.00034', '-0.00074', '0.00043', '1.00000']
  '017.8000': ['0.233', '0.854', '0.080', '-0.57427', '0.81867', '-0.00080', '-0.81867',
    '-0.57427', '-0.00038', '-0.00077', '0.00044', '1.00000']
  '017.8666': ['0.222', '0.840', '0.080', '-0.55289', '0.83326', '-0.00078', '-0.83326',
    '-0.55289', '-0.00039', '-0.00075', '0.00043', '1.00000']
  '017.9333': ['0.215', '0.829', '0.080', '-0.53040', '0.84775', '-0.00078', '-0.84775',
    '-0.53040', '-0.00040', '-0.00075', '0.00045', '1.00000']
  '018.0000': ['0.206', '0.816', '0.080', '-0.50455', '0.86338', '-0.00078', '-0.86338',
    '-0.50455', '-0.00041', '-0.00075', '0.00047', '1.00000']
  '021.0000': ['0.191', '0.304', '0.080', '0.64974', '0.76016', '-0.00007', '-0.76016',
    '0.64974', '-0.00050', '-0.00033', '0.00038', '1.00000']
  '021.0666': ['0.198', '0.296', '0.080', '0.66896', '0.74330', '-0.00006', '-0.74330',
    '0.66896', '-0.00050', '-0.00033', '0.00037', '1.00000']
  '021.1333': ['0.204', '0.289', '0.080', '0.68672', '0.72692', '-0.00006', '-0.72692',
    '0.68672', '-0.00050', '-0.00032', '0.00039', '1.00000']
  '021.2000': ['0.210', '0.283', '0.080', '0.70368', '0.71052', '-0.00004', '-0.71052',
    '0.70368', '-0.00050', '-0.00033', '0.00039', '1.00000']
  '021.2666': ['0.218', '0.275', '0.080', '0.72456', '0.68921', '-0.00003', '-0.68921',
    '0.72456', '-0.00051', '-0.00033', '0.00039', '1.00000']
  '021.3333': ['0.227', '0.267', '0.080', '0.74481', '0.66727', '-0.00000', '-0.66727',
    '0.74481', '-0.00050', '-0.00033', '0.00037', '1.00000']
  '021.4000': ['0.238', '0.258', '0.080', '0.76592', '0.64294', '0.00001', '-0.64294',
    '0.76592', '-0.00050', '-0.00032', '0.00038', '1.00000']
  '021.4666': ['0.247', '0.251', '0.080', '0.78342', '0.62149', '0.00002', '-0.62149',
    '0.78342', '-0.00050', '-0.00032', '0.00038', '1.00000']
  '021.5333': ['0.254', '0.246', '0.080', '0.79560', '0.60583', '0.00003', '-0.60583',
    '0.79560', '-0.00053', '-0.00034', '0.00040', '1.00000']
  '021.6000': ['0.266', '0.237', '0.080', '0.81354', '0.58151', '0.00004', '-0.58151',
    '0.81354', '-0.00049', '-0.00032', '0.00038', '1.00000']
  '021.6666': ['0.280', '0.227', '0.080', '0.83173', '0.55517', '0.00005', '-0.55517',
    '0.83173', '-0.00048', '-0.00031', '0.00037', '1.00000']
  '021.7333': ['0.288', '0.222', '0.080', '0.84010', '0.54243', '0.00007', '-0.54243',
    '0.84010', '-0.00048', '-0.00032', '0.00036', '1.00000']
  '021.8000': ['0.296', '0.217', '0.080', '0.84762', '0.53060', '0.00008', '-0.53060',
    '0.84762', '-0.00049', '-0.00032', '0.00037', '1.00000']
  '021.8666': ['0.309', '0.210', '0.080', '0.85970', '0.51081', '0.00009', '-0.51081',
    '0.85970', '-0.00047', '-0.00032', '0.00036', '1.00000']
  '021.9333': ['0.315', '0.207', '0.080', '0.86204', '0.50684', '0.00011', '-0.50684',
    '0.86204', '-0.00048', '-0.00034', '0.00036', '1.00000']
  '022.0000': ['0.325', '0.199', '0.080', '0.86767', '0.49715', '0.00011', '-0.49715',
    '0.86767', '-0.00042', '-0.00030', '0.00031', '1.00000']
  '022.0666': ['0.338', '0.193', '0.080', '0.87668', '0.48108', '0.00011', '-0.48108',
    '0.87668', '-0.00042', '-0.00030', '0.00031', '1.00000']
  '022.1333': ['0.347', '0.189', '0.080', '0.88194', '0.47137', '0.00011', '-0.47137',
    '0.88194', '-0.00042', '-0.00030', '0.00032', '1.00000']
  '022.2000': ['0.360', '0.181', '0.080', '0.89025', '0.45548', '0.00010', '-0.45548',
    '0.89025', '-0.00043', '-0.00029', '0.00034', '1.00000']
  '022.2666': ['0.366', '0.178', '0.080', '0.89485', '0.44636', '0.00010', '-0.44636',
    '0.89485', '-0.00045', '-0.00029', '0.00036', '1.00000']
  '022.3333': ['0.377', '0.173', '0.080', '0.90032', '0.43524', '0.00012', '-0.43524',
    '0.90032', '-0.00044', '-0.00030', '0.00034', '1.00000']
  '022.4000': ['0.387', '0.167', '0.080', '0.90985', '0.41493', '0.00014', '-0.41493',
    '0.90985', '-0.00042', '-0.00030', '0.00033', '1.00000']
  '022.4666': ['0.374', '0.161', '0.080', '0.93164', '0.36339', '0.00001', '-0.36339',
    '0.93164', '-0.00012', '-0.00005', '0.00011', '1.00000']
  '022.5333': ['0.390', '0.155', '0.080', '0.94237', '0.33457', '0.00004', '-0.33457',
    '0.94237', '-0.00009', '-0.00007', '0.00007', '1.00000']
