begin_time_stamp: 1588330390.8666618
data_header:
  time_stamp: [x, y, z, R11, R12, R13, R21, R22, R23, R31, R32, R33]
trajectory_data:
  '000.0000': ['0.127', '1.146', '0.080', '-0.83881', '0.54443', '-0.00032', '-0.54443',
    '-0.83881', '0.00100', '0.00028', '0.00102', '1.00000']
  '000.0667': ['0.127', '1.147', '0.080', '-0.83824', '0.54530', '-0.00033', '-0.54530',
    '-0.83824', '0.00100', '0.00027', '0.00101', '1.00000']
  '000.1333': ['0.128', '1.148', '0.080', '-0.83821', '0.54534', '-0.00033', '-0.54534',
    '-0.83821', '0.00100', '0.00027', '0.00102', '1.00000']
  '000.2000': ['0.127', '1.147', '0.080', '-0.83802', '0.54563', '-0.00032', '-0.54563',
    '-0.83802', '0.00100', '0.00028', '0.00101', '1.00000']
  '000.2667': ['0.127', '1.145', '0.080', '-0.83885', '0.54436', '-0.00032', '-0.54436',
    '-0.83885', '0.00101', '0.00028', '0.00102', '1.00000']
  '000.3333': ['0.127', '1.147', '0.080', '-0.83817', '0.54541', '-0.00033', '-0.54541',
    '-0.83817', '0.00100', '0.00027', '0.00101', '1.00000']
  '000.4000': ['0.128', '1.148', '0.080', '-0.83785', '0.54591', '-0.00033', '-0.54591',
    '-0.83785', '0.00100', '0.00027', '0.00101', '1.00000']
  '000.4667': ['0.127', '1.147', '0.080', '-0.83886', '0.54435', '-0.00032', '-0.54435',
    '-0.83886', '0.00101', '0.00028', '0.00102', '1.00000']
  '000.5333': ['0.127', '1.147', '0.080', '-0.83942', '0.54349', '-0.00033', '-0.54349',
    '-0.83942', '0.00101', '0.00027', '0.00102', '1.00000']
  '000.6000': ['0.127', '1.146', '0.080', '-0.83789', '0.54584', '-0.00032', '-0.54584',
    '-0.83789', '0.00101', '0.00028', '0.00102', '1.00000']
  '000.6667': ['0.127', '1.146', '0.080', '-0.83915', '0.54390', '-0.00032', '-0.54390',
    '-0.83915', '0.00101', '0.00028', '0.00102', '1.00000']
  '000.7333': ['0.127', '1.146', '0.080', '-0.83890', '0.54428', '-0.00032', '-0.54428',
    '-0.83890', '0.00102', '0.00028', '0.00103', '1.00000']
  '000.8000': ['0.127', '1.146', '0.080', '-0.83858', '0.54478', '-0.00033', '-0.54478',
    '-0.83858', '0.00101', '0.00027', '0.00102', '1.00000']
  '000.8667': ['0.127', '1.147', '0.080', '-0.83813', '0.54547', '-0.00032', '-0.54547',
    '-0.83813', '0.00100', '0.00027', '0.00101', '1.00000']
  '000.9333': ['0.127', '1.146', '0.080', '-0.83887', '0.54433', '-0.00032', '-0.54433',
    '-0.83887', '0.00101', '0.00027', '0.00102', '1.00000']
  '001.0000': ['0.127', '1.146', '0.080', '-0.83885', '0.54436', '-0.00032', '-0.54436',
    '-0.83885', '0.00101', '0.00028', '0.00102', '1.00000']
  '001.0667': ['0.127', '1.146', '0.080', '-0.83801', '0.54565', '-0.00032', '-0.54565',
    '-0.83801', '0.00101', '0.00028', '0.00102', '1.00000']
  '001.1333': ['0.127', '1.146', '0.080', '-0.83880', '0.54444', '-0.00032', '-0.54444',
    '-0.83880', '0.00101', '0.00028', '0.00102', '1.00000']
  '001.2000': ['0.128', '1.148', '0.080', '-0.83873', '0.54454', '-0.00032', '-0.54454',
    '-0.83873', '0.00099', '0.00027', '0.00101', '1.00000']
  '001.2667': ['0.127', '1.147', '0.080', '-0.83773', '0.54608', '-0.00032', '-0.54608',
    '-0.83773', '0.00100', '0.00028', '0.00101', '1.00000']
  '001.3333': ['0.127', '1.147', '0.080', '-0.83863', '0.54470', '-0.00032', '-0.54470',
    '-0.83863', '0.00100', '0.00027', '0.00102', '1.00000']
  '001.4000': ['0.128', '1.148', '0.080', '-0.83897', '0.54417', '-0.00033', '-0.54417',
    '-0.83897', '0.00100', '0.00027', '0.00102', '1.00000']
  '001.4667': ['0.127', '1.146', '0.080', '-0.83950', '0.54336', '-0.00032', '-0.54336',
    '-0.83950', '0.00101', '0.00028', '0.00102', '1.00000']
  '001.5333': ['0.127', '1.146', '0.080', '-0.83957', '0.54325', '-0.00032', '-0.54325',
    '-0.83957', '0.00101', '0.00028', '0.00102', '1.00000']
  '001.6000': ['0.127', '1.147', '0.080', '-0.83809', '0.54553', '-0.00032', '-0.54553',
    '-0.83809', '0.00100', '0.00028', '0.00101', '1.00000']
  '001.6667': ['0.127', '1.147', '0.080', '-0.83862', '0.54471', '-0.00033', '-0.54471',
    '-0.83862', '0.00100', '0.00027', '0.00102', '1.00000']
  '001.7333': ['0.127', '1.146', '0.080', '-0.83930', '0.54367', '-0.00032', '-0.54367',
    '-0.83930', '0.00101', '0.00028', '0.00102', '1.00000']
  '001.8000': ['0.127', '1.146', '0.080', '-0.83872', '0.54456', '-0.00033', '-0.54456',
    '-0.83872', '0.00100', '0.00027', '0.00102', '1.00000']
  '001.8667': ['0.127', '1.146', '0.080', '-0.83866', '0.54466', '-0.00032', '-0.54466',
    '-0.83866', '0.00101', '0.00028', '0.00102', '1.00000']
  '001.9333': ['0.127', '1.147', '0.080', '-0.83931', '0.54365', '-0.00033', '-0.54365',
    '-0.83931', '0.00101', '0.00027', '0.00103', '1.00000']
  '002.0000': ['0.127', '1.147', '0.080', '-0.83694', '0.54729', '-0.00032', '-0.54729',
    '-0.83694', '0.00100', '0.00028', '0.00101', '1.00000']
  '002.0667': ['0.127', '1.147', '0.080', '-0.83855', '0.54483', '-0.00032', '-0.54483',
    '-0.83855', '0.00100', '0.00028', '0.00102', '1.00000']
  '002.1333': ['0.127', '1.147', '0.080', '-0.83932', '0.54364', '-0.00033', '-0.54364',
    '-0.83932', '0.00101', '0.00027', '0.00102', '1.00000']
  '002.2000': ['0.127', '1.147', '0.080', '-0.83792', '0.54580', '-0.00033', '-0.54580',
    '-0.83792', '0.00100', '0.00027', '0.00101', '1.00000']
  '002.2667': ['0.127', '1.147', '0.080', '-0.83784', '0.54591', '-0.00032', '-0.54591',
    '-0.83784', '0.00100', '0.00028', '0.00102', '1.00000']
  '002.3333': ['0.128', '1.148', '0.080', '-0.83896', '0.54419', '-0.00033', '-0.54419',
    '-0.83896', '0.00100', '0.00027', '0.00101', '1.00000']
  '002.4000': ['0.127', '1.147', '0.080', '-0.83845', '0.54497', '-0.00033', '-0.54497',
    '-0.83845', '0.00100', '0.00027', '0.00102', '1.00000']
  '002.4667': ['0.127', '1.147', '0.080', '-0.83846', '0.54496', '-0.00033', '-0.54496',
    '-0.83846', '0.00100', '0.00027', '0.00102', '1.00000']
  '002.5333': ['0.127', '1.146', '0.080', '-0.83850', '0.54490', '-0.00032', '-0.54490',
    '-0.83850', '0.00101', '0.00028', '0.00102', '1.00000']
  '002.6000': ['0.127', '1.147', '0.080', '-0.83826', '0.54527', '-0.00033', '-0.54527',
    '-0.83826', '0.00100', '0.00027', '0.00102', '1.00000']
  '002.6667': ['0.127', '1.146', '0.080', '-0.83880', '0.54444', '-0.00032', '-0.54444',
    '-0.83880', '0.00100', '0.00027', '0.00102', '1.00000']
  '002.7333': ['0.128', '1.148', '0.080', '-0.83936', '0.54357', '-0.00033', '-0.54357',
    '-0.83936', '0.00100', '0.00026', '0.00102', '1.00000']
  '002.8000': ['0.127', '1.147', '0.080', '-0.83977', '0.54294', '-0.00033', '-0.54294',
    '-0.83977', '0.00100', '0.00027', '0.00102', '1.00000']
  '002.8667': ['0.127', '1.146', '0.080', '-0.83830', '0.54520', '-0.00032', '-0.54520',
    '-0.83830', '0.00101', '0.00029', '0.00102', '1.00000']
  '002.9333': ['0.127', '1.147', '0.080', '-0.83840', '0.54506', '-0.00033', '-0.54506',
    '-0.83840', '0.00100', '0.00027', '0.00102', '1.00000']
  '003.0000': ['0.127', '1.146', '0.080', '-0.83843', '0.54500', '-0.00032', '-0.54500',
    '-0.83843', '0.00101', '0.00029', '0.00102', '1.00000']
  '003.0667': ['0.127', '1.145', '0.080', '-0.83884', '0.54438', '-0.00032', '-0.54438',
    '-0.83884', '0.00101', '0.00028', '0.00102', '1.00000']
  '003.1333': ['0.127', '1.146', '0.080', '-0.83848', '0.54493', '-0.00032', '-0.54493',
    '-0.83848', '0.00101', '0.00028', '0.00102', '1.00000']
  '003.2000': ['0.127', '1.147', '0.080', '-0.83893', '0.54425', '-0.00033', '-0.54425',
    '-0.83893', '0.00100', '0.00027', '0.00102', '1.00000']
  '003.2667': ['0.128', '1.148', '0.080', '-0.83834', '0.54515', '-0.00033', '-0.54515',
    '-0.83834', '0.00100', '0.00027', '0.00102', '1.00000']
  '003.3333': ['0.127', '1.145', '0.080', '-0.83848', '0.54493', '-0.00032', '-0.54493',
    '-0.83848', '0.00102', '0.00029', '0.00103', '1.00000']
  '003.4000': ['0.127', '1.146', '0.080', '-0.83771', '0.54611', '-0.00032', '-0.54611',
    '-0.83771', '0.00101', '0.00028', '0.00102', '1.00000']
  '003.4667': ['0.127', '1.146', '0.080', '-0.83849', '0.54492', '-0.00032', '-0.54492',
    '-0.83849', '0.00101', '0.00028', '0.00102', '1.00000']
  '003.5333': ['0.128', '1.148', '0.080', '-0.83880', '0.54443', '-0.00033', '-0.54443',
    '-0.83880', '0.00100', '0.00027', '0.00102', '1.00000']
  '003.6000': ['0.128', '1.148', '0.080', '-0.83865', '0.54467', '-0.00033', '-0.54467',
    '-0.83865', '0.00099', '0.00027', '0.00101', '1.00000']
  '003.6667': ['0.127', '1.147', '0.080', '-0.83881', '0.54442', '-0.00032', '-0.54442',
    '-0.83881', '0.00100', '0.00027', '0.00101', '1.00000']
  '003.7333': ['0.127', '1.146', '0.080', '-0.83951', '0.54334', '-0.00032', '-0.54334',
    '-0.83951', '0.00101', '0.00028', '0.00102', '1.00000']
  '003.8000': ['0.127', '1.146', '0.080', '-0.83949', '0.54337', '-0.00032', '-0.54337',
    '-0.83949', '0.00101', '0.00028', '0.00102', '1.00000']
  '003.8667': ['0.127', '1.146', '0.080', '-0.83895', '0.54421', '-0.00032', '-0.54421',
    '-0.83895', '0.00101', '0.00028', '0.00102', '1.00000']
  '003.9333': ['0.127', '1.147', '0.080', '-0.83792', '0.54579', '-0.00032', '-0.54579',
    '-0.83792', '0.00100', '0.00028', '0.00101', '1.00000']
  '004.0000': ['0.127', '1.147', '0.080', '-0.83873', '0.54454', '-0.00032', '-0.54454',
    '-0.83873', '0.00100', '0.00027', '0.00101', '1.00000']
  '004.0667': ['0.127', '1.146', '0.080', '-0.83857', '0.54480', '-0.00033', '-0.54480',
    '-0.83857', '0.00101', '0.00028', '0.00102', '1.00000']
  '004.1333': ['0.127', '1.145', '0.080', '-0.83912', '0.54395', '-0.00032', '-0.54395',
    '-0.83912', '0.00102', '0.00028', '0.00103', '1.00000']
  '004.2000': ['0.127', '1.146', '0.080', '-0.83832', '0.54518', '-0.00033', '-0.54518',
    '-0.83832', '0.00101', '0.00028', '0.00103', '1.00000']
  '004.2667': ['0.127', '1.147', '0.080', '-0.83871', '0.54458', '-0.00033', '-0.54458',
    '-0.83871', '0.00101', '0.00027', '0.00102', '1.00000']
  '004.3333': ['0.127', '1.147', '0.080', '-0.83829', '0.54523', '-0.00033', '-0.54523',
    '-0.83829', '0.00101', '0.00027', '0.00102', '1.00000']
  '004.4000': ['0.127', '1.147', '0.080', '-0.83800', '0.54567', '-0.00033', '-0.54567',
    '-0.83800', '0.00100', '0.00027', '0.00102', '1.00000']
  '004.4667': ['0.127', '1.146', '0.080', '-0.83848', '0.54493', '-0.00033', '-0.54493',
    '-0.83848', '0.00101', '0.00028', '0.00103', '1.00000']
  '004.5333': ['0.127', '1.147', '0.080', '-0.83932', '0.54363', '-0.00032', '-0.54363',
    '-0.83932', '0.00101', '0.00028', '0.00102', '1.00000']
  '004.6000': ['0.127', '1.146', '0.080', '-0.83947', '0.54340', '-0.00032', '-0.54340',
    '-0.83947', '0.00101', '0.00028', '0.00102', '1.00000']
  '004.6667': ['0.127', '1.146', '0.080', '-0.83851', '0.54488', '-0.00032', '-0.54488',
    '-0.83851', '0.00101', '0.00028', '0.00102', '1.00000']
  '004.7333': ['0.127', '1.146', '0.080', '-0.83921', '0.54381', '-0.00033', '-0.54381',
    '-0.83921', '0.00102', '0.00028', '0.00103', '1.00000']
  '004.8000': ['0.127', '1.146', '0.080', '-0.83887', '0.54433', '-0.00032', '-0.54433',
    '-0.83887', '0.00101', '0.00028', '0.00102', '1.00000']
  '004.8667': ['0.127', '1.147', '0.080', '-0.83838', '0.54509', '-0.00032', '-0.54509',
    '-0.83838', '0.00100', '0.00027', '0.00101', '1.00000']
  '004.9333': ['0.127', '1.147', '0.080', '-0.83891', '0.54426', '-0.00032', '-0.54426',
    '-0.83891', '0.00101', '0.00028', '0.00102', '1.00000']
  '005.0000': ['0.127', '1.146', '0.080', '-0.83927', '0.54371', '-0.00032', '-0.54371',
    '-0.83927', '0.00102', '0.00029', '0.00102', '1.00000']
  '005.0667': ['0.127', '1.148', '0.080', '-0.83867', '0.54464', '-0.00032', '-0.54464',
    '-0.83867', '0.00100', '0.00027', '0.00101', '1.00000']
  '005.1333': ['0.127', '1.147', '0.080', '-0.83809', '0.54553', '-0.00032', '-0.54553',
    '-0.83809', '0.00100', '0.00028', '0.00102', '1.00000']
  '005.2000': ['0.127', '1.146', '0.080', '-0.83745', '0.54651', '-0.00032', '-0.54651',
    '-0.83745', '0.00101', '0.00028', '0.00102', '1.00000']
  '005.2667': ['0.127', '1.146', '0.080', '-0.83833', '0.54516', '-0.00032', '-0.54516',
    '-0.83833', '0.00101', '0.00028', '0.00102', '1.00000']
  '005.3333': ['0.127', '1.146', '0.080', '-0.83875', '0.54452', '-0.00032', '-0.54452',
    '-0.83875', '0.00100', '0.00027', '0.00102', '1.00000']
  '005.4000': ['0.127', '1.147', '0.080', '-0.83874', '0.54453', '-0.00033', '-0.54453',
    '-0.83874', '0.00101', '0.00027', '0.00102', '1.00000']
  '005.4667': ['0.127', '1.145', '0.080', '-0.84008', '0.54247', '-0.00032', '-0.54247',
    '-0.84008', '0.00102', '0.00028', '0.00103', '1.00000']
  '005.5333': ['0.127', '1.147', '0.080', '-0.84037', '0.54201', '-0.00033', '-0.54201',
    '-0.84037', '0.00101', '0.00027', '0.00103', '1.00000']
  '005.6000': ['0.128', '1.147', '0.080', '-0.83891', '0.54428', '-0.00033', '-0.54428',
    '-0.83891', '0.00100', '0.00027', '0.00102', '1.00000']
  '005.6667': ['0.127', '1.146', '0.080', '-0.83860', '0.54475', '-0.00032', '-0.54475',
    '-0.83860', '0.00101', '0.00028', '0.00103', '1.00000']
  '005.7333': ['0.127', '1.146', '0.080', '-0.83832', '0.54519', '-0.00033', '-0.54519',
    '-0.83832', '0.00101', '0.00028', '0.00103', '1.00000']
  '005.8000': ['0.127', '1.146', '0.080', '-0.83955', '0.54328', '-0.00033', '-0.54328',
    '-0.83955', '0.00101', '0.00028', '0.00103', '1.00000']
  '005.8667': ['0.127', '1.146', '0.080', '-0.83858', '0.54478', '-0.00032', '-0.54478',
    '-0.83858', '0.00101', '0.00028', '0.00102', '1.00000']
  '005.9333': ['0.127', '1.147', '0.080', '-0.83939', '0.54354', '-0.00033', '-0.54354',
    '-0.83938', '0.00101', '0.00027', '0.00102', '1.00000']
  '006.0000': ['0.127', '1.146', '0.080', '-0.83919', '0.54384', '-0.00033', '-0.54384',
    '-0.83919', '0.00101', '0.00027', '0.00102', '1.00000']
  '006.0667': ['0.127', '1.146', '0.080', '-0.83891', '0.54427', '-0.00032', '-0.54427',
    '-0.83891', '0.00101', '0.00028', '0.00102', '1.00000']
  '006.1333': ['0.127', '1.146', '0.080', '-0.83877', '0.54449', '-0.00032', '-0.54449',
    '-0.83876', '0.00101', '0.00028', '0.00103', '1.00000']
  '006.2000': ['0.127', '1.146', '0.080', '-0.83936', '0.54358', '-0.00033', '-0.54358',
    '-0.83936', '0.00101', '0.00028', '0.00103', '1.00000']
  '006.2667': ['0.127', '1.145', '0.080', '-0.83912', '0.54394', '-0.00032', '-0.54394',
    '-0.83912', '0.00101', '0.00028', '0.00102', '1.00000']
  '006.3333': ['0.127', '1.146', '0.080', '-0.83854', '0.54484', '-0.00032', '-0.54484',
    '-0.83854', '0.00100', '0.00028', '0.00102', '1.00000']
  '006.4000': ['0.127', '1.148', '0.080', '-0.83800', '0.54567', '-0.00032', '-0.54567',
    '-0.83800', '0.00100', '0.00027', '0.00101', '1.00000']
  '006.4667': ['0.127', '1.147', '0.080', '-0.83873', '0.54455', '-0.00033', '-0.54455',
    '-0.83873', '0.00101', '0.00027', '0.00102', '1.00000']
  '006.5333': ['0.128', '1.148', '0.080', '-0.83816', '0.54542', '-0.00034', '-0.54542',
    '-0.83816', '0.00099', '0.00026', '0.00101', '1.00000']
  '006.6000': ['0.127', '1.146', '0.080', '-0.83946', '0.54342', '-0.00033', '-0.54342',
    '-0.83946', '0.00101', '0.00027', '0.00102', '1.00000']
  '006.6667': ['0.127', '1.146', '0.080', '-0.84034', '0.54206', '-0.00033', '-0.54206',
    '-0.84034', '0.00101', '0.00027', '0.00102', '1.00000']
  '006.7333': ['0.127', '1.146', '0.080', '-0.83848', '0.54493', '-0.00032', '-0.54493',
    '-0.83848', '0.00100', '0.00028', '0.00102', '1.00000']
  '006.8000': ['0.127', '1.146', '0.080', '-0.83860', '0.54475', '-0.00032', '-0.54475',
    '-0.83860', '0.00101', '0.00028', '0.00102', '1.00000']
  '006.8667': ['0.127', '1.147', '0.080', '-0.83937', '0.54356', '-0.00033', '-0.54356',
    '-0.83937', '0.00100', '0.00027', '0.00102', '1.00000']
  '006.9333': ['0.128', '1.148', '0.080', '-0.83872', '0.54457', '-0.00033', '-0.54457',
    '-0.83872', '0.00100', '0.00027', '0.00101', '1.00000']
  '007.0000': ['0.127', '1.148', '0.080', '-0.83819', '0.54538', '-0.00032', '-0.54538',
    '-0.83819', '0.00100', '0.00027', '0.00101', '1.00000']
  '007.0667': ['0.127', '1.147', '0.080', '-0.83852', '0.54487', '-0.00032', '-0.54487',
    '-0.83852', '0.00100', '0.00027', '0.00101', '1.00000']
  '007.1333': ['0.127', '1.147', '0.080', '-0.83829', '0.54523', '-0.00033', '-0.54523',
    '-0.83829', '0.00100', '0.00027', '0.00101', '1.00000']
  '007.2000': ['0.127', '1.147', '0.080', '-0.83962', '0.54317', '-0.00033', '-0.54317',
    '-0.83962', '0.00100', '0.00027', '0.00102', '1.00000']
  '007.2667': ['0.127', '1.147', '0.080', '-0.83892', '0.54426', '-0.00033', '-0.54426',
    '-0.83892', '0.00101', '0.00027', '0.00103', '1.00000']
  '007.3333': ['0.127', '1.146', '0.080', '-0.83880', '0.54444', '-0.00033', '-0.54444',
    '-0.83880', '0.00101', '0.00027', '0.00103', '1.00000']
  '007.4000': ['0.127', '1.147', '0.080', '-0.83814', '0.54546', '-0.00033', '-0.54546',
    '-0.83814', '0.00100', '0.00027', '0.00101', '1.00000']
  '007.4667': ['0.127', '1.147', '0.080', '-0.83840', '0.54505', '-0.00032', '-0.54505',
    '-0.83840', '0.00100', '0.00028', '0.00102', '1.00000']
  '007.5333': ['0.127', '1.146', '0.080', '-0.83807', '0.54557', '-0.00032', '-0.54557',
    '-0.83807', '0.00101', '0.00029', '0.00102', '1.00000']
  '007.6000': ['0.127', '1.146', '0.080', '-0.84001', '0.54257', '-0.00033', '-0.54257',
    '-0.84001', '0.00101', '0.00027', '0.00103', '1.00000']
  '007.6667': ['0.127', '1.146', '0.080', '-0.83880', '0.54445', '-0.00033', '-0.54445',
    '-0.83880', '0.00101', '0.00028', '0.00102', '1.00000']
  '007.7333': ['0.128', '1.148', '0.080', '-0.83797', '0.54572', '-0.00033', '-0.54572',
    '-0.83797', '0.00099', '0.00026', '0.00101', '1.00000']
  '007.8000': ['0.128', '1.148', '0.080', '-0.83819', '0.54538', '-0.00033', '-0.54538',
    '-0.83819', '0.00099', '0.00027', '0.00101', '1.00000']
  '007.8667': ['0.127', '1.147', '0.080', '-0.83752', '0.54641', '-0.00032', '-0.54641',
    '-0.83752', '0.00100', '0.00028', '0.00102', '1.00000']
  '007.9333': ['0.127', '1.147', '0.080', '-0.83775', '0.54606', '-0.00032', '-0.54606',
    '-0.83775', '0.00100', '0.00028', '0.00102', '1.00000']
  '008.0000': ['0.127', '1.147', '0.080', '-0.83956', '0.54327', '-0.00032', '-0.54327',
    '-0.83956', '0.00100', '0.00027', '0.00101', '1.00000']
  '008.0667': ['0.127', '1.146', '0.080', '-0.83878', '0.54447', '-0.00033', '-0.54447',
    '-0.83878', '0.00101', '0.00028', '0.00103', '1.00000']
  '008.1333': ['0.127', '1.145', '0.080', '-0.83877', '0.54449', '-0.00032', '-0.54449',
    '-0.83877', '0.00102', '0.00028', '0.00103', '1.00000']
  '008.2000': ['0.128', '1.148', '0.080', '-0.83904', '0.54406', '-0.00032', '-0.54406',
    '-0.83904', '0.00099', '0.00027', '0.00101', '1.00000']
  '008.2667': ['0.127', '1.146', '0.080', '-0.83829', '0.54522', '-0.00032', '-0.54522',
    '-0.83829', '0.00101', '0.00028', '0.00102', '1.00000']
  '008.3333': ['0.127', '1.147', '0.080', '-0.83783', '0.54593', '-0.00032', '-0.54593',
    '-0.83783', '0.00100', '0.00028', '0.00101', '1.00000']
  '008.4000': ['0.127', '1.147', '0.080', '-0.83798', '0.54570', '-0.00032', '-0.54570',
    '-0.83798', '0.00100', '0.00027', '0.00101', '1.00000']
  '008.4667': ['0.127', '1.147', '0.080', '-0.83951', '0.54335', '-0.00033', '-0.54335',
    '-0.83951', '0.00100', '0.00027', '0.00102', '1.00000']
  '008.5333': ['0.127', '1.146', '0.080', '-0.83935', '0.54360', '-0.00032', '-0.54360',
    '-0.83935', '0.00102', '0.00029', '0.00102', '1.00000']
  '008.6000': ['0.127', '1.147', '0.080', '-0.83849', '0.54491', '-0.00033', '-0.54491',
    '-0.83849', '0.00101', '0.00027', '0.00102', '1.00000']
  '008.6667': ['0.127', '1.146', '0.080', '-0.83776', '0.54605', '-0.00032', '-0.54605',
    '-0.83775', '0.00101', '0.00028', '0.00102', '1.00000']
  '008.7333': ['0.127', '1.147', '0.080', '-0.83872', '0.54456', '-0.00033', '-0.54456',
    '-0.83872', '0.00101', '0.00027', '0.00103', '1.00000']
  '008.8000': ['0.127', '1.147', '0.080', '-0.83932', '0.54364', '-0.00033', '-0.54364',
    '-0.83932', '0.00101', '0.00027', '0.00102', '1.00000']
  '008.8667': ['0.127', '1.146', '0.080', '-0.83923', '0.54378', '-0.00033', '-0.54378',
    '-0.83923', '0.00102', '0.00028', '0.00103', '1.00000']
  '008.9333': ['0.127', '1.146', '0.080', '-0.83796', '0.54573', '-0.00032', '-0.54573',
    '-0.83796', '0.00101', '0.00028', '0.00102', '1.00000']
  '009.0000': ['0.127', '1.145', '0.080', '-0.83957', '0.54326', '-0.00032', '-0.54326',
    '-0.83957', '0.00102', '0.00029', '0.00103', '1.00000']
  '009.0667': ['0.127', '1.146', '0.080', '-0.83906', '0.54403', '-0.00033', '-0.54403',
    '-0.83906', '0.00101', '0.00027', '0.00102', '1.00000']
  '009.1333': ['0.127', '1.146', '0.080', '-0.83899', '0.54415', '-0.00032', '-0.54415',
    '-0.83899', '0.00101', '0.00028', '0.00102', '1.00000']
  '009.2000': ['0.127', '1.146', '0.080', '-0.83839', '0.54508', '-0.00032', '-0.54508',
    '-0.83839', '0.00101', '0.00028', '0.00102', '1.00000']
  '009.2667': ['0.127', '1.147', '0.080', '-0.83776', '0.54604', '-0.00032', '-0.54604',
    '-0.83776', '0.00100', '0.00028', '0.00102', '1.00000']
  '009.3333': ['0.127', '1.147', '0.080', '-0.83846', '0.54497', '-0.00032', '-0.54497',
    '-0.83846', '0.00100', '0.00028', '0.00102', '1.00000']
  '009.4000': ['0.127', '1.147', '0.080', '-0.83812', '0.54548', '-0.00032', '-0.54548',
    '-0.83812', '0.00100', '0.00027', '0.00101', '1.00000']
  '009.4667': ['0.127', '1.147', '0.080', '-0.83866', '0.54465', '-0.00033', '-0.54465',
    '-0.83866', '0.00100', '0.00027', '0.00102', '1.00000']
  '009.5333': ['0.128', '1.148', '0.080', '-0.83922', '0.54379', '-0.00033', '-0.54379',
    '-0.83922', '0.00099', '0.00027', '0.00101', '1.00000']
  '009.6000': ['0.127', '1.147', '0.080', '-0.83868', '0.54463', '-0.00032', '-0.54463',
    '-0.83868', '0.00101', '0.00028', '0.00102', '1.00000']
  '009.6667': ['0.128', '1.148', '0.080', '-0.83728', '0.54677', '-0.00032', '-0.54677',
    '-0.83728', '0.00099', '0.00027', '0.00101', '1.00000']
  '009.7333': ['0.127', '1.146', '0.080', '-0.83862', '0.54471', '-0.00032', '-0.54471',
    '-0.83862', '0.00101', '0.00028', '0.00102', '1.00000']
  '009.8000': ['0.127', '1.146', '0.080', '-0.83741', '0.54658', '-0.00032', '-0.54658',
    '-0.83740', '0.00101', '0.00028', '0.00102', '1.00000']
  '009.8667': ['0.127', '1.145', '0.080', '-0.83902', '0.54410', '-0.00032', '-0.54410',
    '-0.83902', '0.00102', '0.00029', '0.00103', '1.00000']
  '009.9333': ['0.126', '1.144', '0.080', '-0.83594', '0.54882', '-0.00059', '-0.54882',
    '-0.83594', '0.00087', '-0.00001', '0.00105', '1.00000']
  '010.0000': ['0.127', '1.145', '0.080', '-0.83592', '0.54885', '-0.00060', '-0.54885',
    '-0.83592', '0.00087', '-0.00002', '0.00105', '1.00000']
  '010.0667': ['0.127', '1.145', '0.080', '-0.83638', '0.54815', '-0.00059', '-0.54815',
    '-0.83638', '0.00087', '-0.00002', '0.00105', '1.00000']
  '010.1333': ['0.127', '1.145', '0.080', '-0.83571', '0.54917', '-0.00059', '-0.54917',
    '-0.83571', '0.00087', '-0.00002', '0.00105', '1.00000']
  '010.2000': ['0.125', '1.145', '0.080', '-0.83543', '0.54959', '-0.00059', '-0.54959',
    '-0.83543', '0.00087', '-0.00001', '0.00105', '1.00000']
  '010.2667': ['0.125', '1.145', '0.080', '-0.83569', '0.54921', '-0.00058', '-0.54921',
    '-0.83569', '0.00086', '-0.00001', '0.00104', '1.00000']
  '010.3333': ['0.126', '1.145', '0.080', '-0.83559', '0.54935', '-0.00059', '-0.54935',
    '-0.83559', '0.00087', '-0.00002', '0.00105', '1.00000']
  '010.4000': ['0.126', '1.145', '0.080', '-0.83637', '0.54817', '-0.00059', '-0.54817',
    '-0.83637', '0.00086', '-0.00002', '0.00105', '1.00000']
  '010.4667': ['0.125', '1.144', '0.080', '-0.83609', '0.54859', '-0.00058', '-0.54859',
    '-0.83609', '0.00087', '-0.00001', '0.00105', '1.00000']
  '010.5333': ['0.125', '1.144', '0.080', '-0.83613', '0.54852', '-0.00059', '-0.54852',
    '-0.83613', '0.00087', '-0.00001', '0.00105', '1.00000']
  '010.6000': ['0.125', '1.145', '0.080', '-0.83644', '0.54806', '-0.00059', '-0.54806',
    '-0.83644', '0.00087', '-0.00002', '0.00105', '1.00000']
  '010.6667': ['0.126', '1.145', '0.080', '-0.83687', '0.54740', '-0.00059', '-0.54740',
    '-0.83687', '0.00087', '-0.00002', '0.00105', '1.00000']
  '010.7333': ['0.125', '1.145', '0.080', '-0.83610', '0.54858', '-0.00058', '-0.54858',
    '-0.83610', '0.00086', '-0.00001', '0.00104', '1.00000']
  '010.8000': ['0.126', '1.145', '0.080', '-0.83662', '0.54779', '-0.00059', '-0.54779',
    '-0.83662', '0.00087', '-0.00002', '0.00105', '1.00000']
  '010.8667': ['0.125', '1.145', '0.080', '-0.83602', '0.54869', '-0.00058', '-0.54869',
    '-0.83602', '0.00086', '-0.00001', '0.00104', '1.00000']
  '010.9333': ['0.126', '1.145', '0.080', '-0.83621', '0.54840', '-0.00059', '-0.54840',
    '-0.83621', '0.00087', '-0.00001', '0.00105', '1.00000']
  '011.0000': ['0.125', '1.145', '0.080', '-0.83642', '0.54808', '-0.00059', '-0.54808',
    '-0.83642', '0.00086', '-0.00002', '0.00104', '1.00000']
  '011.0667': ['0.125', '1.145', '0.080', '-0.83712', '0.54702', '-0.00059', '-0.54702',
    '-0.83712', '0.00087', '-0.00002', '0.00104', '1.00000']
  '011.1333': ['0.127', '1.145', '0.080', '-0.83627', '0.54831', '-0.00060', '-0.54831',
    '-0.83627', '0.00086', '-0.00003', '0.00105', '1.00000']
  '011.2000': ['0.125', '1.144', '0.080', '-0.83724', '0.54683', '-0.00058', '-0.54683',
    '-0.83724', '0.00087', '-0.00001', '0.00104', '1.00000']
  '011.2667': ['0.125', '1.144', '0.080', '-0.83680', '0.54751', '-0.00058', '-0.54751',
    '-0.83680', '0.00087', '-0.00001', '0.00105', '1.00000']
  '011.3333': ['0.125', '1.145', '0.080', '-0.83644', '0.54805', '-0.00059', '-0.54805',
    '-0.83644', '0.00086', '-0.00002', '0.00104', '1.00000']
  '011.4000': ['0.126', '1.145', '0.080', '-0.83540', '0.54965', '-0.00059', '-0.54965',
    '-0.83540', '0.00087', '-0.00002', '0.00105', '1.00000']
  '011.4667': ['0.126', '1.144', '0.080', '-0.83566', '0.54925', '-0.00059', '-0.54925',
    '-0.83566', '0.00087', '-0.00001', '0.00105', '1.00000']
  '011.5333': ['0.125', '1.145', '0.080', '-0.83609', '0.54859', '-0.00059', '-0.54859',
    '-0.83609', '0.00086', '-0.00002', '0.00104', '1.00000']
  '011.6000': ['0.126', '1.145', '0.080', '-0.83657', '0.54785', '-0.00059', '-0.54786',
    '-0.83657', '0.00087', '-0.00002', '0.00105', '1.00000']
  '011.6667': ['0.126', '1.145', '0.080', '-0.83626', '0.54834', '-0.00059', '-0.54834',
    '-0.83626', '0.00086', '-0.00002', '0.00105', '1.00000']
  '011.7333': ['0.127', '1.145', '0.080', '-0.83643', '0.54808', '-0.00060', '-0.54808',
    '-0.83643', '0.00086', '-0.00003', '0.00105', '1.00000']
  '011.8000': ['0.126', '1.144', '0.080', '-0.83627', '0.54831', '-0.00059', '-0.54831',
    '-0.83627', '0.00087', '-0.00002', '0.00105', '1.00000']
  '011.8667': ['0.125', '1.145', '0.080', '-0.83679', '0.54752', '-0.00059', '-0.54752',
    '-0.83679', '0.00086', '-0.00002', '0.00104', '1.00000']
  '011.9333': ['0.126', '1.144', '0.080', '-0.83635', '0.54819', '-0.00059', '-0.54819',
    '-0.83635', '0.00087', '-0.00002', '0.00105', '1.00000']
  '012.0000': ['0.125', '1.145', '0.080', '-0.83676', '0.54757', '-0.00058', '-0.54757',
    '-0.83676', '0.00086', '-0.00001', '0.00104', '1.00000']
  '012.0667': ['0.126', '1.145', '0.080', '-0.83664', '0.54775', '-0.00059', '-0.54775',
    '-0.83664', '0.00086', '-0.00002', '0.00105', '1.00000']
  '012.1333': ['0.126', '1.145', '0.080', '-0.83609', '0.54859', '-0.00059', '-0.54859',
    '-0.83609', '0.00086', '-0.00002', '0.00105', '1.00000']
  '012.2000': ['0.125', '1.144', '0.080', '-0.83633', '0.54823', '-0.00058', '-0.54823',
    '-0.83633', '0.00087', '-0.00001', '0.00105', '1.00000']
  '012.2667': ['0.125', '1.145', '0.080', '-0.83655', '0.54789', '-0.00059', '-0.54789',
    '-0.83655', '0.00086', '-0.00002', '0.00104', '1.00000']
  '012.3333': ['0.126', '1.145', '0.080', '-0.83650', '0.54797', '-0.00059', '-0.54797',
    '-0.83650', '0.00086', '-0.00002', '0.00105', '1.00000']
  '012.4000': ['0.126', '1.144', '0.080', '-0.83636', '0.54818', '-0.00059', '-0.54818',
    '-0.83636', '0.00087', '-0.00002', '0.00105', '1.00000']
  '012.4667': ['0.126', '1.144', '0.080', '-0.83624', '0.54836', '-0.00059', '-0.54837',
    '-0.83624', '0.00087', '-0.00002', '0.00105', '1.00000']
  '012.5333': ['0.126', '1.144', '0.080', '-0.83637', '0.54816', '-0.00059', '-0.54816',
    '-0.83637', '0.00087', '-0.00002', '0.00105', '1.00000']
  '012.6000': ['0.126', '1.145', '0.080', '-0.83624', '0.54836', '-0.00059', '-0.54836',
    '-0.83624', '0.00087', '-0.00002', '0.00105', '1.00000']
  '012.6667': ['0.127', '1.145', '0.080', '-0.83648', '0.54800', '-0.00060', '-0.54800',
    '-0.83648', '0.00086', '-0.00003', '0.00105', '1.00000']
  '012.7333': ['0.125', '1.144', '0.080', '-0.83605', '0.54866', '-0.00058', '-0.54866',
    '-0.83605', '0.00087', '-0.00001', '0.00105', '1.00000']
  '012.8000': ['0.127', '1.145', '0.080', '-0.83590', '0.54889', '-0.00059', '-0.54889',
    '-0.83590', '0.00087', '-0.00002', '0.00105', '1.00000']
  '012.8667': ['0.126', '1.144', '0.080', '-0.83620', '0.54842', '-0.00059', '-0.54842',
    '-0.83620', '0.00087', '-0.00001', '0.00105', '1.00000']
  '012.9333': ['0.126', '1.144', '0.080', '-0.83680', '0.54751', '-0.00059', '-0.54751',
    '-0.83680', '0.00087', '-0.00002', '0.00105', '1.00000']
  '013.0000': ['0.126', '1.145', '0.080', '-0.83630', '0.54828', '-0.00059', '-0.54828',
    '-0.83630', '0.00086', '-0.00002', '0.00105', '1.00000']
  '013.0667': ['0.126', '1.145', '0.080', '-0.83631', '0.54825', '-0.00059', '-0.54825',
    '-0.83631', '0.00086', '-0.00002', '0.00105', '1.00000']
  '013.1333': ['0.127', '1.146', '0.080', '-0.83633', '0.54823', '-0.00059', '-0.54823',
    '-0.83633', '0.00086', '-0.00003', '0.00104', '1.00000']
  '013.2000': ['0.126', '1.145', '0.080', '-0.83657', '0.54786', '-0.00059', '-0.54786',
    '-0.83657', '0.00086', '-0.00002', '0.00104', '1.00000']
  '013.2667': ['0.126', '1.145', '0.080', '-0.83666', '0.54773', '-0.00059', '-0.54773',
    '-0.83666', '0.00087', '-0.00002', '0.00105', '1.00000']
  '013.3333': ['0.126', '1.144', '0.080', '-0.83659', '0.54783', '-0.00059', '-0.54783',
    '-0.83659', '0.00087', '-0.00001', '0.00105', '1.00000']
  '013.4000': ['0.125', '1.144', '0.080', '-0.83650', '0.54797', '-0.00059', '-0.54797',
    '-0.83650', '0.00087', '-0.00001', '0.00105', '1.00000']
  '013.4667': ['0.126', '1.145', '0.080', '-0.83606', '0.54863', '-0.00059', '-0.54863',
    '-0.83606', '0.00087', '-0.00002', '0.00105', '1.00000']
  '013.5333': ['0.126', '1.145', '0.080', '-0.83658', '0.54784', '-0.00059', '-0.54784',
    '-0.83658', '0.00086', '-0.00002', '0.00104', '1.00000']
  '013.6000': ['0.127', '1.145', '0.080', '-0.83509', '0.55012', '-0.00059', '-0.55012',
    '-0.83509', '0.00086', '-0.00002', '0.00104', '1.00000']
  '013.6667': ['0.126', '1.145', '0.080', '-0.83576', '0.54909', '-0.00059', '-0.54909',
    '-0.83576', '0.00086', '-0.00002', '0.00105', '1.00000']
  '013.7333': ['0.125', '1.144', '0.080', '-0.83561', '0.54932', '-0.00058', '-0.54932',
    '-0.83561', '0.00087', '-0.00001', '0.00105', '1.00000']
  '013.8000': ['0.126', '1.145', '0.080', '-0.83607', '0.54862', '-0.00059', '-0.54862',
    '-0.83607', '0.00086', '-0.00002', '0.00105', '1.00000']
  '013.8667': ['0.125', '1.144', '0.080', '-0.83613', '0.54853', '-0.00058', '-0.54853',
    '-0.83613', '0.00087', '-0.00001', '0.00105', '1.00000']
  '013.9333': ['0.127', '1.144', '0.080', '-0.83664', '0.54776', '-0.00059', '-0.54776',
    '-0.83663', '0.00087', '-0.00002', '0.00105', '1.00000']
  '014.0000': ['0.126', '1.145', '0.080', '-0.83577', '0.54909', '-0.00059', '-0.54909',
    '-0.83577', '0.00086', '-0.00002', '0.00105', '1.00000']
  '014.0667': ['0.125', '1.145', '0.080', '-0.83517', '0.54999', '-0.00058', '-0.54999',
    '-0.83517', '0.00087', '-0.00001', '0.00104', '1.00000']
  '014.1333': ['0.126', '1.144', '0.080', '-0.83658', '0.54785', '-0.00059', '-0.54785',
    '-0.83658', '0.00087', '-0.00002', '0.00105', '1.00000']
  '014.2000': ['0.126', '1.144', '0.080', '-0.83574', '0.54912', '-0.00059', '-0.54912',
    '-0.83574', '0.00087', '-0.00001', '0.00105', '1.00000']
  '014.2667': ['0.125', '1.145', '0.080', '-0.83549', '0.54950', '-0.00059', '-0.54950',
    '-0.83549', '0.00086', '-0.00002', '0.00104', '1.00000']
  '014.3333': ['0.127', '1.146', '0.080', '-0.83572', '0.54915', '-0.00060', '-0.54915',
    '-0.83572', '0.00086', '-0.00003', '0.00105', '1.00000']
  '014.4000': ['0.126', '1.145', '0.080', '-0.83576', '0.54910', '-0.00059', '-0.54910',
    '-0.83576', '0.00087', '-0.00002', '0.00105', '1.00000']
  '014.4667': ['0.126', '1.145', '0.080', '-0.83608', '0.54861', '-0.00059', '-0.54861',
    '-0.83608', '0.00086', '-0.00002', '0.00105', '1.00000']
  '014.5333': ['0.126', '1.144', '0.080', '-0.83670', '0.54766', '-0.00059', '-0.54766',
    '-0.83670', '0.00087', '-0.00001', '0.00105', '1.00000']
  '014.6000': ['0.125', '1.145', '0.080', '-0.83569', '0.54920', '-0.00058', '-0.54920',
    '-0.83569', '0.00086', '-0.00001', '0.00104', '1.00000']
  '014.6667': ['0.125', '1.145', '0.080', '-0.83703', '0.54716', '-0.00059', '-0.54716',
    '-0.83703', '0.00087', '-0.00002', '0.00105', '1.00000']
  '014.7333': ['0.127', '1.145', '0.080', '-0.83636', '0.54819', '-0.00060', '-0.54819',
    '-0.83636', '0.00086', '-0.00003', '0.00105', '1.00000']
  '014.8000': ['0.127', '1.145', '0.080', '-0.83561', '0.54932', '-0.00059', '-0.54932',
    '-0.83561', '0.00087', '-0.00002', '0.00105', '1.00000']
  '014.8667': ['0.126', '1.145', '0.080', '-0.83573', '0.54914', '-0.00059', '-0.54914',
    '-0.83573', '0.00086', '-0.00002', '0.00104', '1.00000']
  '014.9333': ['0.126', '1.145', '0.080', '-0.83564', '0.54928', '-0.00059', '-0.54928',
    '-0.83564', '0.00086', '-0.00002', '0.00105', '1.00000']
  '015.0000': ['0.125', '1.145', '0.080', '-0.83564', '0.54928', '-0.00058', '-0.54928',
    '-0.83564', '0.00087', '-0.00001', '0.00104', '1.00000']
  '015.0667': ['0.126', '1.144', '0.080', '-0.83620', '0.54843', '-0.00059', '-0.54843',
    '-0.83620', '0.00087', '-0.00001', '0.00105', '1.00000']
  '015.1333': ['0.126', '1.144', '0.080', '-0.83624', '0.54836', '-0.00059', '-0.54836',
    '-0.83624', '0.00087', '-0.00002', '0.00105', '1.00000']
  '015.2000': ['0.125', '1.144', '0.080', '-0.83587', '0.54893', '-0.00058', '-0.54893',
    '-0.83587', '0.00087', '-0.00001', '0.00105', '1.00000']
  '015.2667': ['0.125', '1.144', '0.080', '-0.83576', '0.54909', '-0.00058', '-0.54909',
    '-0.83576', '0.00087', '-0.00001', '0.00104', '1.00000']
  '015.3333': ['0.126', '1.145', '0.080', '-0.83598', '0.54876', '-0.00058', '-0.54876',
    '-0.83598', '0.00087', '-0.00001', '0.00104', '1.00000']
  '015.4000': ['0.126', '1.145', '0.080', '-0.83574', '0.54912', '-0.00059', '-0.54912',
    '-0.83574', '0.00087', '-0.00002', '0.00105', '1.00000']
  '015.4667': ['0.125', '1.145', '0.080', '-0.83664', '0.54776', '-0.00058', '-0.54776',
    '-0.83664', '0.00087', '-0.00001', '0.00105', '1.00000']
  '015.5333': ['0.126', '1.144', '0.080', '-0.83550', '0.54948', '-0.00059', '-0.54948',
    '-0.83550', '0.00087', '-0.00001', '0.00105', '1.00000']
  '015.6000': ['0.127', '1.145', '0.080', '-0.83619', '0.54844', '-0.00059', '-0.54844',
    '-0.83619', '0.00087', '-0.00002', '0.00105', '1.00000']
  '015.6667': ['0.126', '1.145', '0.080', '-0.83638', '0.54814', '-0.00059', '-0.54814',
    '-0.83638', '0.00087', '-0.00001', '0.00105', '1.00000']
  '015.7333': ['0.126', '1.145', '0.080', '-0.83567', '0.54924', '-0.00059', '-0.54924',
    '-0.83567', '0.00086', '-0.00002', '0.00104', '1.00000']
  '015.8000': ['0.126', '1.145', '0.080', '-0.83583', '0.54898', '-0.00058', '-0.54898',
    '-0.83583', '0.00086', '-0.00001', '0.00104', '1.00000']
  '015.8667': ['0.126', '1.145', '0.080', '-0.83551', '0.54947', '-0.00059', '-0.54947',
    '-0.83551', '0.00087', '-0.00002', '0.00105', '1.00000']
  '015.9333': ['0.125', '1.145', '0.080', '-0.83632', '0.54824', '-0.00059', '-0.54824',
    '-0.83632', '0.00087', '-0.00001', '0.00105', '1.00000']
  '016.0000': ['0.125', '1.145', '0.080', '-0.83569', '0.54921', '-0.00059', '-0.54921',
    '-0.83569', '0.00087', '-0.00001', '0.00105', '1.00000']
  '016.0667': ['0.126', '1.145', '0.080', '-0.83533', '0.54975', '-0.00059', '-0.54975',
    '-0.83533', '0.00087', '-0.00001', '0.00104', '1.00000']
  '016.1333': ['0.125', '1.144', '0.080', '-0.83692', '0.54733', '-0.00059', '-0.54733',
    '-0.83691', '0.00087', '-0.00001', '0.00105', '1.00000']
  '016.2000': ['0.127', '1.146', '0.080', '-0.83992', '0.54271', '-0.00033', '-0.54271',
    '-0.83992', '0.00102', '0.00028', '0.00103', '1.00000']
  '016.2667': ['0.127', '1.147', '0.080', '-0.83737', '0.54663', '-0.00032', '-0.54663',
    '-0.83737', '0.00101', '0.00029', '0.00102', '1.00000']
  '016.3333': ['0.127', '1.146', '0.080', '-0.83869', '0.54461', '-0.00032', '-0.54461',
    '-0.83869', '0.00101', '0.00028', '0.00103', '1.00000']
  '016.4000': ['0.127', '1.146', '0.080', '-0.83787', '0.54587', '-0.00032', '-0.54587',
    '-0.83787', '0.00101', '0.00028', '0.00102', '1.00000']
  '016.4667': ['0.127', '1.146', '0.080', '-0.83839', '0.54508', '-0.00032', '-0.54508',
    '-0.83839', '0.00101', '0.00028', '0.00102', '1.00000']
  '016.5333': ['0.127', '1.146', '0.080', '-0.83956', '0.54327', '-0.00032', '-0.54327',
    '-0.83956', '0.00102', '0.00028', '0.00103', '1.00000']
  '016.6000': ['0.127', '1.146', '0.080', '-0.83769', '0.54615', '-0.00032', '-0.54615',
    '-0.83769', '0.00101', '0.00028', '0.00102', '1.00000']
  '016.6667': ['0.127', '1.145', '0.080', '-0.83747', '0.54648', '-0.00032', '-0.54648',
    '-0.83747', '0.00102', '0.00029', '0.00103', '1.00000']
  '016.7333': ['0.127', '1.146', '0.080', '-0.84049', '0.54183', '-0.00032', '-0.54183',
    '-0.84049', '0.00101', '0.00028', '0.00102', '1.00000']
  '016.8000': ['0.128', '1.148', '0.080', '-0.83824', '0.54530', '-0.00033', '-0.54530',
    '-0.83824', '0.00100', '0.00027', '0.00101', '1.00000']
  '016.8667': ['0.127', '1.148', '0.080', '-0.83806', '0.54558', '-0.00032', '-0.54558',
    '-0.83805', '0.00100', '0.00027', '0.00101', '1.00000']
  '016.9333': ['0.127', '1.147', '0.080', '-0.83899', '0.54415', '-0.00033', '-0.54415',
    '-0.83899', '0.00099', '0.00027', '0.00101', '1.00000']
  '017.0000': ['0.127', '1.146', '0.080', '-0.83918', '0.54385', '-0.00032', '-0.54385',
    '-0.83918', '0.00101', '0.00028', '0.00102', '1.00000']
  '017.0667': ['0.127', '1.147', '0.080', '-0.83770', '0.54613', '-0.00033', '-0.54613',
    '-0.83770', '0.00100', '0.00027', '0.00101', '1.00000']
  '017.1333': ['0.127', '1.147', '0.080', '-0.83767', '0.54618', '-0.00032', '-0.54618',
    '-0.83767', '0.00100', '0.00028', '0.00101', '1.00000']
  '017.2000': ['0.128', '1.149', '0.080', '-0.83985', '0.54281', '-0.00034', '-0.54281',
    '-0.83985', '0.00099', '0.00025', '0.00101', '1.00000']
  '017.2667': ['0.127', '1.147', '0.080', '-0.83864', '0.54468', '-0.00032', '-0.54468',
    '-0.83864', '0.00100', '0.00028', '0.00102', '1.00000']
  '017.3333': ['0.128', '1.148', '0.080', '-0.83925', '0.54375', '-0.00033', '-0.54375',
    '-0.83925', '0.00100', '0.00027', '0.00102', '1.00000']
  '017.4000': ['0.127', '1.147', '0.080', '-0.83684', '0.54744', '-0.00033', '-0.54744',
    '-0.83684', '0.00100', '0.00027', '0.00101', '1.00000']
  '017.4667': ['0.127', '1.146', '0.080', '-0.83759', '0.54629', '-0.00032', '-0.54629',
    '-0.83759', '0.00101', '0.00028', '0.00102', '1.00000']
  '017.5333': ['0.128', '1.147', '0.080', '-0.83880', '0.54445', '-0.00033', '-0.54445',
    '-0.83879', '0.00100', '0.00027', '0.00102', '1.00000']
  '017.6000': ['0.127', '1.147', '0.080', '-0.83953', '0.54332', '-0.00032', '-0.54332',
    '-0.83952', '0.00101', '0.00028', '0.00102', '1.00000']
  '017.6666': ['0.127', '1.147', '0.080', '-0.83920', '0.54383', '-0.00032', '-0.54383',
    '-0.83920', '0.00100', '0.00028', '0.00102', '1.00000']
  '017.7333': ['0.127', '1.147', '0.080', '-0.83861', '0.54473', '-0.00033', '-0.54473',
