begin_time_stamp: 1588332528.1999998
data_header:
  time_stamp: [x, y, z, R11, R12, R13, R21, R22, R23, R31, R32, R33]
trajectory_data:
  '000.0000': ['0.548', '0.107', '0.080', '0.99397', '0.10969', '0.00018', '-0.10969',
    '0.99397', '-0.00027', '-0.00021', '0.00025', '1.00000']
  '000.0667': ['0.560', '0.106', '0.080', '0.99551', '0.09468', '0.00018', '-0.09468',
    '0.99551', '-0.00026', '-0.00021', '0.00024', '1.00000']
  '000.1333': ['0.574', '0.106', '0.080', '0.99692', '0.07844', '0.00018', '-0.07844',
    '0.99692', '-0.00026', '-0.00020', '0.00024', '1.00000']
  '000.2000': ['0.588', '0.105', '0.080', '0.99855', '0.05375', '0.00017', '-0.05375',
    '0.99855', '-0.00025', '-0.00018', '0.00024', '1.00000']
  '000.2667': ['0.595', '0.105', '0.080', '0.99903', '0.04393', '0.00018', '-0.04393',
    '0.99903', '-0.00026', '-0.00019', '0.00025', '1.00000']
  '000.3333': ['0.606', '0.106', '0.080', '0.99965', '0.02628', '0.00022', '-0.02628',
    '0.99965', '-0.00028', '-0.00022', '0.00027', '1.00000']
  '000.4000': ['0.620', '0.103', '0.080', '0.99995', '0.00991', '0.00022', '-0.00991',
    '0.99995', '-0.00027', '-0.00022', '0.00027', '1.00000']
  '000.4667': ['0.634', '0.102', '0.080', '0.99999', '0.00405', '0.00021', '-0.00405',
    '0.99999', '-0.00028', '-0.00021', '0.00027', '1.00000']
  '000.5333': ['0.643', '0.102', '0.080', '1.00000', '-0.00135', '0.00020', '0.00135',
    '1.00000', '-0.00028', '-0.00020', '0.00028', '1.00000']
  '000.6000': ['0.648', '0.104', '0.080', '0.99997', '-0.00790', '0.00021', '0.00790',
    '0.99997', '-0.00030', '-0.00020', '0.00030', '1.00000']
  '000.8000': ['0.657', '0.108', '0.080', '0.99992', '-0.01301', '0.00041', '0.01301',
    '0.99992', '-0.00008', '-0.00041', '0.00009', '1.00000']
  '000.8667': ['0.668', '0.108', '0.080', '0.99977', '-0.02126', '0.00047', '0.02126',
    '0.99977', '-0.00013', '-0.00046', '0.00013', '1.00000']
  '000.9333': ['0.679', '0.109', '0.080', '0.99960', '-0.02829', '0.00048', '0.02829',
    '0.99960', '-0.00015', '-0.00047', '0.00016', '1.00000']
  '001.0000': ['0.691', '0.109', '0.080', '0.99934', '-0.03628', '0.00047', '0.03628',
    '0.99934', '-0.00016', '-0.00046', '0.00018', '1.00000']
  '001.0667': ['0.702', '0.110', '0.080', '0.99924', '-0.03887', '0.00047', '0.03887',
    '0.99924', '-0.00023', '-0.00046', '0.00025', '1.00000']
  '001.1333': ['0.713', '0.111', '0.080', '0.99900', '-0.04464', '0.00050', '0.04464',
    '0.99900', '-0.00028', '-0.00049', '0.00030', '1.00000']
  '001.2000': ['0.726', '0.111', '0.080', '0.99854', '-0.05411', '0.00049', '0.05411',
    '0.99854', '-0.00029', '-0.00047', '0.00032', '1.00000']
  '001.2667': ['0.738', '0.111', '0.080', '0.99790', '-0.06482', '0.00050', '0.06482',
    '0.99790', '-0.00030', '-0.00048', '0.00034', '1.00000']
  '001.3333': ['0.750', '0.113', '0.080', '0.99742', '-0.07179', '0.00053', '0.07179',
    '0.99742', '-0.00036', '-0.00050', '0.00040', '1.00000']
  '001.4000': ['0.761', '0.113', '0.080', '0.99707', '-0.07652', '0.00058', '0.07652',
    '0.99707', '-0.00041', '-0.00055', '0.00046', '1.00000']
  '001.4667': ['0.773', '0.114', '0.080', '0.99621', '-0.08693', '0.00058', '0.08693',
    '0.99621', '-0.00046', '-0.00053', '0.00051', '1.00000']
  '001.5333': ['0.786', '0.113', '0.080', '0.99497', '-0.10013', '0.00063', '0.10013',
    '0.99497', '-0.00042', '-0.00058', '0.00048', '1.00000']
  '001.6000': ['0.798', '0.114', '0.080', '0.99466', '-0.10323', '0.00069', '0.10323',
    '0.99466', '-0.00044', '-0.00064', '0.00051', '1.00000']
  '001.6667': ['0.810', '0.114', '0.080', '0.99533', '-0.09656', '0.00068', '0.09656',
    '0.99533', '-0.00048', '-0.00063', '0.00055', '1.00000']
  '001.7333': ['0.821', '0.115', '0.080', '0.99568', '-0.09287', '0.00074', '0.09287',
    '0.99568', '-0.00051', '-0.00069', '0.00058', '1.00000']
  '001.8000': ['0.836', '0.114', '0.080', '0.99520', '-0.09782', '0.00070', '0.09783',
    '0.99520', '-0.00051', '-0.00065', '0.00057', '1.00000']
  '001.8667': ['0.847', '0.114', '0.080', '0.99437', '-0.10601', '0.00075', '0.10601',
    '0.99437', '-0.00049', '-0.00070', '0.00057', '1.00000']
  '001.9333': ['0.860', '0.115', '0.080', '0.99455', '-0.10424', '0.00075', '0.10424',
    '0.99455', '-0.00052', '-0.00069', '0.00059', '1.00000']
  '002.0000': ['0.874', '0.115', '0.080', '0.99404', '-0.10899', '0.00075', '0.10899',
    '0.99404', '-0.00048', '-0.00069', '0.00056', '1.00000']
  '002.0667': ['0.887', '0.115', '0.080', '0.99331', '-0.11547', '0.00074', '0.11547',
    '0.99331', '-0.00046', '-0.00068', '0.00055', '1.00000']
  '002.1333': ['0.900', '0.115', '0.080', '0.99242', '-0.12288', '0.00078', '0.12288',
    '0.99242', '-0.00044', '-0.00072', '0.00053', '1.00000']
  '002.2000': ['0.913', '0.115', '0.080', '0.99162', '-0.12920', '0.00078', '0.12920',
    '0.99162', '-0.00037', '-0.00073', '0.00047', '1.00000']
  '002.2667': ['0.927', '0.115', '0.080', '0.99119', '-0.13245', '0.00074', '0.13245',
    '0.99119', '-0.00033', '-0.00069', '0.00042', '1.00000']
  '002.3333': ['0.940', '0.115', '0.080', '0.99011', '-0.14029', '0.00071', '0.14029',
    '0.99011', '-0.00029', '-0.00066', '0.00039', '1.00000']
  '002.4000': ['0.953', '0.115', '0.080', '0.98890', '-0.14857', '0.00067', '0.14857',
    '0.98890', '-0.00024', '-0.00063', '0.00034', '1.00000']
  '002.4667': ['0.965', '0.115', '0.080', '0.98806', '-0.15405', '0.00064', '0.15405',
    '0.98806', '-0.00021', '-0.00060', '0.00031', '1.00000']
  '002.5333': ['0.978', '0.116', '0.080', '0.98828', '-0.15262', '0.00058', '0.15262',
    '0.98829', '-0.00024', '-0.00054', '0.00033', '1.00000']
  '002.6000': ['0.990', '0.116', '0.080', '0.98780', '-0.15574', '0.00055', '0.15574',
    '0.98780', '-0.00017', '-0.00052', '0.00026', '1.00000']
  '002.6667': ['1.001', '0.120', '0.080', '0.98852', '-0.15107', '0.00052', '0.15107',
    '0.98852', '-0.00039', '-0.00045', '0.00047', '1.00000']
  '002.7333': ['1.011', '0.117', '0.080', '0.98700', '-0.16071', '0.00056', '0.16071',
    '0.98700', '-0.00014', '-0.00053', '0.00022', '1.00000']
  '002.8000': ['1.023', '0.118', '0.080', '0.98770', '-0.15634', '0.00048', '0.15634',
    '0.98770', '-0.00015', '-0.00045', '0.00022', '1.00000']
  '002.8667': ['1.033', '0.120', '0.080', '0.98818', '-0.15331', '0.00044', '0.15331',
    '0.98818', '-0.00018', '-0.00041', '0.00024', '1.00000']
  '002.9333': ['1.044', '0.124', '0.080', '0.98922', '-0.14640', '0.00036', '0.14640',
    '0.98922', '-0.00033', '-0.00031', '0.00037', '1.00000']
  '003.0000': ['1.054', '0.125', '0.080', '0.99007', '-0.14061', '0.00035', '0.14061',
    '0.99007', '-0.00030', '-0.00031', '0.00035', '1.00000']
  '003.0667': ['1.065', '0.129', '0.080', '0.99012', '-0.14022', '0.00034', '0.14022',
    '0.99012', '-0.00044', '-0.00028', '0.00048', '1.00000']
  '003.1333': ['1.076', '0.130', '0.080', '0.99011', '-0.14028', '0.00031', '0.14028',
    '0.99011', '-0.00044', '-0.00024', '0.00048', '1.00000']
  '003.2000': ['1.086', '0.134', '0.080', '0.99000', '-0.14104', '0.00036', '0.14104',
    '0.99000', '-0.00052', '-0.00028', '0.00057', '1.00000']
  '003.2667': ['1.097', '0.139', '0.080', '0.98936', '-0.14546', '0.00038', '0.14546',
    '0.98936', '-0.00069', '-0.00028', '0.00074', '1.00000']
  '003.3333': ['1.108', '0.140', '0.080', '0.98855', '-0.15090', '0.00037', '0.15090',
    '0.98855', '-0.00064', '-0.00027', '0.00069', '1.00000']
  '003.4000': ['1.118', '0.143', '0.080', '0.98779', '-0.15578', '0.00044', '0.15578',
    '0.98779', '-0.00067', '-0.00033', '0.00073', '1.00000']
  '003.4667': ['1.128', '0.146', '0.080', '0.98671', '-0.16246', '0.00049', '0.16246',
    '0.98671', '-0.00072', '-0.00037', '0.00079', '1.00000']
  '003.5333': ['1.138', '0.149', '0.080', '0.98568', '-0.16862', '0.00052', '0.16862',
    '0.98568', '-0.00076', '-0.00038', '0.00084', '1.00000']
  '003.6000': ['1.148', '0.153', '0.080', '0.98433', '-0.17635', '0.00059', '0.17635',
    '0.98433', '-0.00083', '-0.00044', '0.00092', '1.00000']
  '003.6667': ['1.158', '0.156', '0.080', '0.98296', '-0.18383', '0.00067', '0.18383',
    '0.98296', '-0.00088', '-0.00050', '0.00099', '1.00000']
  '003.7333': ['1.169', '0.159', '0.080', '0.98178', '-0.19001', '0.00073', '0.19001',
    '0.98178', '-0.00092', '-0.00054', '0.00104', '1.00000']
  '003.8000': ['1.179', '0.162', '0.080', '0.97983', '-0.19983', '0.00080', '0.19983',
    '0.97983', '-0.00093', '-0.00060', '0.00107', '1.00000']
  '003.8667': ['1.189', '0.165', '0.080', '0.97844', '-0.20652', '0.00087', '0.20652',
    '0.97844', '-0.00097', '-0.00065', '0.00113', '1.00000']
  '003.9333': ['1.199', '0.167', '0.080', '0.97759', '-0.21051', '0.00096', '0.21051',
    '0.97759', '-0.00099', '-0.00073', '0.00117', '1.00000']
  '004.0000': ['1.188', '0.166', '0.080', '0.97479', '-0.22314', '0.00021', '0.22314',
    '0.97479', '-0.00061', '-0.00007', '0.00065', '1.00000']
  '004.0667': ['1.199', '0.167', '0.080', '0.97597', '-0.21791', '0.00032', '0.21791',
    '0.97597', '-0.00056', '-0.00019', '0.00062', '1.00000']
  '004.1333': ['1.211', '0.170', '0.080', '0.97764', '-0.21028', '0.00040', '0.21028',
    '0.97764', '-0.00057', '-0.00027', '0.00064', '1.00000']
  '004.2000': ['1.221', '0.171', '0.080', '0.98057', '-0.19617', '0.00042', '0.19617',
    '0.98057', '-0.00056', '-0.00030', '0.00063', '1.00000']
  '004.2667': ['1.231', '0.173', '0.080', '0.98401', '-0.17812', '0.00051', '0.17812',
    '0.98401', '-0.00057', '-0.00040', '0.00065', '1.00000']
  '004.3333': ['1.244', '0.176', '0.080', '0.98509', '-0.17206', '0.00051', '0.17207',
    '0.98509', '-0.00062', '-0.00039', '0.00070', '1.00000']
  '004.4000': ['1.254', '0.176', '0.080', '0.98669', '-0.16263', '0.00050', '0.16263',
    '0.98669', '-0.00059', '-0.00040', '0.00066', '1.00000']
  '004.4667': ['1.264', '0.178', '0.080', '0.98847', '-0.15143', '0.00044', '0.15143',
    '0.98847', '-0.00062', '-0.00034', '0.00068', '1.00000']
  '004.5333': ['1.273', '0.180', '0.080', '0.98837', '-0.15205', '0.00040', '0.15205',
    '0.98837', '-0.00056', '-0.00032', '0.00061', '1.00000']
  '004.6000': ['1.285', '0.183', '0.080', '0.98407', '-0.17779', '0.00036', '0.17779',
    '0.98407', '-0.00057', '-0.00026', '0.00063', '1.00000']
  '004.6667': ['1.295', '0.184', '0.080', '0.97619', '-0.21692', '0.00032', '0.21692',
    '0.97619', '-0.00054', '-0.00020', '0.00060', '1.00000']
  '004.7333': ['1.305', '0.187', '0.080', '0.97627', '-0.21657', '0.00029', '0.21657',
    '0.97627', '-0.00052', '-0.00017', '0.00057', '1.00000']
  '004.8000': ['1.314', '0.190', '0.080', '0.97814', '-0.20793', '0.00034', '0.20793',
    '0.97814', '-0.00052', '-0.00023', '0.00058', '1.00000']
  '004.8667': ['1.323', '0.191', '0.080', '0.97888', '-0.20443', '0.00032', '0.20443',
    '0.97888', '-0.00049', '-0.00021', '0.00055', '1.00000']
  '004.9333': ['1.333', '0.194', '0.080', '0.97892', '-0.20422', '0.00031', '0.20422',
    '0.97892', '-0.00047', '-0.00021', '0.00053', '1.00000']
  '005.0000': ['1.343', '0.195', '0.080', '0.97843', '-0.20657', '0.00028', '0.20657',
    '0.97843', '-0.00045', '-0.00019', '0.00050', '1.00000']
  '005.0667': ['1.352', '0.198', '0.080', '0.97726', '-0.21204', '0.00028', '0.21204',
    '0.97726', '-0.00044', '-0.00018', '0.00049', '1.00000']
  '005.1333': ['1.362', '0.200', '0.080', '0.97313', '-0.23024', '0.00028', '0.23024',
    '0.97313', '-0.00043', '-0.00017', '0.00048', '1.00000']
  '005.2000': ['1.374', '0.205', '0.080', '0.96639', '-0.25708', '0.00026', '0.25709',
    '0.96639', '-0.00044', '-0.00014', '0.00049', '1.00000']
  '005.2667': ['1.380', '0.204', '0.080', '0.95997', '-0.28010', '0.00025', '0.28010',
    '0.95997', '-0.00039', '-0.00013', '0.00044', '1.00000']
  '005.3333': ['1.392', '0.209', '0.080', '0.95214', '-0.30567', '0.00024', '0.30567',
    '0.95214', '-0.00040', '-0.00010', '0.00046', '1.00000']
  '005.4000': ['1.401', '0.212', '0.080', '0.94561', '-0.32529', '0.00023', '0.32529',
    '0.94561', '-0.00037', '-0.00010', '0.00042', '1.00000']
  '005.4667': ['1.410', '0.215', '0.080', '0.93884', '-0.34435', '0.00021', '0.34435',
    '0.93884', '-0.00037', '-0.00007', '0.00042', '1.00000']
  '005.5333': ['1.418', '0.217', '0.080', '0.93140', '-0.36400', '0.00021', '0.36400',
    '0.93140', '-0.00033', '-0.00007', '0.00039', '1.00000']
  '005.6000': ['1.428', '0.221', '0.080', '0.92526', '-0.37934', '0.00020', '0.37934',
    '0.92526', '-0.00034', '-0.00006', '0.00039', '1.00000']
  '005.6667': ['1.438', '0.227', '0.080', '0.91701', '-0.39887', '0.00017', '0.39887',
    '0.91701', '-0.00035', '-0.00002', '0.00039', '1.00000']
  '005.7333': ['1.447', '0.231', '0.080', '0.90889', '-0.41703', '0.00016', '0.41703',
    '0.90889', '-0.00033', '-0.00001', '0.00037', '1.00000']
  '005.8000': ['1.454', '0.234', '0.080', '0.89658', '-0.44288', '0.00016', '0.44288',
    '0.89658', '-0.00032', '-0.00000', '0.00035', '1.00000']
  '005.8667': ['1.463', '0.239', '0.080', '0.88449', '-0.46657', '0.00017', '0.46657',
    '0.88449', '-0.00033', '0.00000', '0.00037', '1.00000']
  '005.9333': ['1.472', '0.243', '0.080', '0.87106', '-0.49117', '0.00017', '0.49117',
    '0.87106', '-0.00032', '0.00001', '0.00036', '1.00000']
  '006.0000': ['1.481', '0.250', '0.080', '0.85743', '-0.51460', '0.00019', '0.51460',
    '0.85743', '-0.00033', '0.00000', '0.00038', '1.00000']
  '006.0667': ['1.489', '0.257', '0.080', '0.84326', '-0.53750', '0.00019', '0.53750',
    '0.84326', '-0.00032', '0.00001', '0.00037', '1.00000']
  '006.1333': ['1.499', '0.264', '0.080', '0.82474', '-0.56551', '0.00018', '0.56551',
    '0.82474', '-0.00031', '0.00003', '0.00036', '1.00000']
  '006.2000': ['1.508', '0.270', '0.080', '0.80130', '-0.59826', '0.00019', '0.59826',
    '0.80130', '-0.00029', '0.00002', '0.00035', '1.00000']
  '006.2667': ['1.516', '0.276', '0.080', '0.78174', '-0.62360', '0.00020', '0.62360',
    '0.78174', '-0.00029', '0.00002', '0.00036', '1.00000']
  '006.3333': ['1.519', '0.272', '0.080', '0.76817', '-0.64025', '-0.00035', '0.64025',
    '0.76817', '-0.00029', '0.00045', '0.00000', '1.00000']
  '006.4000': ['1.527', '0.280', '0.080', '0.74680', '-0.66505', '-0.00032', '0.66505',
    '0.74680', '-0.00031', '0.00045', '0.00002', '1.00000']
  '006.4667': ['1.535', '0.287', '0.080', '0.72856', '-0.68499', '-0.00030', '0.68499',
    '0.72856', '-0.00030', '0.00043', '0.00001', '1.00000']
  '006.5333': ['1.544', '0.295', '0.080', '0.70987', '-0.70434', '-0.00029', '0.70434',
    '0.70987', '-0.00031', '0.00043', '0.00002', '1.00000']
  '006.6000': ['1.551', '0.303', '0.080', '0.69987', '-0.71427', '-0.00025', '0.71427',
    '0.69987', '-0.00033', '0.00041', '0.00005', '1.00000']
  '006.6667': ['1.559', '0.311', '0.080', '0.68571', '-0.72787', '-0.00025', '0.72787',
    '0.68571', '-0.00032', '0.00041', '0.00004', '1.00000']
  '006.7333': ['1.567', '0.320', '0.080', '0.66577', '-0.74616', '-0.00026', '0.74616',
    '0.66577', '-0.00030', '0.00039', '0.00001', '1.00000']
  '006.8000': ['1.574', '0.328', '0.080', '0.65593', '-0.75482', '-0.00023', '0.75482',
    '0.65593', '-0.00030', '0.00038', '0.00003', '1.00000']
  '006.8667': ['1.582', '0.338', '0.080', '0.63707', '-0.77081', '-0.00024', '0.77081',
    '0.63707', '-0.00033', '0.00041', '0.00002', '1.00000']
  '006.9333': ['1.588', '0.346', '0.080', '0.62371', '-0.78166', '-0.00019', '0.78166',
    '0.62371', '-0.00030', '0.00036', '0.00004', '1.00000']
  '007.0000': ['1.597', '0.357', '0.080', '0.59564', '-0.80325', '-0.00025', '0.80325',
    '0.59564', '-0.00029', '0.00038', '-0.00003', '1.00000']
  '007.0667': ['1.604', '0.368', '0.080', '0.56955', '-0.82195', '-0.00019', '0.82195',
    '0.56955', '-0.00031', '0.00036', '0.00001', '1.00000']
  '007.1333': ['1.609', '0.376', '0.080', '0.54684', '-0.83723', '-0.00014', '0.83723',
    '0.54684', '-0.00031', '0.00033', '0.00005', '1.00000']
  '007.2000': ['1.616', '0.388', '0.080', '0.51143', '-0.85932', '-0.00017', '0.85932',
    '0.51143', '-0.00030', '0.00035', '0.00001', '1.00000']
  '007.2667': ['1.622', '0.399', '0.080', '0.47895', '-0.87784', '-0.00016', '0.87784',
    '0.47895', '-0.00029', '0.00033', '-0.00000', '1.00000']
  '007.3333': ['1.628', '0.411', '0.080', '0.44166', '-0.89718', '-0.00020', '0.89718',
    '0.44166', '-0.00027', '0.00033', '-0.00006', '1.00000']
  '007.4000': ['1.633', '0.422', '0.080', '0.41272', '-0.91086', '-0.00016', '0.91086',
    '0.41272', '-0.00028', '0.00032', '-0.00003', '1.00000']
  '007.4667': ['1.637', '0.433', '0.080', '0.38070', '-0.92470', '-0.00010', '0.92470',
    '0.38070', '-0.00023', '0.00025', '-0.00001', '1.00000']
  '007.5333': ['1.642', '0.445', '0.080', '0.34899', '-0.93713', '-0.00011', '0.93713',
    '0.34899', '-0.00021', '0.00023', '-0.00003', '1.00000']
  '007.6000': ['1.647', '0.457', '0.080', '0.32295', '-0.94642', '-0.00018', '0.94642',
    '0.32295', '-0.00019', '0.00024', '-0.00011', '1.00000']
  '007.6667': ['1.650', '0.468', '0.080', '0.29511', '-0.95546', '-0.00009', '0.95546',
    '0.29511', '-0.00018', '0.00020', '-0.00003', '1.00000']
  '007.7333': ['1.653', '0.479', '0.080', '0.25586', '-0.96671', '-0.00007', '0.96671',
    '0.25586', '-0.00018', '0.00019', '-0.00002', '1.00000']
  '007.8000': ['1.654', '0.490', '0.080', '0.21519', '-0.97657', '-0.00000', '0.97657',
    '0.21519', '-0.00012', '0.00012', '0.00002', '1.00000']
  '007.8667': ['1.656', '0.503', '0.080', '0.17283', '-0.98495', '-0.00002', '0.98495',
    '0.17283', '-0.00012', '0.00013', '0.00000', '1.00000']
  '007.9333': ['1.656', '0.514', '0.080', '0.13685', '-0.99059', '0.00009', '0.99059',
    '0.13685', '-0.00003', '0.00002', '0.00010', '1.00000']
  '008.0000': ['1.658', '0.529', '0.080', '0.10398', '-0.99458', '0.00008', '0.99458',
    '0.10398', '-0.00007', '0.00006', '0.00008', '1.00000']
  '008.0667': ['1.658', '0.541', '0.080', '0.05977', '-0.99821', '0.00012', '0.99821',
    '0.05977', '0.00004', '-0.00005', '0.00011', '1.00000']
  '008.1333': ['1.659', '0.552', '0.080', '0.02255', '-0.99975', '0.00008', '0.99975',
    '0.02255', '0.00022', '-0.00022', '0.00008', '1.00000']
  '008.2000': ['1.659', '0.567', '0.080', '-0.01122', '-0.99994', '0.00011', '0.99994',
    '-0.01122', '0.00009', '-0.00009', '0.00011', '1.00000']
  '008.2667': ['1.644', '0.576', '0.080', '-0.04092', '-0.99916', '0.00114', '0.99916',
    '-0.04092', '0.00040', '-0.00035', '0.00116', '1.00000']
  '008.3333': ['1.659', '0.594', '0.080', '-0.05931', '-0.99824', '-0.00005', '0.99824',
    '-0.05931', '0.00007', '-0.00007', '-0.00005', '1.00000']
  '008.4000': ['1.659', '0.606', '0.080', '-0.07330', '-0.99731', '-0.00008', '0.99731',
    '-0.07330', '0.00009', '-0.00010', '-0.00008', '1.00000']
  '008.4667': ['1.657', '0.618', '0.080', '-0.09039', '-0.99591', '0.00006', '0.99591',
    '-0.09039', '0.00018', '-0.00017', '0.00008', '1.00000']
  '008.5333': ['1.658', '0.630', '0.080', '-0.10224', '-0.99476', '-0.00003', '0.99476',
    '-0.10224', '0.00023', '-0.00023', '-0.00001', '1.00000']
  '008.6000': ['1.657', '0.641', '0.080', '-0.10548', '-0.99442', '-0.00010', '0.99442',
    '-0.10548', '0.00032', '-0.00033', '-0.00007', '1.00000']
  '008.6667': ['1.655', '0.655', '0.080', '-0.11039', '-0.99389', '-0.00008', '0.99389',
    '-0.11039', '0.00029', '-0.00030', '-0.00005', '1.00000']
  '008.7333': ['1.654', '0.668', '0.080', '-0.11969', '-0.99281', '-0.00005', '0.99281',
    '-0.11969', '0.00030', '-0.00031', '-0.00001', '1.00000']
  '008.8000': ['1.652', '0.681', '0.080', '-0.13355', '-0.99104', '-0.00008', '0.99104',
    '-0.13355', '0.00032', '-0.00033', '-0.00003', '1.00000']
  '008.8667': ['1.650', '0.695', '0.080', '-0.14354', '-0.98965', '-0.00009', '0.98965',
    '-0.14354', '0.00033', '-0.00034', '-0.00004', '1.00000']
  '008.9333': ['1.648', '0.708', '0.080', '-0.16156', '-0.98686', '-0.00009', '0.98686',
    '-0.16156', '0.00037', '-0.00038', '-0.00003', '1.00000']
  '009.0000': ['1.646', '0.722', '0.080', '-0.17954', '-0.98375', '-0.00013', '0.98375',
    '-0.17954', '0.00040', '-0.00042', '-0.00006', '1.00000']
  '009.0667': ['1.644', '0.735', '0.080', '-0.20032', '-0.97973', '-0.00020', '0.97973',
    '-0.20032', '0.00040', '-0.00043', '-0.00011', '1.00000']
  '009.1333': ['1.640', '0.749', '0.080', '-0.23082', '-0.97300', '-0.00015', '0.97300',
    '-0.23082', '0.00040', '-0.00042', '-0.00005', '1.00000']
  '009.2000': ['1.637', '0.763', '0.080', '-0.25754', '-0.96627', '-0.00017', '0.96627',
    '-0.25754', '0.00041', '-0.00044', '-0.00006', '1.00000']
  '009.2667': ['1.634', '0.776', '0.080', '-0.27658', '-0.96099', '-0.00020', '0.96099',
    '-0.27658', '0.00042', '-0.00046', '-0.00008', '1.00000']
  '009.3333': ['1.630', '0.789', '0.080', '-0.29585', '-0.95523', '-0.00021', '0.95523',
    '-0.29585', '0.00042', '-0.00046', '-0.00007', '1.00000']
  '009.4000': ['1.626', '0.802', '0.080', '-0.30737', '-0.95159', '-0.00019', '0.95159',
    '-0.30737', '0.00044', '-0.00048', '-0.00004', '1.00000']
  '009.4667': ['1.622', '0.814', '0.080', '-0.30727', '-0.95162', '-0.00020', '0.95162',
    '-0.30727', '0.00045', '-0.00049', '-0.00005', '1.00000']
  '009.5333': ['1.619', '0.825', '0.080', '-0.30839', '-0.95126', '-0.00021', '0.95126',
    '-0.30839', '0.00045', '-0.00049', '-0.00006', '1.00000']
  '009.6000': ['1.614', '0.839', '0.080', '-0.30639', '-0.95191', '-0.00016', '0.95191',
    '-0.30639', '0.00043', '-0.00045', '-0.00003', '1.00000']
  '009.6667': ['1.610', '0.851', '0.080', '-0.30270', '-0.95309', '-0.00017', '0.95309',
    '-0.30270', '0.00046', '-0.00049', '-0.00002', '1.00000']
  '009.7333': ['1.607', '0.862', '0.080', '-0.30093', '-0.95365', '-0.00020', '0.95365',
    '-0.30093', '0.00047', '-0.00051', '-0.00005', '1.00000']
  '009.8000': ['1.603', '0.874', '0.080', '-0.31990', '-0.94745', '-0.00023', '0.94745',
    '-0.31990', '0.00046', '-0.00051', '-0.00007', '1.00000']
  '009.8667': ['1.598', '0.886', '0.080', '-0.34384', '-0.93903', '-0.00021', '0.93903',
    '-0.34384', '0.00047', '-0.00051', '-0.00004', '1.00000']
  '009.9333': ['1.594', '0.898', '0.080', '-0.37315', '-0.92777', '-0.00023', '0.92777',
    '-0.37315', '0.00047', '-0.00053', '-0.00004', '1.00000']
  '010.0000': ['1.590', '0.910', '0.080', '-0.40934', '-0.91238', '-0.00030', '0.91238',
    '-0.40934', '0.00044', '-0.00052', '-0.00009', '1.00000']
  '010.0667': ['1.586', '0.920', '0.080', '-0.44480', '-0.89563', '-0.00035', '0.89563',
    '-0.44480', '0.00041', '-0.00052', '-0.00013', '1.00000']
  '010.1333': ['1.579', '0.933', '0.080', '-0.48313', '-0.87555', '-0.00037', '0.87555',
    '-0.48313', '0.00037', '-0.00050', '-0.00014', '1.00000']
  '010.2000': ['1.573', '0.943', '0.080', '-0.52380', '-0.85184', '-0.00039', '0.85184',
    '-0.52380', '0.00036', '-0.00051', '-0.00015', '1.00000']
  '010.2667': ['1.566', '0.955', '0.080', '-0.56608', '-0.82435', '-0.00044', '0.82435',
    '-0.56608', '0.00032', '-0.00051', '-0.00018', '1.00000']
  '010.3333': ['1.557', '0.967', '0.080', '-0.61056', '-0.79197', '-0.00041', '0.79197',
    '-0.61056', '0.00029', '-0.00048', '-0.00015', '1.00000']
  '010.4000': ['1.549', '0.976', '0.080', '-0.64554', '-0.76373', '-0.00039', '0.76373',
    '-0.64554', '0.00033', '-0.00051', '-0.00008', '1.00000']
  '010.4667': ['1.541', '0.986', '0.080', '-0.66596', '-0.74599', '-0.00036', '0.74599',
    '-0.66596', '0.00036', '-0.00051', '-0.00003', '1.00000']
  '010.5333': ['1.533', '0.993', '0.080', '-0.67633', '-0.73660', '-0.00033', '0.73660',
    '-0.67633', '0.00040', '-0.00052', '0.00003', '1.00000']
  '010.6000': ['1.525', '1.000', '0.080', '-0.69030', '-0.72352', '-0.00031', '0.72352',
    '-0.69030', '0.00042', '-0.00052', '0.00006', '1.00000']
  '010.6667': ['1.517', '1.009', '0.080', '-0.71266', '-0.70151', '-0.00032', '0.70151',
    '-0.71266', '0.00043', '-0.00053', '0.00008', '1.00000']
  '010.7333': ['1.508', '1.018', '0.080', '-0.74063', '-0.67191', '-0.00033', '0.67191',
    '-0.74063', '0.00041', '-0.00052', '0.00009', '1.00000']
  '010.8000': ['1.499', '1.025', '0.080', '-0.76202', '-0.64755', '-0.00038', '0.64755',
    '-0.76202', '0.00043', '-0.00057', '0.00009', '1.00000']
  '010.8667': ['1.490', '1.033', '0.080', '-0.78392', '-0.62086', '-0.00039', '0.62086',
    '-0.78392', '0.00041', '-0.00056', '0.00008', '1.00000']
  '010.9333': ['1.480', '1.042', '0.080', '-0.80404', '-0.59458', '-0.00042', '0.59458',
    '-0.80404', '0.00036', '-0.00055', '0.00004', '1.00000']
  '011.0000': ['1.468', '1.051', '0.080', '-0.82850', '-0.55998', '-0.00047', '0.55998',
    '-0.82850', '0.00033', '-0.00057', '0.00001', '1.00000']
  '011.0667': ['1.457', '1.059', '0.080', '-0.84755', '-0.53072', '-0.00048', '0.53072',
    '-0.84755', '0.00029', '-0.00056', '-0.00000', '1.00000']
  '011.1333': ['1.447', '1.064', '0.080', '-0.86379', '-0.50385', '-0.00049', '0.50385',
    '-0.86379', '0.00031', '-0.00058', '0.00002', '1.00000']
  '011.2000': ['1.434', '1.072', '0.080', '-0.88102', '-0.47308', '-0.00050', '0.47308',
    '-0.88102', '0.00025', '-0.00056', '-0.00002', '1.00000']
  '011.2667': ['1.423', '1.078', '0.080', '-0.89605', '-0.44395', '-0.00048', '0.44395',
    '-0.89605', '0.00026', '-0.00054', '0.00002', '1.00000']
  '011.3333': ['1.412', '1.082', '0.080', '-0.91300', '-0.40797', '-0.00050', '0.40797',
    '-0.91300', '0.00028', '-0.00057', '0.00005', '1.00000']
  '011.4000': ['1.400', '1.087', '0.080', '-0.93236', '-0.36154', '-0.00048', '0.36154',
    '-0.93236', '0.00030', '-0.00056', '0.00010', '1.00000']
  '011.4667': ['1.389', '1.091', '0.080', '-0.93991', '-0.34143', '-0.00057', '0.34143',
    '-0.93991', '0.00031', '-0.00064', '0.00010', '1.00000']
  '011.5333': ['1.380', '1.092', '0.080', '-0.95601', '-0.29334', '-0.00053', '0.29334',
    '-0.95601', '0.00030', '-0.00060', '0.00013', '1.00000']
  '011.6000': ['1.366', '1.098', '0.080', '-0.96674', '-0.25576', '-0.00051', '0.25576',
    '-0.96674', '0.00027', '-0.00056', '0.00013', '1.00000']
  '011.6667': ['1.353', '1.102', '0.080', '-0.97616', '-0.21707', '-0.00052', '0.21707',
    '-0.97616', '0.00026', '-0.00057', '0.00014', '1.00000']
  '011.7333': ['1.343', '1.100', '0.080', '-0.98503', '-0.17235', '-0.00054', '0.17235',
    '-0.98504', '0.00032', '-0.00058', '0.00022', '1.00000']
  '011.8000': ['1.325', '1.109', '0.080', '-0.99232', '-0.12367', '-0.00056', '0.12367',
    '-0.99232', '0.00024', '-0.00059', '0.00017', '1.00000']
  '011.8667': ['1.310', '1.111', '0.080', '-0.99805', '-0.06236', '-0.00056', '0.06236',
    '-0.99805', '0.00024', '-0.00057', '0.00021', '1.00000']
  '011.9333': ['1.297', '1.109', '0.080', '-0.99999', '0.00346', '-0.00057', '-0.00346',
    '-0.99999', '0.00025', '-0.00057', '0.00026', '1.00000']
  '012.0000': ['1.285', '1.103', '0.080', '-0.99692', '0.07843', '-0.00056', '-0.07843',
    '-0.99692', '0.00028', '-0.00053', '0.00032', '1.00000']
  '012.0667': ['1.261', '1.110', '0.080', '-0.99081', '0.13527', '-0.00055', '-0.13527',
    '-0.99081', '0.00022', '-0.00051', '0.00030', '1.00000']
  '012.1333': ['1.251', '1.103', '0.080', '-0.98051', '0.19647', '-0.00060', '-0.19647',
    '-0.98051', '0.00025', '-0.00054', '0.00037', '1.00000']
  '012.2000': ['1.177', '1.140', '0.080', '-0.93375', '0.35790', '0.00349', '-0.35791',
    '-0.93375', '-0.00257', '0.00234', '-0.00365', '0.99999']
  '012.2667': ['1.232', '1.085', '0.080', '-0.94374', '0.33068', '-0.00072', '-0.33068',
    '-0.94374', '0.00038', '-0.00055', '0.00060', '1.00000']
  '012.5333': ['1.178', '1.062', '0.080', '-0.89392', '0.44822', '-0.00075', '-0.44822',
    '-0.89392', '0.00043', '-0.00047', '0.00072', '1.00000']
  '012.6000': ['1.171', '1.051', '0.080', '-0.89034', '0.45530', '-0.00076', '-0.45530',
    '-0.89034', '0.00037', '-0.00051', '0.00068', '1.00000']
  '014.2000': ['0.884', '0.969', '0.080', '-0.99854', '-0.05395', '0.00022', '0.05395',
    '-0.99854', '-0.00012', '0.00022', '-0.00011', '1.00000']
  '014.2667': ['0.870', '0.969', '0.080', '-0.99713', '-0.07567', '0.00019', '0.07567',
    '-0.99713', '-0.00015', '0.00020', '-0.00013', '1.00000']
  '014.3333': ['0.856', '0.970', '0.080', '-0.99514', '-0.09845', '0.00021', '0.09845',
    '-0.99514', '-0.00012', '0.00022', '-0.00010', '1.00000']
  '014.4000': ['0.844', '0.972', '0.080', '-0.99273', '-0.12040', '0.00015', '0.12040',
    '-0.99273', '-0.00013', '0.00017', '-0.00011', '1.00000']
  '014.4667': ['0.831', '0.975', '0.080', '-0.98975', '-0.14281', '0.00011', '0.14281',
    '-0.98975', '-0.00011', '0.00013', '-0.00009', '1.00000']
  '014.5333': ['0.817', '0.977', '0.080', '-0.98544', '-0.17005', '0.00018', '0.17005',
    '-0.98544', '-0.00014', '0.00020', '-0.00011', '1.00000']
  '014.6000': ['0.804', '0.979', '0.080', '-0.98073', '-0.19538', '0.00017', '0.19538',
    '-0.98073', '-0.00012', '0.00019', '-0.00008', '1.00000']
  '014.6667': ['0.792', '0.981', '0.080', '-0.97817', '-0.20781', '0.00014', '0.20781',
    '-0.97817', '-0.00007', '0.00015', '-0.00004', '1.00000']
  '014.7333': ['0.778', '0.983', '0.080', '-0.97561', '-0.21953', '0.00013', '0.21953',
    '-0.97561', '-0.00004', '0.00013', '-0.00001', '1.00000']
  '014.8000': ['0.765', '0.985', '0.080', '-0.97415', '-0.22590', '0.00016', '0.22590',
    '-0.97415', '0.00000', '0.00015', '0.00004', '1.00000']
  '014.8667': ['0.752', '0.987', '0.080', '-0.97172', '-0.23614', '0.00021', '0.23614',
    '-0.97172', '0.00003', '0.00020', '0.00008', '1.00000']
  '014.9333': ['0.737', '0.989', '0.080', '-0.97025', '-0.24210', '0.00018', '0.24210',
    '-0.97025', '0.00008', '0.00015', '0.00012', '1.00000']
  '015.0000': ['0.725', '0.992', '0.080', '-0.96895', '-0.24726', '0.00009', '0.24726',
    '-0.96895', '0.00012', '0.00006', '0.00014', '1.00000']
  '015.0667': ['0.712', '0.996', '0.080', '-0.97008', '-0.24277', '0.00000', '0.24277',
    '-0.97008', '0.00009', '-0.00002', '0.00009', '1.00000']
  '015.1333': ['0.699', '0.999', '0.080', '-0.96870', '-0.24823', '-0.00002', '0.24823',
    '-0.96870', '0.00011', '-0.00005', '0.00010', '1.00000']
  '015.2000': ['0.686', '1.002', '0.080', '-0.96751', '-0.25284', '-0.00007', '0.25284',
    '-0.96751', '0.00014', '-0.00011', '0.00012', '1.00000']
  '015.2667': ['0.673', '1.003', '0.080', '-0.96780', '-0.25173', '-0.00006', '0.25173',
    '-0.96780', '0.00016', '-0.00010', '0.00014', '1.00000']
  '015.3333': ['0.658', '1.008', '0.080', '-0.96995', '-0.24331', '-0.00015', '0.24331',
    '-0.96995', '0.00017', '-0.00019', '0.00013', '1.00000']
  '015.4000': ['0.645', '1.010', '0.080', '-0.97272', '-0.23198', '-0.00015', '0.23198',
    '-0.97272', '0.00019', '-0.00019', '0.00015', '1.00000']
  '015.4667': ['0.633', '1.014', '0.080', '-0.97594', '-0.21804', '-0.00026', '0.21804',
    '-0.97594', '0.00020', '-0.00029', '0.00014', '1.00000']
  '015.5333': ['0.619', '1.018', '0.080', '-0.97929', '-0.20246', '-0.00027', '0.20246',
    '-0.97929', '0.00019', '-0.00030', '0.00013', '1.00000']
  '015.6000': ['0.608', '1.021', '0.080', '-0.98238', '-0.18689', '-0.00035', '0.18689',
    '-0.98238', '0.00019', '-0.00037', '0.00012', '1.00000']
  '015.6667': ['0.594', '1.023', '0.080', '-0.98506', '-0.17220', '-0.00034', '0.17220',
    '-0.98506', '0.00022', '-0.00037', '0.00016', '1.00000']
  '015.7333': ['0.580', '1.025', '0.080', '-0.98902', '-0.14777', '-0.00038', '0.14777',
    '-0.98902', '0.00018', '-0.00040', '0.00012', '1.00000']
  '015.8000': ['0.566', '1.026', '0.080', '-0.99338', '-0.11490', '-0.00041', '0.11490',
    '-0.99338', '0.00022', '-0.00043', '0.00017', '1.00000']
  '015.8667': ['0.553', '1.028', '0.080', '-0.99681', '-0.07977', '-0.00048', '0.07977',
    '-0.99681', '0.00019', '-0.00050', '0.00015', '1.00000']
  '015.9333': ['0.539', '1.029', '0.080', '-0.99920', '-0.03994', '-0.00050', '0.03994',
    '-0.99920', '0.00017', '-0.00051', '0.00015', '1.00000']
  '016.0000': ['0.526', '1.030', '0.080', '-1.00000', '0.00127', '-0.00052', '-0.00127',
    '-1.00000', '0.00013', '-0.00052', '0.00013', '1.00000']
  '016.0667': ['0.513', '1.031', '0.080', '-0.99902', '0.04435', '-0.00057', '-0.04435',
    '-0.99902', '0.00005', '-0.00057', '0.00008', '1.00000']
  '016.1333': ['0.498', '1.029', '0.080', '-0.99531', '0.09676', '-0.00054', '-0.09676',
    '-0.99531', '0.00006', '-0.00054', '0.00011', '1.00000']
  '016.2000': ['0.485', '1.028', '0.080', '-0.98981', '0.14240', '-0.00058', '-0.14240',
    '-0.98981', '0.00002', '-0.00057', '0.00010', '1.00000']
  '016.2667': ['0.471', '1.026', '0.080', '-0.98224', '0.18763', '-0.00057', '-0.18764',
    '-0.98224', '-0.00001', '-0.00056', '0.00010', '1.00000']
  '016.3333': ['0.458', '1.023', '0.080', '-0.97535', '0.22068', '-0.00060', '-0.22068',
    '-0.97535', '-0.00004', '-0.00059', '0.00009', '1.00000']
  '016.4000': ['0.445', '1.020', '0.080', '-0.96830', '0.24978', '-0.00063', '-0.24978',
    '-0.96830', '-0.00006', '-0.00062', '0.00010', '1.00000']
  '016.4667': ['0.432', '1.018', '0.080', '-0.96296', '0.26964', '-0.00060', '-0.26964',
    '-0.96296', '-0.00014', '-0.00062', '0.00003', '1.00000']
  '016.5333': ['0.420', '1.014', '0.080', '-0.95404', '0.29968', '-0.00058', '-0.29968',
    '-0.95404', '-0.00018', '-0.00061', '0.00001', '1.00000']
  '016.6000': ['0.407', '1.010', '0.080', '-0.94044', '0.33996', '-0.00059', '-0.33996',
    '-0.94044', '-0.00019', '-0.00062', '0.00002', '1.00000']
  '016.6667': ['0.394', '1.005', '0.080', '-0.92426', '0.38177', '-0.00058', '-0.38177',
    '-0.92426', '-0.00019', '-0.00061', '0.00004', '1.00000']
  '016.7333': ['0.381', '0.999', '0.080', '-0.90515', '0.42509', '-0.00056', '-0.42509',
    '-0.90515', '-0.00024', '-0.00061', '0.00003', '1.00000']
  '016.8000': ['0.367', '0.993', '0.080', '-0.88013', '0.47473', '-0.00055', '-0.47473',
    '-0.88013', '-0.00025', '-0.00060', '0.00004', '1.00000']
  '016.8667': ['0.354', '0.985', '0.080', '-0.85565', '0.51755', '-0.00055', '-0.51755',
    '-0.85565', '-0.00027', '-0.00061', '0.00005', '1.00000']
  '016.9333': ['0.341', '0.977', '0.080', '-0.82652', '0.56290', '-0.00055', '-0.56290',
    '-0.82653', '-0.00028', '-0.00061', '0.00008', '1.00000']
  '017.0000': ['0.327', '0.968', '0.080', '-0.79587', '0.60547', '-0.00051', '-0.60547',
    '-0.79587', '-0.00031', '-0.00060', '0.00006', '1.00000']
  '017.0667': ['0.317', '0.959', '0.080', '-0.76532', '0.64365', '-0.00058', '-0.64365',
    '-0.76532', '-0.00031', '-0.00064', '0.00013', '1.00000']
  '017.1333': ['0.305', '0.949', '0.080', '-0.72540', '0.68832', '-0.00053', '-0.68832',
    '-0.72540', '-0.00027', '-0.00057', '0.00017', '1.00000']
  '017.2000': ['0.295', '0.939', '0.080', '-0.69513', '0.71889', '-0.00055', '-0.71889',
    '-0.69513', '-0.00027', '-0.00058', '0.00020', '1.00000']
  '017.2667': ['0.287', '0.929', '0.080', '-0.67462', '0.73816', '-0.00060', '-0.73816',
    '-0.67462', '-0.00028', '-0.00061', '0.00026', '1.00000']
  '017.3333': ['0.283', '0.921', '0.080', '-0.66585', '0.74608', '-0.00068', '-0.74608',
    '-0.66585', '-0.00028', '-0.00067', '0.00032', '1.00000']
  '017.4000': ['0.278', '0.913', '0.080', '-0.65865', '0.75245', '-0.00072', '-0.75245',
    '-0.65865', '-0.00024', '-0.00066', '0.00038', '1.00000']
  '017.4667': ['0.270', '0.903', '0.080', '-0.65352', '0.75691', '-0.00074', '-0.75691',
    '-0.65352', '-0.00022', '-0.00065', '0.00041', '1.00000']
  '017.5333': ['0.264', '0.895', '0.080', '-0.64990', '0.76002', '-0.00079', '-0.76002',
    '-0.64990', '-0.00028', '-0.00072', '0.00042', '1.00000']
  '017.6000': ['0.256', '0.884', '0.080', '-0.63482', '0.77266', '-0.00080', '-0.77266',
    '-0.63482', '-0.00030', '-0.00074', '0.00043', '1.00000']
  '017.6666': ['0.246', '0.873', '0.080', '-0.61649', '0.78736', '-0.00079', '-0.78736',
    '-0.61649', '-0.00034', '-0.00076', '0.00041', '1.00000']
  '017.7333': ['0.237', '0.862', '0.080', '-0.59328', '0.80500', '-0.00079', '-0.80500',
    '-0.59328', '-0.00036', '-0.00076', '0.00043', '1.00000']
  '017.8000': ['0.232', '0.853', '0.080', '-0.57406', '0.81881', '-0.00081', '-0.81881',
    '-0.57406', '-0.00039', '-0.00079', '0.00044', '1.00000']
  '017.8666': ['0.221', '0.840', '0.080', '-0.55267', '0.83340', '-0.00079', '-0.83340',
    '-0.55267', '-0.00040', '-0.00077', '0.00043', '1.00000']
  '017.9333': ['0.214', '0.828', '0.080', '-0.53018', '0.84789', '-0.00079', '-0.84789',
    '-0.53018', '-0.00041', '-0.00077', '0.00045', '1.00000']
  '018.0000': ['0.206', '0.815', '0.080', '-0.50432', '0.86352', '-0.00079', '-0.86352',
    '-0.50432', '-0.00042', '-0.00076', '0.00047', '1.00000']
  '021.0000': ['0.198', '0.301', '0.080', '0.65828', '0.75278', '-0.00012', '-0.75278',
    '0.65828', '-0.00049', '-0.00029', '0.00042', '1.00000']
  '021.0666': ['0.205', '0.293', '0.080', '0.67730', '0.73571', '-0.00011', '-0.73571',
    '0.67730', '-0.00049', '-0.00029', '0.00041', '1.00000']
  '021.1333': ['0.211', '0.286', '0.080', '0.69488', '0.71913', '-0.00011', '-0.71913',
    '0.69488', '-0.00049', '-0.00028', '0.00042', '1.00000']
  '021.2000': ['0.217', '0.280', '0.080', '0.71165', '0.70253', '-0.00009', '-0.70253',
    '0.71165', '-0.00050', '-0.00028', '0.00042', '1.00000']
  '021.2666': ['0.225', '0.272', '0.080', '0.73230', '0.68099', '-0.00008', '-0.68099',
    '0.73230', '-0.00050', '-0.00028', '0.00042', '1.00000']
  '021.3333': ['0.234', '0.264', '0.080', '0.75229', '0.65884', '-0.00005', '-0.65884',
    '0.75229', '-0.00049', '-0.00028', '0.00040', '1.00000']
  '021.4000': ['0.245', '0.255', '0.080', '0.77312', '0.63426', '-0.00004', '-0.63426',
    '0.77312', '-0.00049', '-0.00028', '0.00041', '1.00000']
  '021.4666': ['0.254', '0.248', '0.080', '0.79038', '0.61262', '-0.00003', '-0.61262',
    '0.79038', '-0.00049', '-0.00028', '0.00041', '1.00000']
  '021.5333': ['0.262', '0.243', '0.080', '0.80239', '0.59679', '-0.00002', '-0.59679',
    '0.80239', '-0.00052', '-0.00029', '0.00043', '1.00000']
  '021.6000': ['0.273', '0.234', '0.080', '0.82003', '0.57232', '-0.00001', '-0.57232',
    '0.82003', '-0.00049', '-0.00027', '0.00040', '1.00000']
  '021.6666': ['0.287', '0.224', '0.080', '0.83791', '0.54580', '0.00000', '-0.54580',
    '0.83791', '-0.00047', '-0.00026', '0.00039', '1.00000']
  '021.7333': ['0.295', '0.220', '0.080', '0.84614', '0.53296', '0.00002', '-0.53296',
    '0.84614', '-0.00047', '-0.00026', '0.00039', '1.00000']
  '021.8000': ['0.303', '0.215', '0.080', '0.85353', '0.52104', '0.00003', '-0.52104',
    '0.85353', '-0.00048', '-0.00027', '0.00040', '1.00000']
  '021.8666': ['0.317', '0.208', '0.080', '0.86537', '0.50113', '0.00004', '-0.50113',
    '0.86537', '-0.00046', '-0.00027', '0.00038', '1.00000']
  '021.9333': ['0.323', '0.205', '0.080', '0.86767', '0.49714', '0.00006', '-0.49714',
    '0.86767', '-0.00047', '-0.00028', '0.00038', '1.00000']
  '022.0000': ['0.333', '0.197', '0.080', '0.87315', '0.48746', '0.00006', '-0.48746',
    '0.87315', '-0.00041', '-0.00025', '0.00033', '1.00000']
  '022.0666': ['0.346', '0.191', '0.080', '0.88198', '0.47129', '0.00006', '-0.47129',
    '0.88198', '-0.00041', '-0.00025', '0.00033', '1.00000']
  '022.1333': ['0.355', '0.187', '0.080', '0.88713', '0.46152', '0.00006', '-0.46152',
    '0.88713', '-0.00041', '-0.00024', '0.00034', '1.00000']
  '022.2000': ['0.368', '0.180', '0.080', '0.89527', '0.44552', '0.00005', '-0.44552',
    '0.89527', '-0.00043', '-0.00024', '0.00036', '1.00000']
  '022.2666': ['0.375', '0.177', '0.080', '0.89979', '0.43633', '0.00005', '-0.43633',
    '0.89979', '-0.00044', '-0.00024', '0.00038', '1.00000']
  '022.3333': ['0.385', '0.171', '0.080', '0.90512', '0.42516', '0.00007', '-0.42516',
    '0.90512', '-0.00043', '-0.00025', '0.00036', '1.00000']
  '022.4000': ['0.396', '0.166', '0.080', '0.91442', '0.40477', '0.00009', '-0.40477',
    '0.91442', '-0.00041', '-0.00025', '0.00034', '1.00000']
  '022.4666': ['0.379', '0.160', '0.080', '0.93402', '0.35723', '-0.00001', '-0.35723',
    '0.93402', '-0.00011', '-0.00003', '0.00010', '1.00000']
  '022.5333': ['0.395', '0.154', '0.080', '0.94432', '0.32902', '0.00002', '-0.32902',
    '0.94432', '-0.00008', '-0.00005', '0.00006', '1.00000']
