begin_time_stamp: 1588329692.8666666
data_header:
  time_stamp: [x, y, z, R11, R12, R13, R21, R22, R23, R31, R32, R33]
trajectory_data:
  '000.0000': ['0.461', '0.204', '0.080', '0.91902', '0.39421', '0.00016', '-0.39421',
    '0.91902', '-0.00042', '-0.00031', '0.00032', '1.00000']
  '000.0667': ['0.470', '0.201', '0.080', '0.93210', '0.36220', '0.00018', '-0.36220',
    '0.93210', '-0.00042', '-0.00032', '0.00033', '1.00000']
  '000.1333': ['0.481', '0.198', '0.080', '0.94678', '0.32189', '0.00020', '-0.32189',
    '0.94678', '-0.00044', '-0.00033', '0.00035', '1.00000']
  '000.2000': ['0.492', '0.194', '0.080', '0.95830', '0.28575', '0.00020', '-0.28575',
    '0.95830', '-0.00043', '-0.00031', '0.00036', '1.00000']
  '000.2667': ['0.505', '0.190', '0.080', '0.96798', '0.25102', '0.00021', '-0.25102',
    '0.96798', '-0.00043', '-0.00031', '0.00036', '1.00000']
  '000.3333': ['0.519', '0.187', '0.080', '0.97464', '0.22376', '0.00023', '-0.22376',
    '0.97464', '-0.00043', '-0.00032', '0.00036', '1.00000']
  '000.4000': ['0.533', '0.185', '0.080', '0.97843', '0.20659', '0.00024', '-0.20659',
    '0.97843', '-0.00044', '-0.00033', '0.00038', '1.00000']
  '000.4667': ['0.542', '0.182', '0.080', '0.98006', '0.19869', '0.00024', '-0.19869',
    '0.98006', '-0.00043', '-0.00032', '0.00037', '1.00000']
  '000.5333': ['0.552', '0.181', '0.080', '0.98111', '0.19344', '0.00025', '-0.19344',
    '0.98111', '-0.00044', '-0.00033', '0.00038', '1.00000']
  '000.6000': ['0.565', '0.178', '0.080', '0.97996', '0.19919', '0.00025', '-0.19919',
    '0.97996', '-0.00041', '-0.00033', '0.00035', '1.00000']
  '000.6667': ['0.577', '0.176', '0.080', '0.97971', '0.20040', '0.00026', '-0.20040',
    '0.97971', '-0.00040', '-0.00034', '0.00034', '1.00000']
  '000.7333': ['0.587', '0.174', '0.080', '0.97893', '0.20421', '0.00026', '-0.20421',
    '0.97893', '-0.00038', '-0.00033', '0.00032', '1.00000']
  '000.8000': ['0.594', '0.173', '0.080', '0.97814', '0.20796', '0.00025', '-0.20796',
    '0.97814', '-0.00038', '-0.00033', '0.00032', '1.00000']
  '000.8667': ['0.604', '0.170', '0.080', '0.97831', '0.20716', '0.00025', '-0.20716',
    '0.97831', '-0.00038', '-0.00032', '0.00032', '1.00000']
  '000.9333': ['0.617', '0.168', '0.080', '0.98018', '0.19812', '0.00026', '-0.19812',
    '0.98018', '-0.00037', '-0.00032', '0.00032', '1.00000']
  '001.0000': ['0.631', '0.165', '0.080', '0.98172', '0.19034', '0.00025', '-0.19034',
    '0.98172', '-0.00037', '-0.00032', '0.00031', '1.00000']
  '001.0667': ['0.635', '0.164', '0.080', '0.98082', '0.19491', '0.00026', '-0.19491',
    '0.98082', '-0.00036', '-0.00032', '0.00030', '1.00000']
  '001.1333': ['0.647', '0.163', '0.080', '0.98021', '0.19796', '0.00026', '-0.19796',
    '0.98021', '-0.00035', '-0.00032', '0.00029', '1.00000']
  '001.2000': ['0.659', '0.158', '0.080', '0.97937', '0.20209', '0.00026', '-0.20209',
    '0.97937', '-0.00032', '-0.00032', '0.00026', '1.00000']
  '001.2667': ['0.663', '0.157', '0.080', '0.98014', '0.19831', '0.00026', '-0.19831',
    '0.98014', '-0.00032', '-0.00032', '0.00027', '1.00000']
  '001.3333': ['0.677', '0.150', '0.080', '0.98291', '0.18409', '0.00035', '-0.18409',
    '0.98291', '-0.00014', '-0.00037', '0.00007', '1.00000']
  '001.4000': ['0.689', '0.148', '0.080', '0.98391', '0.17865', '0.00034', '-0.17865',
    '0.98391', '-0.00015', '-0.00037', '0.00008', '1.00000']
  '001.4667': ['0.700', '0.145', '0.080', '0.98410', '0.17760', '0.00035', '-0.17760',
    '0.98410', '-0.00016', '-0.00037', '0.00010', '1.00000']
  '001.5333': ['0.712', '0.142', '0.080', '0.98399', '0.17824', '0.00036', '-0.17824',
    '0.98399', '-0.00017', '-0.00038', '0.00011', '1.00000']
  '001.6000': ['0.720', '0.142', '0.080', '0.98460', '0.17482', '0.00037', '-0.17482',
    '0.98460', '-0.00021', '-0.00040', '0.00014', '1.00000']
  '001.6667': ['0.730', '0.140', '0.080', '0.98530', '0.17084', '0.00037', '-0.17084',
    '0.98530', '-0.00023', '-0.00041', '0.00017', '1.00000']
  '001.7333': ['0.742', '0.138', '0.080', '0.98628', '0.16510', '0.00037', '-0.16510',
    '0.98628', '-0.00026', '-0.00041', '0.00019', '1.00000']
  '001.8000': ['0.754', '0.137', '0.080', '0.98769', '0.15641', '0.00039', '-0.15641',
    '0.98769', '-0.00028', '-0.00043', '0.00022', '1.00000']
  '001.8667': ['0.766', '0.135', '0.080', '0.98854', '0.15096', '0.00040', '-0.15096',
    '0.98854', '-0.00029', '-0.00044', '0.00023', '1.00000']
  '001.9333': ['0.779', '0.133', '0.080', '0.98941', '0.14513', '0.00041', '-0.14513',
    '0.98941', '-0.00030', '-0.00045', '0.00024', '1.00000']
  '002.0000': ['0.790', '0.132', '0.080', '0.99044', '0.13793', '0.00041', '-0.13793',
    '0.99044', '-0.00032', '-0.00045', '0.00026', '1.00000']
  '002.0667': ['0.801', '0.131', '0.080', '0.99121', '0.13230', '0.00041', '-0.13230',
    '0.99121', '-0.00034', '-0.00045', '0.00028', '1.00000']
  '002.1333': ['0.811', '0.130', '0.080', '0.99218', '0.12483', '0.00043', '-0.12483',
    '0.99218', '-0.00035', '-0.00047', '0.00029', '1.00000']
  '002.2000': ['0.830', '0.126', '0.080', '0.99410', '0.10844', '0.00063', '-0.10844',
    '0.99410', '-0.00046', '-0.00068', '0.00039', '1.00000']
  '002.2667': ['0.843', '0.125', '0.080', '0.99480', '0.10186', '0.00066', '-0.10186',
    '0.99480', '-0.00049', '-0.00070', '0.00042', '1.00000']
  '002.3333': ['0.855', '0.124', '0.080', '0.99536', '0.09622', '0.00070', '-0.09622',
    '0.99536', '-0.00051', '-0.00074', '0.00045', '1.00000']
  '002.4000': ['0.868', '0.122', '0.080', '0.99616', '0.08757', '0.00075', '-0.08757',
    '0.99616', '-0.00054', '-0.00080', '0.00047', '1.00000']
  '002.4667': ['0.879', '0.120', '0.080', '0.99641', '0.08464', '0.00081', '-0.08464',
    '0.99641', '-0.00056', '-0.00085', '0.00049', '1.00000']
  '002.5333': ['0.892', '0.118', '0.080', '0.99658', '0.08258', '0.00082', '-0.08258',
    '0.99658', '-0.00054', '-0.00086', '0.00047', '1.00000']
  '002.6000': ['0.905', '0.116', '0.080', '0.99681', '0.07980', '0.00084', '-0.07980',
    '0.99681', '-0.00053', '-0.00088', '0.00046', '1.00000']
  '002.6667': ['0.917', '0.114', '0.080', '0.99657', '0.08276', '0.00086', '-0.08276',
    '0.99657', '-0.00056', '-0.00090', '0.00049', '1.00000']
  '002.7333': ['0.930', '0.112', '0.080', '0.99694', '0.07811', '0.00087', '-0.07811',
    '0.99694', '-0.00055', '-0.00091', '0.00048', '1.00000']
  '002.8000': ['0.942', '0.110', '0.080', '0.99765', '0.06844', '0.00091', '-0.06844',
    '0.99765', '-0.00057', '-0.00095', '0.00050', '1.00000']
  '002.8667': ['0.955', '0.108', '0.080', '0.99808', '0.06185', '0.00090', '-0.06185',
    '0.99809', '-0.00055', '-0.00093', '0.00050', '1.00000']
  '002.9333': ['0.968', '0.106', '0.080', '0.99846', '0.05546', '0.00091', '-0.05546',
    '0.99846', '-0.00052', '-0.00094', '0.00047', '1.00000']
  '003.0000': ['0.981', '0.103', '0.080', '0.99871', '0.05080', '0.00094', '-0.05080',
    '0.99871', '-0.00046', '-0.00096', '0.00041', '1.00000']
  '003.0667': ['0.994', '0.099', '0.080', '0.99896', '0.04563', '0.00094', '-0.04563',
    '0.99896', '-0.00028', '-0.00095', '0.00024', '1.00000']
  '003.1333': ['1.007', '0.098', '0.080', '0.99875', '0.05002', '0.00086', '-0.05002',
    '0.99875', '-0.00033', '-0.00087', '0.00029', '1.00000']
  '003.2000': ['1.019', '0.095', '0.080', '0.99888', '0.04733', '0.00086', '-0.04733',
    '0.99888', '-0.00022', '-0.00087', '0.00018', '1.00000']
  '003.2667': ['1.030', '0.094', '0.080', '0.99897', '0.04538', '0.00081', '-0.04538',
    '0.99897', '-0.00023', '-0.00082', '0.00020', '1.00000']
  '003.3333': ['1.041', '0.093', '0.080', '0.99915', '0.04128', '0.00080', '-0.04128',
    '0.99915', '-0.00023', '-0.00081', '0.00019', '1.00000']
  '003.4000': ['1.053', '0.094', '0.080', '0.99911', '0.04227', '0.00072', '-0.04227',
    '0.99911', '-0.00035', '-0.00074', '0.00032', '1.00000']
  '003.4667': ['1.063', '0.105', '0.080', '0.99822', '0.05959', '0.00078', '-0.05958',
    '0.99822', '-0.00130', '-0.00086', '0.00125', '1.00000']
  '003.5333': ['1.075', '0.109', '0.080', '0.99812', '0.06126', '0.00076', '-0.06126',
    '0.99812', '-0.00174', '-0.00086', '0.00169', '1.00000']
  '003.6000': ['1.086', '0.109', '0.080', '0.99873', '0.05031', '0.00065', '-0.05031',
    '0.99873', '-0.00173', '-0.00074', '0.00169', '1.00000']
  '003.6667': ['1.097', '0.102', '0.080', '0.99940', '0.03461', '0.00057', '-0.03461',
    '0.99940', '-0.00110', '-0.00061', '0.00108', '1.00000']
  '003.7333': ['1.108', '0.100', '0.080', '0.99970', '0.02443', '0.00055', '-0.02443',
    '0.99970', '-0.00100', '-0.00057', '0.00098', '1.00000']
  '003.8000': ['1.118', '0.111', '0.080', '0.99987', '0.01582', '0.00051', '-0.01582',
    '0.99987', '-0.00182', '-0.00054', '0.00181', '1.00000']
  '003.8667': ['1.129', '0.103', '0.080', '0.99991', '-0.01304', '0.00046', '0.01304',
    '0.99991', '-0.00113', '-0.00045', '0.00113', '1.00000']
  '003.9333': ['1.139', '0.101', '0.080', '0.99955', '-0.03000', '0.00043', '0.03000',
    '0.99955', '-0.00095', '-0.00040', '0.00096', '1.00000']
  '004.0000': ['1.150', '0.103', '0.080', '0.99900', '-0.04476', '0.00041', '0.04476',
    '0.99900', '-0.00103', '-0.00036', '0.00105', '1.00000']
  '004.0667': ['1.164', '0.112', '0.080', '0.99869', '-0.05110', '0.00018', '0.05110',
    '0.99869', '-0.00176', '-0.00009', '0.00177', '1.00000']
  '004.1333': ['1.173', '0.108', '0.080', '0.99758', '-0.06953', '0.00033', '0.06953',
    '0.99758', '-0.00123', '-0.00025', '0.00125', '1.00000']
  '004.2000': ['1.184', '0.108', '0.080', '0.99654', '-0.08314', '0.00039', '0.08314',
    '0.99654', '-0.00111', '-0.00029', '0.00113', '1.00000']
  '004.2667': ['1.195', '0.110', '0.080', '0.99511', '-0.09876', '0.00045', '0.09876',
    '0.99511', '-0.00112', '-0.00034', '0.00116', '1.00000']
  '004.3333': ['1.206', '0.114', '0.080', '0.99393', '-0.11000', '0.00048', '0.11000',
    '0.99393', '-0.00126', '-0.00033', '0.00130', '1.00000']
  '004.4000': ['1.217', '0.114', '0.080', '0.99291', '-0.11883', '0.00054', '0.11883',
    '0.99291', '-0.00112', '-0.00040', '0.00118', '1.00000']
  '004.4667': ['1.227', '0.118', '0.080', '0.99136', '-0.13115', '0.00066', '0.13115',
    '0.99136', '-0.00114', '-0.00050', '0.00122', '1.00000']
  '004.5333': ['1.238', '0.120', '0.080', '0.98988', '-0.14193', '0.00083', '0.14193',
    '0.98988', '-0.00128', '-0.00065', '0.00138', '1.00000']
  '004.6000': ['1.250', '0.123', '0.080', '0.98686', '-0.16157', '0.00092', '0.16157',
    '0.98686', '-0.00119', '-0.00072', '0.00133', '1.00000']
  '004.6667': ['1.261', '0.126', '0.080', '0.98473', '-0.17411', '0.00101', '0.17411',
    '0.98473', '-0.00118', '-0.00079', '0.00133', '1.00000']
  '004.7333': ['1.241', '0.116', '0.080', '0.98224', '-0.18762', '0.00036', '0.18762',
    '0.98224', '-0.00050', '-0.00026', '0.00056', '1.00000']
  '004.8000': ['1.252', '0.119', '0.080', '0.98025', '-0.19776', '0.00038', '0.19776',
    '0.98025', '-0.00052', '-0.00027', '0.00058', '1.00000']
  '004.8667': ['1.262', '0.120', '0.080', '0.97675', '-0.21440', '0.00036', '0.21440',
    '0.97675', '-0.00048', '-0.00025', '0.00055', '1.00000']
  '004.9333': ['1.272', '0.123', '0.080', '0.97227', '-0.23385', '0.00027', '0.23385',
    '0.97227', '-0.00050', '-0.00015', '0.00055', '1.00000']
  '005.0000': ['1.280', '0.124', '0.080', '0.94932', '-0.31430', '0.00021', '0.31430',
    '0.94932', '-0.00050', '-0.00005', '0.00054', '1.00000']
  '005.0667': ['1.291', '0.130', '0.080', '0.91958', '-0.39290', '0.00025', '0.39290',
    '0.91958', '-0.00048', '-0.00004', '0.00054', '1.00000']
  '005.1333': ['1.329', '0.148', '0.080', '0.89579', '-0.44447', '0.00105', '0.44447',
    '0.89579', '-0.00087', '-0.00055', '0.00124', '1.00000']
  '005.2000': ['1.341', '0.154', '0.080', '0.87646', '-0.48147', '0.00103', '0.48147',
    '0.87646', '-0.00078', '-0.00053', '0.00118', '1.00000']
  '005.2667': ['1.352', '0.162', '0.080', '0.86125', '-0.50818', '0.00103', '0.50818',
    '0.86125', '-0.00073', '-0.00051', '0.00115', '1.00000']
  '005.3333': ['1.336', '0.156', '0.080', '0.85246', '-0.52280', '0.00026', '0.52280',
    '0.85245', '-0.00042', '0.00000', '0.00050', '1.00000']
  '005.4000': ['1.346', '0.163', '0.080', '0.83851', '-0.54489', '0.00024', '0.54489',
    '0.83851', '-0.00040', '0.00001', '0.00047', '1.00000']
  '005.4667': ['1.356', '0.170', '0.080', '0.82585', '-0.56389', '0.00022', '0.56389',
    '0.82585', '-0.00038', '0.00003', '0.00044', '1.00000']
  '005.5333': ['1.364', '0.176', '0.080', '0.82362', '-0.56714', '0.00024', '0.56714',
    '0.82362', '-0.00037', '0.00001', '0.00044', '1.00000']
  '005.6000': ['1.373', '0.182', '0.080', '0.82049', '-0.57166', '0.00025', '0.57166',
    '0.82049', '-0.00037', '0.00001', '0.00045', '1.00000']
  '005.6667': ['1.382', '0.189', '0.080', '0.81768', '-0.57567', '0.00025', '0.57567',
    '0.81768', '-0.00038', '0.00001', '0.00045', '1.00000']
  '005.7333': ['1.390', '0.194', '0.080', '0.81534', '-0.57898', '0.00026', '0.57898',
    '0.81534', '-0.00034', '-0.00001', '0.00043', '1.00000']
  '005.8000': ['1.398', '0.201', '0.080', '0.81489', '-0.57962', '0.00028', '0.57962',
    '0.81489', '-0.00034', '-0.00004', '0.00044', '1.00000']
  '005.8667': ['1.407', '0.207', '0.080', '0.81514', '-0.57927', '0.00028', '0.57927',
    '0.81514', '-0.00034', '-0.00003', '0.00044', '1.00000']
  '005.9333': ['1.415', '0.213', '0.080', '0.81420', '-0.58058', '0.00028', '0.58058',
    '0.81420', '-0.00036', '-0.00002', '0.00046', '1.00000']
  '006.0000': ['1.423', '0.219', '0.080', '0.81364', '-0.58137', '0.00031', '0.58137',
    '0.81364', '-0.00036', '-0.00005', '0.00047', '1.00000']
  '006.0667': ['1.431', '0.225', '0.080', '0.81319', '-0.58200', '0.00031', '0.58200',
    '0.81319', '-0.00035', '-0.00005', '0.00047', '1.00000']
  '006.1333': ['1.439', '0.230', '0.080', '0.81287', '-0.58245', '0.00028', '0.58245',
    '0.81287', '-0.00032', '-0.00004', '0.00042', '1.00000']
  '006.2000': ['1.447', '0.236', '0.080', '0.81180', '-0.58393', '0.00026', '0.58393',
    '0.81180', '-0.00031', '-0.00003', '0.00040', '1.00000']
  '006.2667': ['1.456', '0.243', '0.080', '0.80773', '-0.58956', '0.00026', '0.58956',
    '0.80772', '-0.00032', '-0.00003', '0.00041', '1.00000']
  '006.3333': ['1.464', '0.249', '0.080', '0.79932', '-0.60090', '0.00025', '0.60090',
    '0.79932', '-0.00030', '-0.00003', '0.00039', '1.00000']
  '006.4000': ['1.472', '0.256', '0.080', '0.78764', '-0.61614', '0.00024', '0.61614',
    '0.78764', '-0.00028', '-0.00001', '0.00037', '1.00000']
  '006.4667': ['1.481', '0.263', '0.080', '0.77584', '-0.63093', '0.00024', '0.63093',
    '0.77584', '-0.00028', '-0.00001', '0.00037', '1.00000']
  '006.5333': ['1.489', '0.270', '0.080', '0.76247', '-0.64703', '0.00023', '0.64703',
    '0.76247', '-0.00027', '0.00000', '0.00035', '1.00000']
  '006.6000': ['1.498', '0.277', '0.080', '0.75110', '-0.66019', '0.00023', '0.66019',
    '0.75110', '-0.00027', '0.00000', '0.00036', '1.00000']
  '006.6667': ['1.506', '0.286', '0.080', '0.74136', '-0.67111', '0.00022', '0.67111',
    '0.74136', '-0.00029', '0.00002', '0.00036', '1.00000']
  '006.7333': ['1.514', '0.294', '0.080', '0.73496', '-0.67811', '0.00022', '0.67811',
    '0.73496', '-0.00028', '0.00003', '0.00035', '1.00000']
  '006.8000': ['1.521', '0.301', '0.080', '0.72679', '-0.68686', '0.00023', '0.68686',
    '0.72679', '-0.00028', '0.00002', '0.00037', '1.00000']
  '006.8667': ['1.530', '0.309', '0.080', '0.72188', '-0.69202', '0.00025', '0.69202',
    '0.72188', '-0.00028', '0.00001', '0.00038', '1.00000']
  '006.9333': ['1.537', '0.317', '0.080', '0.71249', '-0.70168', '0.00030', '0.70168',
    '0.71249', '-0.00030', '-0.00001', '0.00043', '1.00000']
  '007.0000': ['1.545', '0.325', '0.080', '0.70615', '-0.70807', '0.00030', '0.70807',
    '0.70615', '-0.00029', '-0.00000', '0.00042', '1.00000']
  '007.0667': ['1.546', '0.323', '0.080', '0.71419', '-0.69995', '-0.00017', '0.69995',
    '0.71419', '-0.00032', '0.00035', '0.00011', '1.00000']
  '007.1333': ['1.555', '0.331', '0.080', '0.70781', '-0.70640', '-0.00014', '0.70640',
    '0.70781', '-0.00034', '0.00034', '0.00014', '1.00000']
  '007.2000': ['1.563', '0.339', '0.080', '0.70053', '-0.71362', '-0.00014', '0.71362',
    '0.70053', '-0.00031', '0.00032', '0.00012', '1.00000']
  '007.2667': ['1.571', '0.347', '0.080', '0.70013', '-0.71402', '-0.00009', '0.71402',
    '0.70013', '-0.00033', '0.00030', '0.00017', '1.00000']
  '007.3333': ['1.579', '0.356', '0.080', '0.68975', '-0.72404', '-0.00009', '0.72404',
    '0.68975', '-0.00034', '0.00031', '0.00017', '1.00000']
  '007.4000': ['1.586', '0.364', '0.080', '0.66845', '-0.74376', '-0.00008', '0.74376',
    '0.66845', '-0.00032', '0.00029', '0.00016', '1.00000']
  '007.4667': ['1.601', '0.385', '0.080', '0.62845', '-0.77785', '0.00028', '0.77785',
    '0.62845', '-0.00026', '0.00002', '0.00038', '1.00000']
  '007.5333': ['1.602', '0.383', '0.080', '0.62379', '-0.78159', '-0.00005', '0.78159',
    '0.62379', '-0.00032', '0.00028', '0.00016', '1.00000']
  '007.6000': ['1.609', '0.392', '0.080', '0.59471', '-0.80394', '-0.00004', '0.80394',
    '0.59471', '-0.00029', '0.00026', '0.00014', '1.00000']
  '007.6667': ['1.616', '0.402', '0.080', '0.56497', '-0.82511', '-0.00005', '0.82511',
    '0.56497', '-0.00029', '0.00027', '0.00012', '1.00000']
  '007.7333': ['1.622', '0.413', '0.080', '0.53234', '-0.84653', '-0.00003', '0.84653',
    '0.53234', '-0.00027', '0.00025', '0.00012', '1.00000']
  '007.8000': ['1.628', '0.424', '0.080', '0.50003', '-0.86601', '-0.00002', '0.86601',
    '0.50003', '-0.00026', '0.00024', '0.00011', '1.00000']
  '007.8667': ['1.634', '0.434', '0.080', '0.46946', '-0.88295', '-0.00004', '0.88295',
    '0.46946', '-0.00023', '0.00022', '0.00007', '1.00000']
  '007.9333': ['1.639', '0.445', '0.080', '0.43221', '-0.90177', '-0.00003', '0.90177',
    '0.43221', '-0.00022', '0.00021', '0.00007', '1.00000']
  '008.0000': ['1.643', '0.456', '0.080', '0.37462', '-0.92718', '0.00001', '0.92718',
    '0.37462', '-0.00019', '0.00017', '0.00009', '1.00000']
  '008.0667': ['1.647', '0.467', '0.080', '0.30488', '-0.95239', '0.00004', '0.95239',
    '0.30488', '-0.00018', '0.00016', '0.00009', '1.00000']
  '008.1333': ['1.648', '0.479', '0.080', '0.23149', '-0.97284', '0.00016', '0.97284',
    '0.23149', '-0.00019', '0.00015', '0.00020', '1.00000']
  '008.2000': ['1.651', '0.492', '0.080', '0.14912', '-0.98882', '0.00015', '0.98882',
    '0.14912', '-0.00018', '0.00016', '0.00017', '1.00000']
  '008.2667': ['1.646', '0.502', '0.080', '0.07547', '-0.99715', '0.00052', '0.99715',
    '0.07547', '0.00000', '-0.00004', '0.00051', '1.00000']
  '008.3333': ['1.646', '0.515', '0.080', '0.00384', '-0.99999', '0.00057', '0.99999',
    '0.00384', '0.00009', '-0.00009', '0.00057', '1.00000']
  '008.4000': ['1.646', '0.530', '0.080', '-0.05827', '-0.99830', '0.00053', '0.99830',
    '-0.05827', '0.00002', '0.00001', '0.00053', '1.00000']
  '008.4667': ['1.648', '0.543', '0.080', '-0.12251', '-0.99247', '0.00032', '0.99247',
    '-0.12251', '0.00021', '-0.00017', '0.00034', '1.00000']
  '008.5333': ['1.644', '0.555', '0.080', '-0.17451', '-0.98465', '0.00041', '0.98465',
    '-0.17451', '0.00031', '-0.00023', '0.00046', '1.00000']
  '008.6000': ['1.641', '0.570', '0.080', '-0.20477', '-0.97881', '0.00041', '0.97881',
    '-0.20477', '0.00033', '-0.00024', '0.00046', '1.00000']
  '008.6667': ['1.640', '0.585', '0.080', '-0.23132', '-0.97288', '0.00037', '0.97288',
    '-0.23132', '0.00030', '-0.00021', '0.00043', '1.00000']
  '008.7333': ['1.642', '0.598', '0.080', '-0.25165', '-0.96782', '0.00004', '0.96782',
    '-0.25165', '0.00030', '-0.00028', '0.00011', '1.00000']
  '008.8000': ['1.640', '0.611', '0.080', '-0.25819', '-0.96609', '-0.00005', '0.96609',
    '-0.25819', '0.00030', '-0.00031', '0.00003', '1.00000']
  '008.8667': ['1.638', '0.622', '0.080', '-0.26036', '-0.96551', '-0.00012', '0.96551',
    '-0.26036', '0.00038', '-0.00040', '-0.00002', '1.00000']
  '008.9333': ['1.635', '0.635', '0.080', '-0.26237', '-0.96497', '-0.00011', '0.96497',
    '-0.26237', '0.00032', '-0.00034', '-0.00002', '1.00000']
  '009.0000': ['1.633', '0.646', '0.080', '-0.26455', '-0.96437', '-0.00015', '0.96437',
    '-0.26455', '0.00033', '-0.00036', '-0.00006', '1.00000']
  '009.0667': ['1.630', '0.657', '0.080', '-0.25929', '-0.96580', '-0.00016', '0.96580',
    '-0.25929', '0.00035', '-0.00038', '-0.00007', '1.00000']
  '009.1333': ['1.627', '0.669', '0.080', '-0.26051', '-0.96547', '-0.00014', '0.96547',
    '-0.26051', '0.00036', '-0.00039', '-0.00004', '1.00000']
  '009.2000': ['1.625', '0.680', '0.080', '-0.25529', '-0.96686', '-0.00017', '0.96686',
    '-0.25529', '0.00039', '-0.00042', '-0.00006', '1.00000']
  '009.2667': ['1.621', '0.692', '0.080', '-0.25205', '-0.96771', '-0.00015', '0.96771',
    '-0.25205', '0.00036', '-0.00039', '-0.00005', '1.00000']
  '009.3333': ['1.619', '0.704', '0.080', '-0.24319', '-0.96998', '-0.00014', '0.96998',
    '-0.24319', '0.00036', '-0.00038', '-0.00005', '1.00000']
  '009.4000': ['1.617', '0.714', '0.080', '-0.23354', '-0.97235', '-0.00016', '0.97235',
    '-0.23354', '0.00041', '-0.00043', '-0.00006', '1.00000']
  '009.4667': ['1.614', '0.726', '0.080', '-0.22973', '-0.97326', '-0.00015', '0.97326',
    '-0.22973', '0.00041', '-0.00043', '-0.00005', '1.00000']
  '009.5333': ['1.612', '0.737', '0.080', '-0.22955', '-0.97330', '-0.00018', '0.97330',
    '-0.22955', '0.00044', '-0.00047', '-0.00007', '1.00000']
  '009.6000': ['1.608', '0.751', '0.080', '-0.22553', '-0.97424', '-0.00015', '0.97424',
    '-0.22553', '0.00042', '-0.00044', '-0.00006', '1.00000']
  '009.6667': ['1.605', '0.764', '0.080', '-0.22398', '-0.97459', '-0.00012', '0.97459',
    '-0.22398', '0.00042', '-0.00044', '-0.00003', '1.00000']
  '009.7333': ['1.602', '0.777', '0.080', '-0.21695', '-0.97618', '-0.00010', '0.97618',
    '-0.21695', '0.00040', '-0.00042', '-0.00001', '1.00000']
  '009.8000': ['1.600', '0.789', '0.080', '-0.21109', '-0.97747', '-0.00012', '0.97747',
    '-0.21109', '0.00039', '-0.00041', '-0.00003', '1.00000']
  '009.8667': ['1.597', '0.801', '0.080', '-0.20742', '-0.97825', '-0.00013', '0.97825',
    '-0.20742', '0.00039', '-0.00040', '-0.00004', '1.00000']
  '009.9333': ['1.594', '0.814', '0.080', '-0.20762', '-0.97821', '-0.00011', '0.97821',
    '-0.20762', '0.00039', '-0.00040', '-0.00003', '1.00000']
  '010.0000': ['1.591', '0.826', '0.080', '-0.20341', '-0.97909', '-0.00011', '0.97909',
    '-0.20341', '0.00040', '-0.00041', '-0.00003', '1.00000']
  '010.0667': ['1.589', '0.838', '0.080', '-0.20071', '-0.97965', '-0.00013', '0.97965',
    '-0.20071', '0.00041', '-0.00042', '-0.00005', '1.00000']
  '010.1333': ['1.586', '0.849', '0.080', '-0.21634', '-0.97632', '-0.00012', '0.97632',
    '-0.21634', '0.00042', '-0.00044', '-0.00002', '1.00000']
  '010.2000': ['1.584', '0.859', '0.080', '-0.24109', '-0.97050', '-0.00014', '0.97050',
    '-0.24109', '0.00043', '-0.00045', '-0.00003', '1.00000']
  '010.2667': ['1.581', '0.870', '0.080', '-0.27472', '-0.96152', '-0.00015', '0.96152',
    '-0.27472', '0.00044', '-0.00046', '-0.00003', '1.00000']
  '010.3333': ['1.579', '0.879', '0.080', '-0.30756', '-0.95153', '-0.00016', '0.95153',
    '-0.30756', '0.00045', '-0.00048', '-0.00002', '1.00000']
  '010.4000': ['1.575', '0.890', '0.080', '-0.34052', '-0.94024', '-0.00017', '0.94024',
    '-0.34052', '0.00046', '-0.00050', '-0.00000', '1.00000']
  '010.4667': ['1.570', '0.901', '0.080', '-0.37270', '-0.92795', '-0.00015', '0.92795',
    '-0.37270', '0.00047', '-0.00049', '0.00003', '1.00000']
  '010.5333': ['1.568', '0.910', '0.080', '-0.40491', '-0.91436', '-0.00021', '0.91436',
    '-0.40491', '0.00049', '-0.00053', '0.00000', '1.00000']
  '010.6000': ['1.564', '0.920', '0.080', '-0.43815', '-0.89890', '-0.00028', '0.89890',
    '-0.43815', '0.00044', '-0.00052', '-0.00006', '1.00000']
  '010.6667': ['1.559', '0.931', '0.080', '-0.47452', '-0.88024', '-0.00031', '0.88024',
    '-0.47452', '0.00042', '-0.00052', '-0.00007', '1.00000']
  '010.7333': ['1.553', '0.941', '0.080', '-0.51078', '-0.85971', '-0.00033', '0.85971',
    '-0.51078', '0.00040', '-0.00051', '-0.00008', '1.00000']
  '010.8000': ['1.546', '0.952', '0.080', '-0.55184', '-0.83395', '-0.00034', '0.83395',
    '-0.55184', '0.00040', '-0.00052', '-0.00006', '1.00000']
  '010.8667': ['1.539', '0.962', '0.080', '-0.58548', '-0.81068', '-0.00035', '0.81068',
    '-0.58548', '0.00038', '-0.00051', '-0.00006', '1.00000']
  '010.9333': ['1.531', '0.972', '0.080', '-0.62316', '-0.78210', '-0.00037', '0.78210',
    '-0.62316', '0.00035', '-0.00050', '-0.00007', '1.00000']
  '011.0000': ['1.523', '0.982', '0.080', '-0.65875', '-0.75236', '-0.00037', '0.75236',
    '-0.65875', '0.00033', '-0.00049', '-0.00006', '1.00000']
  '011.0667': ['1.514', '0.990', '0.080', '-0.69076', '-0.72309', '-0.00030', '0.72309',
    '-0.69076', '0.00034', '-0.00046', '0.00001', '1.00000']
  '011.1333': ['1.505', '0.997', '0.080', '-0.72609', '-0.68760', '-0.00025', '0.68760',
    '-0.72609', '0.00040', '-0.00046', '0.00011', '1.00000']
  '011.2000': ['1.497', '1.003', '0.080', '-0.75715', '-0.65324', '-0.00024', '0.65324',
    '-0.75715', '0.00048', '-0.00050', '0.00021', '1.00000']
  '011.2667': ['1.488', '1.010', '0.080', '-0.78232', '-0.62288', '-0.00026', '0.62288',
    '-0.78232', '0.00052', '-0.00053', '0.00024', '1.00000']
  '011.3333': ['1.479', '1.018', '0.080', '-0.79698', '-0.60400', '-0.00038', '0.60400',
    '-0.79698', '0.00052', '-0.00061', '0.00019', '1.00000']
  '011.4000': ['1.470', '1.024', '0.080', '-0.81632', '-0.57760', '-0.00034', '0.57760',
    '-0.81632', '0.00048', '-0.00055', '0.00020', '1.00000']
  '011.4667': ['1.459', '1.034', '0.080', '-0.82631', '-0.56322', '-0.00037', '0.56322',
    '-0.82631', '0.00043', '-0.00054', '0.00015', '1.00000']
  '011.5333': ['1.450', '1.040', '0.080', '-0.84004', '-0.54253', '-0.00038', '0.54253',
    '-0.84004', '0.00042', '-0.00055', '0.00015', '1.00000']
  '011.6000': ['1.440', '1.048', '0.080', '-0.85961', '-0.51095', '-0.00041', '0.51095',
    '-0.85961', '0.00040', '-0.00056', '0.00014', '1.00000']
  '011.6667': ['1.428', '1.056', '0.080', '-0.87514', '-0.48387', '-0.00046', '0.48387',
    '-0.87514', '0.00037', '-0.00058', '0.00011', '1.00000']
  '011.7333': ['1.418', '1.059', '0.080', '-0.89399', '-0.44808', '-0.00049', '0.44808',
    '-0.89399', '0.00041', '-0.00062', '0.00015', '1.00000']
  '011.8000': ['1.408', '1.063', '0.080', '-0.91630', '-0.40050', '-0.00042', '0.40050',
    '-0.91630', '0.00040', '-0.00055', '0.00020', '1.00000']
  '011.8667': ['1.395', '1.071', '0.080', '-0.93137', '-0.36408', '-0.00045', '0.36408',
    '-0.93137', '0.00036', '-0.00054', '0.00017', '1.00000']
  '011.9333': ['1.382', '1.076', '0.080', '-0.94493', '-0.32728', '-0.00048', '0.32728',
    '-0.94493', '0.00033', '-0.00056', '0.00016', '1.00000']
  '012.0000': ['1.372', '1.076', '0.080', '-0.95974', '-0.28089', '-0.00045', '0.28089',
    '-0.95974', '0.00035', '-0.00053', '0.00021', '1.00000']
  '012.0667': ['1.360', '1.079', '0.080', '-0.97135', '-0.23765', '-0.00044', '0.23765',
    '-0.97135', '0.00034', '-0.00051', '0.00023', '1.00000']
  '012.1333': ['1.346', '1.082', '0.080', '-0.98158', '-0.19107', '-0.00043', '0.19107',
    '-0.98158', '0.00034', '-0.00048', '0.00025', '1.00000']
  '012.2000': ['1.332', '1.088', '0.080', '-0.98930', '-0.14586', '-0.00046', '0.14586',
    '-0.98930', '0.00033', '-0.00050', '0.00026', '1.00000']
  '012.2667': ['1.318', '1.090', '0.080', '-0.99417', '-0.10778', '-0.00047', '0.10778',
    '-0.99417', '0.00034', '-0.00050', '0.00028', '1.00000']
  '012.3333': ['1.307', '1.088', '0.080', '-0.99798', '-0.06355', '-0.00049', '0.06355',
    '-0.99798', '0.00037', '-0.00051', '0.00034', '1.00000']
  '012.4000': ['1.283', '1.100', '0.080', '-0.99895', '-0.04581', '-0.00052', '0.04581',
    '-0.99895', '0.00026', '-0.00054', '0.00023', '1.00000']
  '012.4667': ['1.273', '1.095', '0.080', '-0.99961', '-0.02788', '-0.00056', '0.02788',
    '-0.99961', '0.00031', '-0.00057', '0.00030', '1.00000']
  '012.5333': ['1.264', '1.091', '0.080', '-0.99974', '0.02290', '-0.00049', '-0.02290',
    '-0.99974', '0.00038', '-0.00048', '0.00039', '1.00000']
  '012.6000': ['1.246', '1.092', '0.080', '-0.99861', '0.05276', '-0.00050', '-0.05276',
    '-0.99861', '0.00036', '-0.00048', '0.00038', '1.00000']
  '012.6667': ['1.231', '1.091', '0.080', '-0.99740', '0.07200', '-0.00050', '-0.07200',
    '-0.99740', '0.00034', '-0.00047', '0.00037', '1.00000']
  '012.7333': ['1.214', '1.091', '0.080', '-0.99763', '0.06887', '-0.00058', '-0.06887',
    '-0.99763', '0.00031', '-0.00056', '0.00035', '1.00000']
  '012.8000': ['1.199', '1.089', '0.080', '-0.99531', '0.09669', '-0.00052', '-0.09669',
    '-0.99531', '0.00030', '-0.00049', '0.00035', '1.00000']
  '012.8667': ['1.182', '1.089', '0.080', '-0.99366', '0.11245', '-0.00052', '-0.11245',
    '-0.99366', '0.00028', '-0.00048', '0.00034', '1.00000']
  '012.9333': ['1.177', '1.077', '0.080', '-0.98751', '0.15754', '-0.00052', '-0.15754',
    '-0.98751', '0.00040', '-0.00045', '0.00048', '1.00000']
  '013.0000': ['1.155', '1.079', '0.080', '-0.98644', '0.16411', '-0.00046', '-0.16411',
    '-0.98644', '0.00032', '-0.00040', '0.00040', '1.00000']
  '013.4000': ['1.131', '1.014', '0.080', '-0.63235', '-0.77468', '-0.00268', '0.77467',
    '-0.63236', '0.00344', '-0.00436', '0.00010', '0.99999']
  '013.4667': ['1.067', '1.060', '0.080', '-0.98741', '0.15818', '-0.00052', '-0.15818',
    '-0.98741', '0.00034', '-0.00046', '0.00042', '1.00000']
  '013.5333': ['1.054', '1.058', '0.080', '-0.99032', '0.13877', '-0.00052', '-0.13877',
    '-0.99032', '0.00034', '-0.00047', '0.00040', '1.00000']
  '013.6000': ['1.040', '1.057', '0.080', '-0.99286', '0.11932', '-0.00051', '-0.11932',
    '-0.99286', '0.00033', '-0.00047', '0.00039', '1.00000']
  '014.4667': ['0.921', '1.057', '0.080', '-0.99102', '0.13373', '0.00034', '-0.13373',
    '-0.99102', '0.00053', '0.00040', '0.00048', '1.00000']
  '014.5333': ['0.899', '1.053', '0.080', '-0.99194', '0.12675', '0.00034', '-0.12675',
    '-0.99194', '0.00057', '0.00041', '0.00052', '1.00000']
  '014.8667': ['0.842', '1.051', '0.080', '-0.99406', '0.10880', '0.00023', '-0.10880',
    '-0.99406', '0.00053', '0.00029', '0.00050', '1.00000']
  '014.9333': ['0.826', '1.048', '0.080', '-0.99374', '0.11174', '0.00024', '-0.11174',
    '-0.99374', '0.00053', '0.00030', '0.00050', '1.00000']
  '015.0000': ['0.811', '1.046', '0.080', '-0.99335', '0.11513', '0.00025', '-0.11513',
    '-0.99335', '0.00054', '0.00031', '0.00050', '1.00000']
  '015.0667': ['0.801', '1.046', '0.080', '-0.99281', '0.11967', '0.00023', '-0.11967',
    '-0.99281', '0.00053', '0.00029', '0.00050', '1.00000']
  '015.1333': ['0.779', '1.042', '0.080', '-0.99284', '0.11942', '0.00024', '-0.11942',
    '-0.99284', '0.00055', '0.00030', '0.00051', '1.00000']
  '015.2000': ['0.762', '1.039', '0.080', '-0.99275', '0.12019', '0.00022', '-0.12019',
    '-0.99275', '0.00056', '0.00029', '0.00053', '1.00000']
  '015.2667': ['0.745', '1.037', '0.080', '-0.99214', '0.12515', '0.00021', '-0.12515',
    '-0.99214', '0.00058', '0.00028', '0.00055', '1.00000']
  '015.3333': ['0.738', '1.037', '0.080', '-0.99230', '0.12384', '0.00021', '-0.12384',
    '-0.99230', '0.00058', '0.00028', '0.00055', '1.00000']
  '015.4000': ['0.726', '1.036', '0.080', '-0.99316', '0.11678', '0.00019', '-0.11678',
    '-0.99316', '0.00058', '0.00026', '0.00055', '1.00000']
  '015.4667': ['0.714', '1.036', '0.080', '-0.99418', '0.10775', '0.00018', '-0.10775',
    '-0.99418', '0.00058', '0.00024', '0.00056', '1.00000']
  '015.5333': ['0.699', '1.034', '0.080', '-0.99542', '0.09562', '0.00018', '-0.09562',
    '-0.99542', '0.00059', '0.00024', '0.00057', '1.00000']
  '015.6000': ['0.685', '1.033', '0.080', '-0.99639', '0.08491', '0.00018', '-0.08491',
    '-0.99639', '0.00060', '0.00023', '0.00058', '1.00000']
  '015.6667': ['0.673', '1.033', '0.080', '-0.99682', '0.07970', '0.00017', '-0.07970',
    '-0.99682', '0.00061', '0.00022', '0.00060', '1.00000']
  '015.7333': ['0.655', '1.031', '0.080', '-0.99741', '0.07189', '0.00018', '-0.07189',
    '-0.99741', '0.00064', '0.00023', '0.00062', '1.00000']
  '015.8000': ['0.640', '1.029', '0.080', '-0.99768', '0.06812', '0.00019', '-0.06812',
    '-0.99768', '0.00063', '0.00023', '0.00061', '1.00000']
  '015.8667': ['0.635', '1.029', '0.080', '-0.99773', '0.06732', '0.00018', '-0.06732',
    '-0.99773', '0.00064', '0.00022', '0.00062', '1.00000']
  '015.9333': ['0.622', '1.028', '0.080', '-0.99818', '0.06034', '0.00015', '-0.06034',
    '-0.99818', '0.00064', '0.00019', '0.00063', '1.00000']
  '016.0000': ['0.602', '1.028', '0.080', '-0.99759', '0.06935', '0.00015', '-0.06935',
    '-0.99759', '0.00061', '0.00019', '0.00059', '1.00000']
  '016.3333': ['0.530', '1.020', '0.080', '-0.99557', '0.09400', '0.00007', '-0.09399',
    '-0.99557', '0.00065', '0.00013', '0.00064', '1.00000']
  '016.4000': ['0.516', '1.020', '0.080', '-0.99501', '0.09975', '0.00007', '-0.09975',
    '-0.99501', '0.00066', '0.00013', '0.00065', '1.00000']
  '016.4667': ['0.500', '1.017', '0.080', '-0.99430', '0.10660', '0.00008', '-0.10660',
    '-0.99430', '0.00066', '0.00015', '0.00065', '1.00000']
  '016.5333': ['0.485', '1.015', '0.080', '-0.99335', '0.11516', '0.00007', '-0.11516',
    '-0.99335', '0.00067', '0.00014', '0.00066', '1.00000']
  '016.6000': ['0.474', '1.015', '0.080', '-0.99290', '0.11896', '0.00006', '-0.11896',
    '-0.99290', '0.00068', '0.00014', '0.00067', '1.00000']
  '016.6667': ['0.459', '1.013', '0.080', '-0.99211', '0.12537', '0.00005', '-0.12536',
    '-0.99211', '0.00071', '0.00014', '0.00069', '1.00000']
  '016.7333': ['0.445', '1.010', '0.080', '-0.99008', '0.14050', '0.00004', '-0.14050',
    '-0.99008', '0.00072', '0.00014', '0.00070', '1.00000']
  '016.8000': ['0.431', '1.009', '0.080', '-0.98660', '0.16317', '0.00001', '-0.16317',
    '-0.98660', '0.00069', '0.00012', '0.00068', '1.00000']
  '016.8667': ['0.416', '1.006', '0.080', '-0.98295', '0.18386', '-0.00001', '-0.18386',
    '-0.98295', '0.00070', '0.00012', '0.00069', '1.00000']
  '016.9333': ['0.404', '1.003', '0.080', '-0.97916', '0.20309', '-0.00001', '-0.20309',
    '-0.97916', '0.00068', '0.00013', '0.00067', '1.00000']
  '017.0000': ['0.393', '1.000', '0.080', '-0.97499', '0.22224', '-0.00002', '-0.22224',
    '-0.97499', '0.00067', '0.00013', '0.00066', '1.00000']
  '017.0667': ['0.378', '0.996', '0.080', '-0.96654', '0.25652', '-0.00004', '-0.25652',
    '-0.96654', '0.00067', '0.00014', '0.00066', '1.00000']
  '017.1333': ['0.364', '0.991', '0.080', '-0.95458', '0.29797', '-0.00005', '-0.29797',
    '-0.95458', '0.00067', '0.00015', '0.00066', '1.00000']
  '017.2000': ['0.355', '0.989', '0.080', '-0.94393', '0.33015', '-0.00007', '-0.33015',
    '-0.94393', '0.00066', '0.00016', '0.00065', '1.00000']
  '017.2667': ['0.344', '0.984', '0.080', '-0.93068', '0.36583', '-0.00008', '-0.36583',
    '-0.93068', '0.00065', '0.00016', '0.00064', '1.00000']
  '017.3333': ['0.328', '0.977', '0.080', '-0.91151', '0.41129', '-0.00011', '-0.41129',
    '-0.91150', '0.00068', '0.00018', '0.00066', '1.00000']
  '017.4000': ['0.316', '0.971', '0.080', '-0.89151', '0.45300', '-0.00015', '-0.45300',
    '-0.89151', '0.00069', '0.00018', '0.00068', '1.00000']
  '017.4667': ['0.306', '0.965', '0.080', '-0.87022', '0.49266', '-0.00015', '-0.49266',
    '-0.87022', '0.00066', '0.00020', '0.00065', '1.00000']
  '019.2666': ['0.102', '0.642', '0.080', '-0.16814', '0.98576', '-0.00063', '-0.98576',
    '-0.16814', '-0.00032', '-0.00043', '0.00057', '1.00000']
  '019.3333': ['0.089', '0.623', '0.080', '-0.16297', '0.98663', '-0.00049', '-0.98663',
    '-0.16297', '-0.00031', '-0.00039', '0.00044', '1.00000']
  '023.2000': ['0.317', '0.165', '0.080', '0.97069', '0.24034', '-0.00008', '-0.24034',
    '0.97069', '-0.00035', '-0.00001', '0.00036', '1.00000']
  '023.2666': ['0.344', '0.156', '0.080', '0.97612', '0.21725', '-0.00004', '-0.21725',
    '0.97612', '-0.00035', '-0.00004', '0.00035', '1.00000']
  '023.3333': ['0.372', '0.147', '0.080', '0.98125', '0.19274', '0.00003', '-0.19274',
    '0.98125', '-0.00032', '-0.00009', '0.00030', '1.00000']
  '023.4000': ['0.400', '0.139', '0.080', '0.98626', '0.16520', '0.00012', '-0.16520',
    '0.98626', '-0.00027', '-0.00017', '0.00024', '1.00000']
  '023.4666': ['0.428', '0.131', '0.080', '0.99195', '0.12664', '0.00024', '-0.12664',
    '0.99195', '-0.00021', '-0.00026', '0.00018', '1.00000']
  '023.5333': ['0.454', '0.123', '0.080', '0.99600', '0.08936', '0.00040', '-0.08936',
    '0.99600', '-0.00011', '-0.00040', '0.00007', '1.00000']
  '023.6000': ['0.483', '0.116', '0.080', '0.99872', '0.05050', '0.00052', '-0.05050',
    '0.99872', '0.00005', '-0.00051', '-0.00007', '1.00000']
  '023.6666': ['0.510', '0.110', '0.080', '0.99976', '0.02205', '0.00057', '-0.02205',
    '0.99976', '0.00020', '-0.00056', '-0.00022', '1.00000']
  '023.7333': ['0.532', '0.106', '0.080', '1.00000', '-0.00226', '0.00061', '0.00226',
    '1.00000', '0.00030', '-0.00061', '-0.00030', '1.00000']
  '023.8000': ['0.553', '0.102', '0.080', '0.99961', '-0.02806', '0.00064', '0.02805',
    '0.99961', '0.00039', '-0.00065', '-0.00037', '1.00000']
  '023.8666': ['0.571', '0.099', '0.080', '0.99870', '-0.05091', '0.00068', '0.05091',
    '0.99870', '0.00042', '-0.00070', '-0.00039', '1.00000']
  '023.9333': ['0.589', '0.098', '0.080', '0.99755', '-0.06991', '0.00069', '0.06991',
    '0.99755', '0.00048', '-0.00072', '-0.00043', '1.00000']
  '024.0000': ['0.601', '0.098', '0.080', '0.99683', '-0.07961', '0.00073', '0.07961',
    '0.99683', '0.00045', '-0.00076', '-0.00039', '1.00000']
  '024.0666': ['0.615', '0.097', '0.080', '0.99601', '-0.08921', '0.00073', '0.08921',
    '0.99601', '0.00045', '-0.00077', '-0.00039', '1.00000']
  '024.1333': ['0.625', '0.099', '0.080', '0.99577', '-0.09187', '0.00074', '0.09187',
    '0.99577', '0.00042', '-0.00077', '-0.00035', '1.00000']
  '024.2000': ['0.635', '0.100', '0.080', '0.99595', '-0.08996', '0.00073', '0.08996',
    '0.99595', '0.00038', '-0.00077', '-0.00031', '1.00000']
  '024.2666': ['0.647', '0.100', '0.080', '0.99606', '-0.08871', '0.00072', '0.08871',
    '0.99606', '0.00034', '-0.00074', '-0.00028', '1.00000']
  '024.3333': ['0.656', '0.102', '0.080', '0.99613', '-0.08787', '0.00072', '0.08787',
    '0.99613', '0.00028', '-0.00074', '-0.00022', '1.00000']
  '024.4000': ['0.666', '0.104', '0.080', '0.99628', '-0.08621', '0.00067', '0.08621',
    '0.99628', '0.00021', '-0.00069', '-0.00016', '1.00000']
  '024.4666': ['0.674', '0.106', '0.080', '0.99600', '-0.08931', '0.00069', '0.08931',
    '0.99600', '0.00015', '-0.00070', '-0.00009', '1.00000']
  '024.5333': ['0.693', '0.110', '0.080', '0.99756', '-0.06976', '0.00047', '0.06976',
    '0.99756', '-0.00010', '-0.00046', '0.00013', '1.00000']
  '024.6000': ['0.705', '0.108', '0.080', '0.99755', '-0.07000', '0.00047', '0.07000',
    '0.99755', '-0.00011', '-0.00046', '0.00015', '1.00000']
  '024.6666': ['0.713', '0.110', '0.080', '0.99747', '-0.07109', '0.00047', '0.07109',
    '0.99747', '-0.00017', '-0.00046', '0.00021', '1.00000']
  '024.7333': ['0.722', '0.111', '0.080', '0.99707', '-0.07649', '0.00047', '0.07649',
    '0.99707', '-0.00018', '-0.00045', '0.00021', '1.00000']
  '024.8000': ['0.735', '0.111', '0.080', '0.99615', '-0.08764', '0.00047', '0.08764',
    '0.99615', '-0.00020', '-0.00045', '0.00024', '1.00000']
  '024.8666': ['0.744', '0.114', '0.080', '0.99527', '-0.09714', '0.00048', '0.09714',
    '0.99527', '-0.00024', '-0.00046', '0.00029', '1.00000']
  '024.9333': ['0.761', '0.113', '0.080', '0.99503', '-0.09960', '0.00045', '0.09960',
    '0.99503', '-0.00024', '-0.00042', '0.00029', '1.00000']
  '025.0000': ['0.773', '0.115', '0.080', '0.99379', '-0.11131', '0.00046', '0.11131',
    '0.99379', '-0.00027', '-0.00042', '0.00032', '1.00000']
