begin_time_stamp: 1588330390.8666618
data_header:
  time_stamp: [x, y, z, R11, R12, R13, R21, R22, R23, R31, R32, R33]
trajectory_data:
  '000.0000': ['0.853', '0.118', '0.080', '0.98645', '-0.16404', '0.00027', '0.16404',
    '0.98645', '-0.00023', '-0.00023', '0.00027', '1.00000']
  '000.0667': ['0.869', '0.114', '0.080', '0.98547', '-0.16986', '0.00026', '0.16986',
    '0.98547', '-0.00021', '-0.00022', '0.00025', '1.00000']
  '000.1333': ['0.876', '0.117', '0.080', '0.98536', '-0.17047', '0.00025', '0.17047',
    '0.98536', '-0.00021', '-0.00021', '0.00025', '1.00000']
  '001.9333': ['1.106', '0.160', '0.080', '0.98460', '-0.17482', '-0.00039', '0.17482',
    '0.98460', '-0.00006', '0.00039', '-0.00001', '1.00000']
  '002.0000': ['1.116', '0.161', '0.080', '0.98734', '-0.15861', '-0.00039', '0.15861',
    '0.98734', '-0.00007', '0.00039', '0.00000', '1.00000']
  '002.0667': ['1.129', '0.164', '0.080', '0.98985', '-0.14213', '-0.00039', '0.14213',
    '0.98985', '-0.00011', '0.00040', '0.00006', '1.00000']
  '002.1333': ['1.144', '0.169', '0.080', '0.99231', '-0.12382', '-0.00039', '0.12382',
    '0.99231', '-0.00017', '0.00041', '0.00012', '1.00000']
  '002.2000': ['1.148', '0.167', '0.080', '0.99617', '-0.08744', '-0.00022', '0.08744',
    '0.99617', '-0.00014', '0.00023', '0.00012', '1.00000']
  '002.2667': ['1.161', '0.169', '0.080', '0.99545', '-0.09524', '-0.00033', '0.09524',
    '0.99545', '-0.00014', '0.00034', '0.00011', '1.00000']
  '002.3333': ['1.168', '0.166', '0.080', '0.99633', '-0.08561', '-0.00030', '0.08561',
    '0.99633', '0.00001', '0.00030', '-0.00004', '1.00000']
  '002.4000': ['1.182', '0.168', '0.080', '0.99738', '-0.07237', '-0.00025', '0.07237',
    '0.99738', '-0.00007', '0.00025', '0.00005', '1.00000']
  '002.4667': ['1.195', '0.169', '0.080', '0.99755', '-0.06989', '-0.00017', '0.06989',
    '0.99755', '-0.00010', '0.00018', '0.00009', '1.00000']
  '002.5333': ['1.208', '0.170', '0.080', '0.99773', '-0.06741', '-0.00009', '0.06741',
    '0.99773', '-0.00013', '0.00010', '0.00012', '1.00000']
  '002.6000': ['1.223', '0.173', '0.080', '0.99686', '-0.07920', '-0.00012', '0.07920',
    '0.99686', '-0.00016', '0.00013', '0.00015', '1.00000']
  '002.6667': ['1.234', '0.173', '0.080', '0.99511', '-0.09876', '-0.00016', '0.09876',
    '0.99511', '-0.00014', '0.00018', '0.00013', '1.00000']
  '002.7333': ['1.244', '0.172', '0.080', '0.99515', '-0.09833', '-0.00013', '0.09833',
    '0.99515', '-0.00011', '0.00014', '0.00010', '1.00000']
  '002.8000': ['1.257', '0.176', '0.080', '0.99457', '-0.10407', '-0.00024', '0.10407',
    '0.99457', '-0.00017', '0.00026', '0.00014', '1.00000']
  '002.8667': ['1.268', '0.176', '0.080', '0.98721', '-0.15944', '-0.00032', '0.15944',
    '0.98721', '-0.00016', '0.00035', '0.00010', '1.00000']
  '002.9333': ['1.281', '0.181', '0.080', '0.98151', '-0.19142', '-0.00033', '0.19142',
    '0.98151', '-0.00020', '0.00036', '0.00013', '1.00000']
  '003.0000': ['1.291', '0.182', '0.080', '0.97685', '-0.21391', '-0.00037', '0.21391',
    '0.97685', '-0.00022', '0.00041', '0.00014', '1.00000']
  '003.0667': ['1.296', '0.181', '0.080', '0.97861', '-0.20570', '-0.00025', '0.20570',
    '0.97861', '-0.00017', '0.00028', '0.00012', '1.00000']
  '003.1333': ['1.307', '0.183', '0.080', '0.97356', '-0.22842', '-0.00024', '0.22842',
    '0.97356', '-0.00017', '0.00028', '0.00011', '1.00000']
  '003.2000': ['1.319', '0.186', '0.080', '0.96565', '-0.25984', '-0.00033', '0.25984',
    '0.96565', '-0.00017', '0.00036', '0.00008', '1.00000']
  '003.2667': ['1.328', '0.187', '0.080', '0.96178', '-0.27381', '-0.00032', '0.27381',
    '0.96178', '-0.00015', '0.00035', '0.00006', '1.00000']
  '003.3333': ['1.344', '0.195', '0.080', '0.95596', '-0.29348', '-0.00032', '0.29348',
    '0.95596', '-0.00024', '0.00038', '0.00014', '1.00000']
  '003.4000': ['1.350', '0.196', '0.080', '0.95424', '-0.29905', '-0.00021', '0.29905',
    '0.95424', '-0.00020', '0.00026', '0.00013', '1.00000']
  '003.4667': ['1.362', '0.201', '0.080', '0.94743', '-0.31997', '-0.00021', '0.31997',
    '0.94743', '-0.00024', '0.00028', '0.00016', '1.00000']
  '003.5333': ['1.371', '0.203', '0.080', '0.93880', '-0.34447', '-0.00021', '0.34447',
    '0.93880', '-0.00022', '0.00027', '0.00013', '1.00000']
  '003.6000': ['1.382', '0.207', '0.080', '0.92743', '-0.37399', '-0.00018', '0.37399',
    '0.92743', '-0.00021', '0.00025', '0.00013', '1.00000']
  '003.6667': ['1.394', '0.213', '0.080', '0.91863', '-0.39513', '-0.00018', '0.39513',
    '0.91863', '-0.00024', '0.00026', '0.00014', '1.00000']
  '003.7333': ['1.404', '0.217', '0.080', '0.91074', '-0.41298', '-0.00019', '0.41298',
    '0.91074', '-0.00020', '0.00026', '0.00011', '1.00000']
  '003.8000': ['1.414', '0.222', '0.080', '0.90119', '-0.43342', '-0.00019', '0.43342',
    '0.90119', '-0.00021', '0.00026', '0.00011', '1.00000']
  '003.8667': ['1.424', '0.228', '0.080', '0.89497', '-0.44612', '-0.00018', '0.44612',
    '0.89497', '-0.00023', '0.00026', '0.00013', '1.00000']
  '003.9333': ['1.433', '0.233', '0.080', '0.88572', '-0.46423', '-0.00018', '0.46423',
    '0.88572', '-0.00023', '0.00027', '0.00012', '1.00000']
  '004.0000': ['1.443', '0.238', '0.080', '0.87716', '-0.48020', '-0.00019', '0.48020',
    '0.87716', '-0.00025', '0.00028', '0.00013', '1.00000']
  '004.0667': ['1.452', '0.243', '0.080', '0.87046', '-0.49225', '-0.00018', '0.49225',
    '0.87046', '-0.00023', '0.00027', '0.00012', '1.00000']
  '004.1333': ['1.462', '0.249', '0.080', '0.86123', '-0.50821', '-0.00016', '0.50821',
    '0.86123', '-0.00026', '0.00027', '0.00014', '1.00000']
  '004.2000': ['1.471', '0.255', '0.080', '0.84592', '-0.53331', '-0.00015', '0.53331',
    '0.84592', '-0.00028', '0.00028', '0.00016', '1.00000']
  '004.2667': ['1.479', '0.260', '0.080', '0.83425', '-0.55138', '-0.00013', '0.55138',
    '0.83425', '-0.00027', '0.00026', '0.00015', '1.00000']
  '004.3333': ['1.488', '0.267', '0.080', '0.83123', '-0.55592', '-0.00010', '0.55592',
    '0.83123', '-0.00030', '0.00025', '0.00019', '1.00000']
  '004.4000': ['1.497', '0.272', '0.080', '0.81779', '-0.57552', '-0.00013', '0.57552',
    '0.81779', '-0.00029', '0.00027', '0.00017', '1.00000']
  '004.4667': ['1.505', '0.279', '0.080', '0.81101', '-0.58503', '-0.00009', '0.58503',
    '0.81101', '-0.00032', '0.00026', '0.00021', '1.00000']
  '004.5333': ['1.514', '0.285', '0.080', '0.80119', '-0.59840', '-0.00010', '0.59840',
    '0.80119', '-0.00030', '0.00025', '0.00018', '1.00000']
  '004.6000': ['1.523', '0.292', '0.080', '0.79046', '-0.61252', '-0.00010', '0.61252',
    '0.79046', '-0.00029', '0.00026', '0.00017', '1.00000']
  '004.6667': ['1.532', '0.299', '0.080', '0.78041', '-0.62527', '-0.00009', '0.62527',
    '0.78041', '-0.00031', '0.00027', '0.00019', '1.00000']
  '004.7333': ['1.542', '0.308', '0.080', '0.76697', '-0.64168', '-0.00008', '0.64168',
    '0.76697', '-0.00032', '0.00027', '0.00020', '1.00000']
  '004.8000': ['1.550', '0.315', '0.080', '0.75250', '-0.65859', '-0.00005', '0.65859',
    '0.75250', '-0.00032', '0.00025', '0.00021', '1.00000']
  '004.8667': ['1.559', '0.323', '0.080', '0.73804', '-0.67475', '-0.00007', '0.67475',
    '0.73804', '-0.00029', '0.00025', '0.00017', '1.00000']
  '004.9333': ['1.567', '0.331', '0.080', '0.72577', '-0.68794', '-0.00004', '0.68794',
    '0.72577', '-0.00032', '0.00025', '0.00020', '1.00000']
  '005.0000': ['1.575', '0.339', '0.080', '0.70925', '-0.70496', '-0.00004', '0.70496',
    '0.70925', '-0.00030', '0.00024', '0.00018', '1.00000']
  '005.0667': ['1.583', '0.347', '0.080', '0.68469', '-0.72884', '-0.00003', '0.72884',
    '0.68469', '-0.00029', '0.00023', '0.00017', '1.00000']
  '005.1333': ['1.590', '0.355', '0.080', '0.65310', '-0.75727', '-0.00001', '0.75727',
    '0.65310', '-0.00029', '0.00023', '0.00018', '1.00000']
  '005.2000': ['1.598', '0.366', '0.080', '0.61555', '-0.78810', '-0.00002', '0.78810',
    '0.61555', '-0.00027', '0.00023', '0.00015', '1.00000']
  '005.2667': ['1.605', '0.376', '0.080', '0.58667', '-0.80982', '0.00002', '0.80982',
    '0.58667', '-0.00028', '0.00021', '0.00018', '1.00000']
  '005.3333': ['1.620', '0.397', '0.080', '0.53919', '-0.84218', '0.00020', '0.84218',
    '0.53919', '-0.00030', '0.00014', '0.00033', '1.00000']
  '005.4000': ['1.641', '0.412', '0.080', '0.53750', '-0.84326', '-0.00047', '0.84326',
    '0.53750', '-0.00055', '0.00072', '-0.00010', '1.00000']
  '005.4667': ['1.636', '0.420', '0.080', '0.48272', '-0.87577', '0.00006', '0.87577',
    '0.48272', '-0.00034', '0.00027', '0.00022', '1.00000']
  '005.5333': ['1.629', '0.417', '0.080', '0.45576', '-0.89010', '0.00011', '0.89010',
    '0.45576', '-0.00029', '0.00021', '0.00023', '1.00000']
  '005.6000': ['1.634', '0.427', '0.080', '0.42187', '-0.90665', '0.00013', '0.90665',
    '0.42187', '-0.00027', '0.00019', '0.00023', '1.00000']
  '005.6667': ['1.639', '0.438', '0.080', '0.38909', '-0.92120', '0.00013', '0.92120',
    '0.38909', '-0.00026', '0.00018', '0.00022', '1.00000']
  '005.7333': ['1.643', '0.450', '0.080', '0.35710', '-0.93407', '0.00015', '0.93407',
    '0.35710', '-0.00027', '0.00019', '0.00024', '1.00000']
  '005.8000': ['1.647', '0.460', '0.080', '0.32691', '-0.94506', '0.00018', '0.94506',
    '0.32691', '-0.00021', '0.00014', '0.00024', '1.00000']
  '005.8667': ['1.651', '0.473', '0.080', '0.29847', '-0.95442', '0.00017', '0.95442',
    '0.29847', '-0.00023', '0.00017', '0.00023', '1.00000']
  '005.9333': ['1.653', '0.484', '0.080', '0.27184', '-0.96234', '0.00021', '0.96234',
    '0.27184', '-0.00016', '0.00010', '0.00024', '1.00000']
  '006.0000': ['1.656', '0.497', '0.080', '0.23625', '-0.97169', '0.00019', '0.97169',
    '0.23625', '-0.00014', '0.00010', '0.00021', '1.00000']
  '006.0667': ['1.659', '0.509', '0.080', '0.20280', '-0.97922', '0.00019', '0.97922',
    '0.20280', '-0.00009', '0.00005', '0.00021', '1.00000']
  '006.1333': ['1.658', '0.520', '0.080', '0.16939', '-0.98555', '0.00036', '0.98555',
    '0.16939', '-0.00005', '-0.00001', '0.00037', '1.00000']
  '006.2000': ['1.660', '0.533', '0.080', '0.12508', '-0.99215', '0.00033', '0.99215',
    '0.12508', '-0.00003', '-0.00001', '0.00033', '1.00000']
  '006.2667': ['1.661', '0.545', '0.080', '0.08322', '-0.99653', '0.00041', '0.99653',
    '0.08322', '0.00002', '-0.00006', '0.00041', '1.00000']
  '006.3333': ['1.664', '0.559', '0.080', '0.04595', '-0.99894', '0.00028', '0.99894',
    '0.04595', '0.00004', '-0.00005', '0.00028', '1.00000']
  '006.4000': ['1.664', '0.572', '0.080', '0.01889', '-0.99982', '0.00031', '0.99982',
    '0.01889', '0.00004', '-0.00005', '0.00031', '1.00000']
  '006.4667': ['1.667', '0.583', '0.080', '-0.00862', '-0.99996', '0.00011', '0.99996',
    '-0.00862', '0.00017', '-0.00017', '0.00011', '1.00000']
  '006.5333': ['1.665', '0.594', '0.080', '-0.01788', '-0.99984', '0.00019', '0.99984',
    '-0.01788', '0.00018', '-0.00018', '0.00019', '1.00000']
  '006.6000': ['1.665', '0.607', '0.080', '-0.02890', '-0.99958', '0.00029', '0.99958',
    '-0.02890', '0.00013', '-0.00012', '0.00030', '1.00000']
  '006.6667': ['1.662', '0.623', '0.080', '-0.03618', '-0.99935', '0.00048', '0.99935',
    '-0.03618', '-0.00010', '0.00011', '0.00048', '1.00000']
  '006.7333': ['1.666', '0.630', '0.080', '-0.06026', '-0.99818', '0.00019', '0.99818',
    '-0.06026', '0.00036', '-0.00035', '0.00021', '1.00000']
  '006.8000': ['1.666', '0.644', '0.080', '-0.07113', '-0.99747', '0.00019', '0.99747',
    '-0.07113', '0.00019', '-0.00017', '0.00020', '1.00000']
  '006.8667': ['1.666', '0.657', '0.080', '-0.08753', '-0.99616', '0.00013', '0.99616',
    '-0.08753', '0.00023', '-0.00022', '0.00015', '1.00000']
  '006.9333': ['1.665', '0.670', '0.080', '-0.10391', '-0.99459', '0.00006', '0.99459',
    '-0.10391', '0.00028', '-0.00027', '0.00009', '1.00000']
  '007.0000': ['1.664', '0.682', '0.080', '-0.11330', '-0.99356', '0.00007', '0.99356',
    '-0.11330', '0.00031', '-0.00030', '0.00011', '1.00000']
  '007.0667': ['1.662', '0.696', '0.080', '-0.12356', '-0.99234', '0.00010', '0.99234',
    '-0.12356', '0.00031', '-0.00030', '0.00014', '1.00000']
  '007.1333': ['1.661', '0.708', '0.080', '-0.13506', '-0.99084', '0.00000', '0.99084',
    '-0.13506', '0.00039', '-0.00038', '0.00006', '1.00000']
  '007.2000': ['1.659', '0.722', '0.080', '-0.15200', '-0.98838', '-0.00001', '0.98838',
    '-0.15200', '0.00040', '-0.00039', '0.00005', '1.00000']
  '007.2667': ['1.657', '0.736', '0.080', '-0.16950', '-0.98553', '-0.00002', '0.98553',
    '-0.16950', '0.00038', '-0.00038', '0.00005', '1.00000']
  '007.3333': ['1.654', '0.749', '0.080', '-0.18899', '-0.98198', '0.00004', '0.98198',
    '-0.18899', '0.00038', '-0.00037', '0.00011', '1.00000']
  '007.4000': ['1.652', '0.763', '0.080', '-0.20946', '-0.97782', '0.00002', '0.97782',
    '-0.20946', '0.00039', '-0.00037', '0.00010', '1.00000']
  '007.4667': ['1.650', '0.775', '0.080', '-0.22669', '-0.97397', '-0.00004', '0.97397',
    '-0.22669', '0.00040', '-0.00040', '0.00005', '1.00000']
  '007.5333': ['1.647', '0.788', '0.080', '-0.23994', '-0.97079', '-0.00003', '0.97079',
    '-0.23994', '0.00037', '-0.00037', '0.00006', '1.00000']
  '007.6000': ['1.644', '0.801', '0.080', '-0.25208', '-0.96771', '-0.00005', '0.96771',
    '-0.25208', '0.00040', '-0.00040', '0.00005', '1.00000']
  '007.6667': ['1.641', '0.812', '0.080', '-0.26566', '-0.96407', '-0.00002', '0.96407',
    '-0.26566', '0.00044', '-0.00043', '0.00010', '1.00000']
  '007.8000': ['1.634', '0.838', '0.080', '-0.27732', '-0.96078', '-0.00004', '0.96078',
    '-0.27732', '0.00045', '-0.00044', '0.00008', '1.00000']
  '007.8667': ['1.630', '0.850', '0.080', '-0.28418', '-0.95877', '-0.00002', '0.95877',
    '-0.28418', '0.00045', '-0.00043', '0.00011', '1.00000']
  '008.0000': ['1.622', '0.874', '0.080', '-0.29421', '-0.95574', '-0.00003', '0.95574',
    '-0.29421', '0.00045', '-0.00044', '0.00010', '1.00000']
  '008.1333': ['1.616', '0.897', '0.080', '-0.33982', '-0.94049', '-0.00010', '0.94049',
    '-0.33982', '0.00042', '-0.00043', '0.00005', '1.00000']
  '008.2000': ['1.611', '0.909', '0.080', '-0.37981', '-0.92507', '-0.00011', '0.92507',
    '-0.37981', '0.00042', '-0.00043', '0.00006', '1.00000']
  '008.3333': ['1.601', '0.932', '0.080', '-0.44596', '-0.89505', '-0.00020', '0.89505',
    '-0.44596', '0.00038', '-0.00043', '-0.00001', '1.00000']
  '008.4667': ['1.589', '0.954', '0.080', '-0.52233', '-0.85275', '-0.00020', '0.85275',
    '-0.52233', '0.00036', '-0.00042', '0.00002', '1.00000']
  '008.6000': ['1.575', '0.973', '0.080', '-0.59354', '-0.80480', '-0.00018', '0.80480',
    '-0.59354', '0.00038', '-0.00042', '0.00008', '1.00000']
  '008.6667': ['1.567', '0.982', '0.080', '-0.62604', '-0.77979', '-0.00012', '0.77979',
    '-0.62604', '0.00040', '-0.00039', '0.00016', '1.00000']
  '008.8000': ['1.553', '0.997', '0.080', '-0.68671', '-0.72693', '-0.00014', '0.72693',
    '-0.68671', '0.00047', '-0.00044', '0.00023', '1.00000']
  '008.9333': ['1.536', '1.012', '0.080', '-0.74627', '-0.66565', '-0.00015', '0.66565',
    '-0.74627', '0.00050', '-0.00045', '0.00027', '1.00000']
  '009.0000': ['1.527', '1.020', '0.080', '-0.77015', '-0.63786', '-0.00018', '0.63786',
    '-0.77015', '0.00046', '-0.00043', '0.00024', '1.00000']
  '009.0667': ['1.517', '1.027', '0.080', '-0.79079', '-0.61209', '-0.00020', '0.61209',
    '-0.79079', '0.00045', '-0.00044', '0.00023', '1.00000']
  '009.1333': ['1.508', '1.035', '0.080', '-0.81072', '-0.58544', '-0.00024', '0.58544',
    '-0.81072', '0.00044', '-0.00045', '0.00022', '1.00000']
  '009.2000': ['1.498', '1.042', '0.080', '-0.82779', '-0.56104', '-0.00024', '0.56104',
    '-0.82779', '0.00042', '-0.00044', '0.00021', '1.00000']
  '009.2667': ['1.486', '1.051', '0.080', '-0.84592', '-0.53331', '-0.00027', '0.53331',
    '-0.84592', '0.00040', '-0.00044', '0.00019', '1.00000']
  '009.3333': ['1.473', '1.062', '0.080', '-0.85692', '-0.51545', '-0.00030', '0.51545',
    '-0.85692', '0.00035', '-0.00043', '0.00014', '1.00000']
  '009.4000': ['1.464', '1.066', '0.080', '-0.87069', '-0.49184', '-0.00029', '0.49184',
    '-0.87069', '0.00039', '-0.00044', '0.00019', '1.00000']
  '009.4667': ['1.453', '1.072', '0.080', '-0.87860', '-0.47756', '-0.00029', '0.47756',
    '-0.87860', '0.00039', '-0.00044', '0.00020', '1.00000']
  '009.5333': ['1.442', '1.079', '0.080', '-0.89328', '-0.44950', '-0.00029', '0.44950',
    '-0.89328', '0.00039', '-0.00044', '0.00022', '1.00000']
  '009.6000': ['1.431', '1.084', '0.080', '-0.90374', '-0.42808', '-0.00030', '0.42808',
    '-0.90374', '0.00038', '-0.00043', '0.00022', '1.00000']
  '009.6667': ['1.420', '1.089', '0.080', '-0.91733', '-0.39812', '-0.00031', '0.39812',
    '-0.91733', '0.00037', '-0.00043', '0.00022', '1.00000']
  '009.7333': ['1.409', '1.092', '0.080', '-0.93288', '-0.36018', '-0.00031', '0.36018',
    '-0.93288', '0.00039', '-0.00043', '0.00025', '1.00000']
  '009.8000': ['1.396', '1.098', '0.080', '-0.94562', '-0.32527', '-0.00031', '0.32527',
    '-0.94562', '0.00037', '-0.00042', '0.00025', '1.00000']
  '009.8667': ['1.385', '1.100', '0.080', '-0.95818', '-0.28617', '-0.00032', '0.28617',
    '-0.95818', '0.00039', '-0.00042', '0.00028', '1.00000']
  '009.9333': ['1.375', '1.101', '0.080', '-0.96818', '-0.25026', '-0.00036', '0.25026',
    '-0.96818', '0.00038', '-0.00044', '0.00028', '1.00000']
  '010.0000': ['1.378', '1.082', '0.080', '-0.97335', '-0.22934', '0.00021', '0.22934',
    '-0.97335', '0.00016', '0.00017', '0.00021', '1.00000']
  '010.0667': ['1.366', '1.083', '0.080', '-0.97951', '-0.20138', '0.00012', '0.20138',
    '-0.97951', '0.00019', '0.00008', '0.00021', '1.00000']
  '010.1333': ['1.349', '1.089', '0.080', '-0.98827', '-0.15269', '0.00010', '0.15269',
    '-0.98827', '0.00014', '0.00008', '0.00016', '1.00000']
  '010.2000': ['1.336', '1.089', '0.080', '-0.99578', '-0.09177', '0.00017', '0.09177',
    '-0.99578', '0.00016', '0.00015', '0.00017', '1.00000']
  '010.2667': ['1.320', '1.090', '0.080', '-0.99890', '-0.04679', '0.00016', '0.04679',
    '-0.99890', '0.00015', '0.00015', '0.00015', '1.00000']
  '010.3333': ['1.308', '1.088', '0.080', '-0.99999', '-0.00343', '0.00013', '0.00343',
    '-0.99999', '0.00019', '0.00013', '0.00019', '1.00000']
  '010.4000': ['1.291', '1.089', '0.080', '-0.99943', '0.03363', '0.00012', '-0.03363',
    '-0.99943', '0.00018', '0.00013', '0.00017', '1.00000']
  '010.4667': ['1.276', '1.090', '0.080', '-0.99828', '0.05863', '0.00011', '-0.05863',
    '-0.99828', '0.00020', '0.00013', '0.00019', '1.00000']
  '010.5333': ['1.261', '1.089', '0.080', '-0.99637', '0.08509', '0.00011', '-0.08509',
    '-0.99637', '0.00020', '0.00012', '0.00019', '1.00000']
  '010.6000': ['1.247', '1.087', '0.080', '-0.99470', '0.10280', '0.00009', '-0.10280',
    '-0.99470', '0.00022', '0.00011', '0.00021', '1.00000']
  '010.6667': ['1.235', '1.083', '0.080', '-0.99300', '0.11812', '0.00007', '-0.11812',
    '-0.99300', '0.00026', '0.00010', '0.00025', '1.00000']
  '010.7333': ['1.219', '1.082', '0.080', '-0.99258', '0.12156', '0.00007', '-0.12156',
    '-0.99258', '0.00025', '0.00010', '0.00024', '1.00000']
  '010.8000': ['1.201', '1.083', '0.080', '-0.99355', '0.11341', '0.00009', '-0.11341',
    '-0.99355', '0.00021', '0.00011', '0.00020', '1.00000']
  '010.8667': ['1.188', '1.079', '0.080', '-0.99068', '0.13624', '0.00014', '-0.13624',
    '-0.99068', '0.00019', '0.00016', '0.00017', '1.00000']
  '010.9333': ['1.160', '1.087', '0.080', '-0.99086', '0.13485', '0.00135', '-0.13486',
    '-0.99087', '-0.00077', '0.00124', '-0.00094', '1.00000']
  '011.0000': ['1.148', '1.082', '0.080', '-0.99363', '0.11269', '0.00129', '-0.11269',
    '-0.99363', '-0.00074', '0.00120', '-0.00088', '1.00000']
  '011.0667': ['1.167', '1.053', '0.080', '-0.99566', '0.09310', '0.00056', '-0.09310',
    '-0.99566', '0.00009', '0.00057', '0.00004', '1.00000']
  '011.1333': ['1.153', '1.052', '0.080', '-0.99502', '0.09970', '0.00056', '-0.09970',
    '-0.99502', '0.00009', '0.00056', '0.00003', '1.00000']
  '011.2000': ['1.141', '1.050', '0.080', '-0.99480', '0.10187', '0.00053', '-0.10187',
    '-0.99480', '0.00013', '0.00054', '0.00008', '1.00000']
  '011.2667': ['1.128', '1.048', '0.080', '-0.99494', '0.10047', '0.00051', '-0.10047',
    '-0.99494', '0.00016', '0.00052', '0.00011', '1.00000']
  '011.3333': ['1.116', '1.047', '0.080', '-0.99506', '0.09931', '0.00043', '-0.09931',
    '-0.99506', '0.00017', '0.00045', '0.00012', '1.00000']
  '011.4000': ['1.080', '1.066', '0.080', '-0.99246', '0.12258', '0.00002', '-0.12258',
    '-0.99246', '0.00022', '0.00005', '0.00022', '1.00000']
  '011.4667': ['1.068', '1.065', '0.080', '-0.99325', '0.11601', '0.00001', '-0.11601',
    '-0.99325', '0.00023', '0.00004', '0.00023', '1.00000']
  '011.5333': ['1.056', '1.063', '0.080', '-0.99409', '0.10858', '0.00003', '-0.10858',
    '-0.99409', '0.00024', '0.00005', '0.00023', '1.00000']
  '011.6000': ['1.067', '1.044', '0.080', '-0.99637', '0.08516', '0.00038', '-0.08516',
    '-0.99637', '0.00020', '0.00039', '0.00016', '1.00000']
  '011.6667': ['1.054', '1.042', '0.080', '-0.99684', '0.07938', '0.00037', '-0.07938',
    '-0.99684', '0.00022', '0.00039', '0.00019', '1.00000']
  '011.7333': ['1.041', '1.042', '0.080', '-0.99760', '0.06925', '0.00034', '-0.06925',
    '-0.99760', '0.00025', '0.00036', '0.00022', '1.00000']
  '011.8000': ['1.028', '1.040', '0.080', '-0.99788', '0.06511', '0.00032', '-0.06511',
    '-0.99788', '0.00028', '0.00034', '0.00026', '1.00000']
  '011.8667': ['1.015', '1.039', '0.080', '-0.99789', '0.06499', '0.00026', '-0.06499',
    '-0.99789', '0.00022', '0.00027', '0.00021', '1.00000']
  '011.9333': ['1.000', '1.038', '0.080', '-0.99852', '0.05433', '0.00030', '-0.05433',
    '-0.99852', '0.00026', '0.00031', '0.00024', '1.00000']
  '012.0000': ['0.986', '1.038', '0.080', '-0.99865', '0.05197', '0.00024', '-0.05197',
    '-0.99865', '0.00019', '0.00025', '0.00018', '1.00000']
  '012.0667': ['0.972', '1.038', '0.080', '-0.99837', '0.05699', '0.00024', '-0.05699',
    '-0.99837', '0.00020', '0.00025', '0.00018', '1.00000']
  '012.1333': ['0.958', '1.037', '0.080', '-0.99784', '0.06575', '0.00022', '-0.06575',
    '-0.99784', '0.00018', '0.00023', '0.00016', '1.00000']
  '012.2000': ['0.945', '1.037', '0.080', '-0.99715', '0.07550', '0.00013', '-0.07550',
    '-0.99715', '0.00010', '0.00014', '0.00009', '1.00000']
  '012.2667': ['0.932', '1.036', '0.080', '-0.99698', '0.07764', '0.00011', '-0.07764',
    '-0.99698', '0.00014', '0.00012', '0.00013', '1.00000']
  '012.3333': ['0.918', '1.035', '0.080', '-0.99721', '0.07466', '0.00012', '-0.07466',
    '-0.99721', '0.00018', '0.00014', '0.00017', '1.00000']
  '012.4000': ['0.905', '1.036', '0.080', '-0.99710', '0.07610', '0.00006', '-0.07610',
    '-0.99710', '0.00012', '0.00007', '0.00012', '1.00000']
  '012.4667': ['0.891', '1.036', '0.080', '-0.99766', '0.06844', '0.00010', '-0.06844',
    '-0.99766', '0.00007', '0.00011', '0.00006', '1.00000']
  '012.5333': ['0.879', '1.036', '0.080', '-0.99753', '0.07028', '0.00001', '-0.07028',
    '-0.99753', '0.00005', '0.00001', '0.00005', '1.00000']
  '012.6000': ['0.873', '1.048', '0.080', '-0.99458', '0.10396', '0.00017', '-0.10396',
    '-0.99458', '0.00030', '0.00020', '0.00028', '1.00000']
  '012.6667': ['0.859', '1.045', '0.080', '-0.99476', '0.10225', '0.00012', '-0.10225',
    '-0.99476', '0.00039', '0.00016', '0.00037', '1.00000']
  '012.7333': ['0.846', '1.044', '0.080', '-0.99395', '0.10986', '0.00013', '-0.10986',
    '-0.99395', '0.00036', '0.00017', '0.00034', '1.00000']
  '012.8000': ['0.832', '1.042', '0.080', '-0.99358', '0.11311', '0.00017', '-0.11311',
    '-0.99358', '0.00044', '0.00022', '0.00042', '1.00000']
  '012.8667': ['0.819', '1.041', '0.080', '-0.99276', '0.12009', '0.00013', '-0.12009',
    '-0.99276', '0.00042', '0.00018', '0.00040', '1.00000']
  '012.9333': ['0.806', '1.040', '0.080', '-0.99201', '0.12615', '0.00010', '-0.12615',
    '-0.99201', '0.00037', '0.00015', '0.00036', '1.00000']
  '013.0000': ['0.793', '1.038', '0.080', '-0.99093', '0.13438', '0.00008', '-0.13438',
    '-0.99093', '0.00036', '0.00013', '0.00034', '1.00000']
  '013.0667': ['0.781', '1.036', '0.080', '-0.98931', '0.14583', '0.00005', '-0.14583',
    '-0.98931', '0.00032', '0.00010', '0.00031', '1.00000']
  '013.1333': ['0.767', '1.035', '0.080', '-0.98673', '0.16234', '0.00003', '-0.16234',
    '-0.98673', '0.00030', '0.00008', '0.00029', '1.00000']
  '013.2000': ['0.750', '1.032', '0.080', '-0.98418', '0.17715', '0.00002', '-0.17715',
    '-0.98418', '0.00030', '0.00008', '0.00029', '1.00000']
  '013.2667': ['0.738', '1.030', '0.080', '-0.98168', '0.19053', '-0.00000', '-0.19053',
    '-0.98168', '0.00027', '0.00005', '0.00027', '1.00000']
  '013.3333': ['0.725', '1.028', '0.080', '-0.98053', '0.19636', '-0.00001', '-0.19636',
    '-0.98053', '0.00028', '0.00004', '0.00027', '1.00000']
  '013.4000': ['0.712', '1.025', '0.080', '-0.97993', '0.19932', '-0.00001', '-0.19932',
    '-0.97993', '0.00029', '0.00005', '0.00029', '1.00000']
  '013.4667': ['0.698', '1.022', '0.080', '-0.98093', '0.19435', '-0.00004', '-0.19435',
    '-0.98093', '0.00030', '0.00002', '0.00030', '1.00000']
  '013.5333': ['0.685', '1.020', '0.080', '-0.98258', '0.18581', '-0.00003', '-0.18581',
    '-0.98258', '0.00030', '0.00003', '0.00030', '1.00000']
  '013.6000': ['0.671', '1.017', '0.080', '-0.98603', '0.16655', '-0.00005', '-0.16655',
    '-0.98603', '0.00030', '0.00001', '0.00031', '1.00000']
  '013.6667': ['0.659', '1.016', '0.080', '-0.98830', '0.15255', '-0.00006', '-0.15255',
    '-0.98830', '0.00033', '-0.00001', '0.00033', '1.00000']
  '013.7333': ['0.646', '1.014', '0.080', '-0.99024', '0.13935', '-0.00008', '-0.13935',
    '-0.99024', '0.00035', '-0.00003', '0.00035', '1.00000']
  '013.8000': ['0.634', '1.013', '0.080', '-0.99183', '0.12756', '-0.00011', '-0.12756',
    '-0.99183', '0.00036', '-0.00006', '0.00037', '1.00000']
  '013.8667': ['0.618', '1.010', '0.080', '-0.99347', '0.11412', '-0.00013', '-0.11412',
    '-0.99347', '0.00036', '-0.00008', '0.00037', '1.00000']
  '013.9333': ['0.605', '1.009', '0.080', '-0.99342', '0.11453', '-0.00014', '-0.11453',
    '-0.99342', '0.00036', '-0.00010', '0.00037', '1.00000']
  '014.0000': ['0.589', '1.007', '0.080', '-0.99380', '0.11116', '-0.00016', '-0.11116',
    '-0.99380', '0.00037', '-0.00012', '0.00039', '1.00000']
  '014.0667': ['0.577', '1.005', '0.080', '-0.99422', '0.10735', '-0.00019', '-0.10735',
    '-0.99422', '0.00033', '-0.00015', '0.00035', '1.00000']
  '014.1333': ['0.564', '1.005', '0.080', '-0.99458', '0.10399', '-0.00020', '-0.10399',
    '-0.99458', '0.00032', '-0.00017', '0.00034', '1.00000']
  '014.2000': ['0.546', '1.002', '0.080', '-0.99442', '0.10547', '-0.00020', '-0.10547',
    '-0.99442', '0.00035', '-0.00017', '0.00037', '1.00000']
  '014.2667': ['0.533', '1.000', '0.080', '-0.99385', '0.11070', '-0.00021', '-0.11070',
    '-0.99385', '0.00035', '-0.00017', '0.00037', '1.00000']
  '014.3333': ['0.521', '0.999', '0.080', '-0.99348', '0.11403', '-0.00021', '-0.11403',
    '-0.99348', '0.00034', '-0.00017', '0.00036', '1.00000']
  '014.4000': ['0.507', '0.998', '0.080', '-0.99267', '0.12088', '-0.00022', '-0.12088',
    '-0.99267', '0.00033', '-0.00018', '0.00036', '1.00000']
  '014.4667': ['0.492', '0.996', '0.080', '-0.99149', '0.13016', '-0.00024', '-0.13016',
    '-0.99149', '0.00034', '-0.00019', '0.00037', '1.00000']
  '014.5333': ['0.476', '0.994', '0.080', '-0.99059', '0.13689', '-0.00023', '-0.13689',
    '-0.99059', '0.00036', '-0.00018', '0.00039', '1.00000']
  '014.6000': ['0.463', '0.992', '0.080', '-0.99045', '0.13785', '-0.00024', '-0.13785',
    '-0.99045', '0.00035', '-0.00019', '0.00038', '1.00000']
  '014.6667': ['0.452', '0.991', '0.080', '-0.98999', '0.14116', '-0.00026', '-0.14116',
    '-0.98999', '0.00036', '-0.00020', '0.00039', '1.00000']
  '014.7333': ['0.438', '0.989', '0.080', '-0.98932', '0.14576', '-0.00027', '-0.14576',
    '-0.98932', '0.00035', '-0.00022', '0.00039', '1.00000']
  '014.8000': ['0.424', '0.987', '0.080', '-0.98905', '0.14758', '-0.00028', '-0.14758',
    '-0.98905', '0.00036', '-0.00022', '0.00040', '1.00000']
  '014.8667': ['0.414', '0.986', '0.080', '-0.98823', '0.15298', '-0.00030', '-0.15298',
    '-0.98823', '0.00036', '-0.00024', '0.00040', '1.00000']
  '014.9333': ['0.403', '0.984', '0.080', '-0.98761', '0.15690', '-0.00030', '-0.15690',
    '-0.98761', '0.00035', '-0.00025', '0.00039', '1.00000']
  '015.0000': ['0.392', '0.982', '0.080', '-0.98523', '0.17126', '-0.00031', '-0.17126',
    '-0.98523', '0.00031', '-0.00025', '0.00036', '1.00000']
  '015.0667': ['0.380', '0.980', '0.080', '-0.98185', '0.18966', '-0.00030', '-0.18966',
    '-0.98185', '0.00029', '-0.00024', '0.00034', '1.00000']
  '015.1333': ['0.365', '0.977', '0.080', '-0.97525', '0.22112', '-0.00031', '-0.22112',
    '-0.97525', '0.00025', '-0.00025', '0.00031', '1.00000']
  '015.2000': ['0.351', '0.973', '0.080', '-0.96474', '0.26319', '-0.00031', '-0.26319',
    '-0.96474', '0.00023', '-0.00024', '0.00031', '1.00000']
  '015.2667': ['0.340', '0.970', '0.080', '-0.95287', '0.30336', '-0.00031', '-0.30336',
    '-0.95287', '0.00025', '-0.00022', '0.00033', '1.00000']
  '015.3333': ['0.331', '0.966', '0.080', '-0.94119', '0.33787', '-0.00031', '-0.33787',
    '-0.94119', '0.00025', '-0.00021', '0.00034', '1.00000']
  '015.4000': ['0.318', '0.960', '0.080', '-0.92035', '0.39110', '-0.00033', '-0.39110',
    '-0.92035', '0.00028', '-0.00019', '0.00039', '1.00000']
  '015.4667': ['0.304', '0.953', '0.080', '-0.89346', '0.44914', '-0.00040', '-0.44914',
    '-0.89346', '0.00029', '-0.00023', '0.00044', '1.00000']
  '015.5333': ['0.292', '0.946', '0.080', '-0.86945', '0.49402', '-0.00041', '-0.49402',
    '-0.86945', '0.00030', '-0.00020', '0.00046', '1.00000']
  '015.6000': ['0.281', '0.940', '0.080', '-0.84761', '0.53061', '-0.00044', '-0.53061',
    '-0.84761', '0.00028', '-0.00022', '0.00047', '1.00000']
  '015.6667': ['0.271', '0.933', '0.080', '-0.82903', '0.55920', '-0.00045', '-0.55920',
    '-0.82903', '0.00026', '-0.00023', '0.00047', '1.00000']
  '015.7333': ['0.260', '0.926', '0.080', '-0.80841', '0.58862', '-0.00046', '-0.58862',
    '-0.80841', '0.00023', '-0.00024', '0.00046', '1.00000']
  '015.8000': ['0.251', '0.919', '0.080', '-0.79169', '0.61092', '-0.00047', '-0.61092',
    '-0.79169', '0.00022', '-0.00024', '0.00046', '1.00000']
  '015.8667': ['0.240', '0.910', '0.080', '-0.77216', '0.63542', '-0.00047', '-0.63542',
    '-0.77216', '0.00017', '-0.00026', '0.00043', '1.00000']
  '015.9333': ['0.229', '0.902', '0.080', '-0.74915', '0.66240', '-0.00047', '-0.66240',
    '-0.74915', '0.00016', '-0.00025', '0.00043', '1.00000']
  '016.0000': ['0.219', '0.893', '0.080', '-0.72405', '0.68975', '-0.00047', '-0.68975',
    '-0.72405', '0.00014', '-0.00025', '0.00042', '1.00000']
  '016.0667': ['0.208', '0.883', '0.080', '-0.69369', '0.72028', '-0.00045', '-0.72028',
    '-0.69369', '0.00011', '-0.00024', '0.00040', '1.00000']
  '016.1333': ['0.209', '0.882', '0.080', '-0.67511', '0.73771', '-0.00028', '-0.73771',
    '-0.67511', '0.00052', '0.00019', '0.00056', '1.00000']
  '016.2000': ['0.202', '0.875', '0.080', '-0.64863', '0.76110', '-0.00029', '-0.76110',
    '-0.64863', '0.00053', '0.00021', '0.00057', '1.00000']
  '016.2667': ['0.194', '0.864', '0.080', '-0.60582', '0.79560', '-0.00033', '-0.79560',
    '-0.60582', '0.00051', '0.00021', '0.00058', '1.00000']
  '016.3333': ['0.184', '0.850', '0.080', '-0.54568', '0.83800', '-0.00036', '-0.83800',
    '-0.54568', '0.00048', '0.00021', '0.00057', '1.00000']
  '016.4000': ['0.176', '0.836', '0.080', '-0.49925', '0.86646', '-0.00039', '-0.86646',
    '-0.49925', '0.00045', '0.00020', '0.00056', '1.00000']
  '016.4667': ['0.172', '0.828', '0.080', '-0.47459', '0.88021', '-0.00039', '-0.88021',
    '-0.47459', '0.00041', '0.00017', '0.00054', '1.00000']
  '016.5333': ['0.167', '0.818', '0.080', '-0.44405', '0.89600', '-0.00043', '-0.89600',
    '-0.44405', '0.00038', '0.00015', '0.00056', '1.00000']
  '016.6000': ['0.161', '0.806', '0.080', '-0.41149', '0.91141', '-0.00045', '-0.91141',
    '-0.41149', '0.00034', '0.00012', '0.00055', '1.00000']
  '016.6667': ['0.155', '0.792', '0.080', '-0.38406', '0.92331', '-0.00046', '-0.92331',
    '-0.38406', '0.00032', '0.00012', '0.00055', '1.00000']
  '016.7333': ['0.150', '0.779', '0.080', '-0.36599', '0.93062', '-0.00051', '-0.93062',
    '-0.36599', '0.00032', '0.00011', '0.00059', '1.00000']
  '016.8000': ['0.145', '0.769', '0.080', '-0.34550', '0.93842', '-0.00046', '-0.93842',
    '-0.34550', '0.00029', '0.00012', '0.00053', '1.00000']
  '016.8667': ['0.141', '0.755', '0.080', '-0.31979', '0.94749', '-0.00052', '-0.94749',
    '-0.31979', '0.00022', '0.00004', '0.00056', '1.00000']
  '016.9333': ['0.136', '0.738', '0.080', '-0.29809', '0.95454', '-0.00052', '-0.95454',
    '-0.29809', '0.00017', '0.00001', '0.00055', '1.00000']
  '017.0000': ['0.133', '0.730', '0.080', '-0.28553', '0.95837', '-0.00049', '-0.95837',
    '-0.28553', '0.00014', '-0.00001', '0.00051', '1.00000']
  '017.0667': ['0.130', '0.722', '0.080', '-0.26924', '0.96307', '-0.00046', '-0.96307',
    '-0.26924', '0.00013', '0.00000', '0.00048', '1.00000']
  '017.1333': ['0.126', '0.705', '0.080', '-0.22873', '0.97349', '-0.00049', '-0.97349',
    '-0.22873', '0.00007', '-0.00005', '0.00049', '1.00000']
  '017.2000': ['0.123', '0.688', '0.080', '-0.19459', '0.98089', '-0.00051', '-0.98089',
    '-0.19459', '0.00003', '-0.00007', '0.00050', '1.00000']
  '017.2667': ['0.121', '0.679', '0.080', '-0.17652', '0.98430', '-0.00047', '-0.98430',
    '-0.17652', '0.00001', '-0.00008', '0.00047', '1.00000']
  '017.3333': ['0.120', '0.665', '0.080', '-0.15730', '0.98755', '-0.00060', '-0.98755',
    '-0.15730', '-0.00001', '-0.00010', '0.00059', '1.00000']
  '017.4000': ['0.117', '0.659', '0.080', '-0.14288', '0.98974', '-0.00048', '-0.98974',
    '-0.14288', '-0.00011', '-0.00018', '0.00046', '1.00000']
  '017.4667': ['0.115', '0.647', '0.080', '-0.12494', '0.99216', '-0.00047', '-0.99216',
    '-0.12494', '-0.00007', '-0.00013', '0.00046', '1.00000']
  '017.5333': ['0.115', '0.642', '0.080', '-0.11580', '0.99327', '-0.00053', '-0.99327',
    '-0.11580', '-0.00009', '-0.00015', '0.00052', '1.00000']
  '017.6000': ['0.113', '0.629', '0.080', '-0.09500', '0.99548', '-0.00051', '-0.99548',
    '-0.09500', '-0.00021', '-0.00025', '0.00048', '1.00000']
  '017.6666': ['0.111', '0.617', '0.080', '-0.08020', '0.99678', '-0.00046', '-0.99678',
    '-0.08020', '-0.00014', '-0.00018', '0.00045', '1.00000']
  '017.7333': ['0.110', '0.600', '0.080', '-0.04309', '0.99907', '-0.00042', '-0.99907',
    '-0.04309', '-0.00026', '-0.00028', '0.00041', '1.00000']
  '017.8666': ['0.109', '0.572', '0.080', '0.00789', '0.99997', '-0.00046', '-0.99997',
    '0.00789', '-0.00029', '-0.00028', '0.00046', '1.00000']
  '017.9333': ['0.109', '0.562', '0.080', '0.02405', '0.99971', '-0.00044', '-0.99971',
    '0.02405', '-0.00029', '-0.00028', '0.00045', '1.00000']
  '018.1333': ['0.111', '0.530', '0.080', '0.06985', '0.99756', '-0.00036', '-0.99756',
    '0.06985', '-0.00033', '-0.00030', '0.00038', '1.00000']
  '018.2000': ['0.112', '0.515', '0.080', '0.09629', '0.99535', '-0.00033', '-0.99535',
    '0.09629', '-0.00037', '-0.00033', '0.00036', '1.00000']
  '018.4000': ['0.117', '0.478', '0.080', '0.16318', '0.98660', '-0.00035', '-0.98660',
    '0.16318', '-0.00043', '-0.00037', '0.00041', '1.00000']
  '018.4666': ['0.119', '0.463', '0.080', '0.17852', '0.98394', '-0.00034', '-0.98394',
    '0.17852', '-0.00045', '-0.00039', '0.00042', '1.00000']
  '018.6666': ['0.125', '0.429', '0.080', '0.21617', '0.97636', '-0.00033', '-0.97636',
    '0.21617', '-0.00049', '-0.00041', '0.00043', '1.00000']
  '018.8666': ['0.136', '0.387', '0.080', '0.31245', '0.94993', '-0.00026', '-0.94993',
    '0.31245', '-0.00053', '-0.00042', '0.00042', '1.00000']
  '019.0000': ['0.145', '0.364', '0.080', '0.39032', '0.92068', '-0.00019', '-0.92068',
    '0.39032', '-0.00052', '-0.00041', '0.00038', '1.00000']
  '019.1333': ['0.158', '0.340', '0.080', '0.50044', '0.86577', '-0.00015', '-0.86577',
    '0.50044', '-0.00052', '-0.00037', '0.00039', '1.00000']
  '019.3333': ['0.179', '0.309', '0.080', '0.61568', '0.78800', '-0.00009', '-0.78800',
    '0.61568', '-0.00052', '-0.00035', '0.00039', '1.00000']
  '019.4000': ['0.187', '0.298', '0.080', '0.63919', '0.76905', '-0.00006', '-0.76905',
    '0.63919', '-0.00050', '-0.00035', '0.00037', '1.00000']
  '019.5333': ['0.200', '0.283', '0.080', '0.66444', '0.74734', '-0.00006', '-0.74734',
    '0.66444', '-0.00050', '-0.00034', '0.00038', '1.00000']
  '019.7333': ['0.226', '0.256', '0.080', '0.70063', '0.71353', '-0.00003', '-0.71353',
    '0.70063', '-0.00053', '-0.00036', '0.00039', '1.00000']
  '019.8666': ['0.245', '0.237', '0.080', '0.72514', '0.68860', '-0.00001', '-0.68860',
    '0.72514', '-0.00051', '-0.00034', '0.00037', '1.00000']
  '020.0666': ['0.271', '0.214', '0.080', '0.74961', '0.66188', '0.00005', '-0.66188',
    '0.74961', '-0.00046', '-0.00035', '0.00031', '1.00000']
  '020.1333': ['0.281', '0.206', '0.080', '0.76883', '0.63945', '0.00007', '-0.63945',
    '0.76883', '-0.00045', '-0.00034', '0.00030', '1.00000']
  '020.2666': ['0.302', '0.190', '0.080', '0.81029', '0.58603', '0.00007', '-0.58603',
    '0.81029', '-0.00043', '-0.00031', '0.00030', '1.00000']
  '020.3333': ['0.311', '0.183', '0.080', '0.82419', '0.56631', '0.00008', '-0.56631',
    '0.82419', '-0.00043', '-0.00031', '0.00031', '1.00000']
  '020.4000': ['0.321', '0.177', '0.080', '0.83977', '0.54295', '0.00009', '-0.54295',
    '0.83977', '-0.00045', '-0.00032', '0.00033', '1.00000']
  '020.4666': ['0.334', '0.168', '0.080', '0.85705', '0.51524', '0.00009', '-0.51524',
    '0.85705', '-0.00043', '-0.00030', '0.00032', '1.00000']
  '020.5333': ['0.340', '0.165', '0.080', '0.86350', '0.50436', '0.00009', '-0.50436',
    '0.86350', '-0.00043', '-0.00030', '0.00033', '1.00000']
  '020.6000': ['0.351', '0.158', '0.080', '0.87442', '0.48517', '0.00009', '-0.48517',
    '0.87442', '-0.00045', '-0.00029', '0.00035', '1.00000']
  '020.6666': ['0.362', '0.151', '0.080', '0.88115', '0.47283', '0.00010', '-0.47283',
    '0.88115', '-0.00041', '-0.00028', '0.00032', '1.00000']
  '020.7333': ['0.371', '0.146', '0.080', '0.88683', '0.46209', '0.00011', '-0.46209',
    '0.88683', '-0.00040', '-0.00028', '0.00030', '1.00000']
  '020.8000': ['0.384', '0.139', '0.080', '0.89897', '0.43802', '0.00013', '-0.43802',
    '0.89897', '-0.00038', '-0.00028', '0.00028', '1.00000']
  '020.8666': ['0.393', '0.137', '0.080', '0.90984', '0.41495', '0.00013', '-0.41495',
    '0.90984', '-0.00039', '-0.00028', '0.00030', '1.00000']
  '020.9333': ['0.399', '0.135', '0.080', '0.91385', '0.40605', '0.00015', '-0.40605',
    '0.91385', '-0.00039', '-0.00029', '0.00029', '1.00000']
  '021.0000': ['0.408', '0.130', '0.080', '0.92336', '0.38393', '0.00015', '-0.38393',
    '0.92336', '-0.00036', '-0.00027', '0.00028', '1.00000']
  '021.0666': ['0.425', '0.124', '0.080', '0.93915', '0.34351', '0.00015', '-0.34351',
    '0.93915', '-0.00033', '-0.00026', '0.00026', '1.00000']
  '021.1333': ['0.439', '0.120', '0.080', '0.95358', '0.30115', '0.00015', '-0.30115',
    '0.95358', '-0.00033', '-0.00025', '0.00027', '1.00000']
  '021.2000': ['0.449', '0.117', '0.080', '0.96414', '0.26540', '0.00016', '-0.26540',
    '0.96414', '-0.00033', '-0.00024', '0.00028', '1.00000']
  '021.2666': ['0.461', '0.114', '0.080', '0.97238', '0.23339', '0.00017', '-0.23339',
    '0.97238', '-0.00032', '-0.00024', '0.00027', '1.00000']
  '021.3333': ['0.472', '0.112', '0.080', '0.97832', '0.20708', '0.00018', '-0.20708',
    '0.97832', '-0.00032', '-0.00025', '0.00028', '1.00000']
  '021.4000': ['0.489', '0.110', '0.080', '0.98542', '0.17016', '0.00020', '-0.17016',
