begin_time_stamp: 1588330716.3999949
data_header:
  time_stamp: [x, y, z, R11, R12, R13, R21, R22, R23, R31, R32, R33]
trajectory_data:
  '000.0000': ['0.012', '0.000', '0.000', '0.99647', '-0.08396', '0.00000', '0.08396',
    '0.99647', '0.00000', '0.00000', '0.00000', '1.00000']
  '000.0667': ['0.023', '0.001', '0.000', '0.98649', '-0.16380', '0.00000', '0.16380',
    '0.98649', '0.00000', '0.00000', '0.00000', '1.00000']
  '000.1333': ['0.035', '0.003', '0.000', '0.97167', '-0.23636', '0.00000', '0.23636',
    '0.97167', '0.00000', '0.00000', '0.00000', '1.00000']
  '000.2000': ['0.046', '0.006', '0.000', '0.95738', '-0.28884', '0.00000', '0.28884',
    '0.95738', '0.00000', '0.00000', '0.00000', '1.00000']
  '000.2667': ['0.057', '0.009', '0.000', '0.94258', '-0.33399', '0.00000', '0.33399',
    '0.94258', '0.00000', '0.00000', '0.00000', '1.00000']
  '000.3333': ['0.068', '0.013', '0.000', '0.92786', '-0.37293', '0.00000', '0.37293',
    '0.92786', '0.00000', '0.00000', '0.00000', '1.00000']
  '000.4000': ['0.079', '0.018', '0.000', '0.92210', '-0.38694', '0.00000', '0.38694',
    '0.92210', '0.00000', '0.00000', '0.00000', '1.00000']
  '000.4667': ['0.089', '0.022', '0.000', '0.91604', '-0.40109', '0.00000', '0.40109',
    '0.91604', '0.00000', '0.00000', '0.00000', '1.00000']
  '000.5333': ['0.100', '0.027', '0.000', '0.91279', '-0.40843', '0.00000', '0.40843',
    '0.91279', '0.00000', '0.00000', '0.00000', '1.00000']
  '000.6000': ['0.111', '0.031', '0.000', '0.91191', '-0.41038', '0.00000', '0.41038',
    '0.91191', '0.00000', '0.00000', '0.00000', '1.00000']
  '000.6667': ['0.121', '0.036', '0.000', '0.91135', '-0.41164', '0.00000', '0.41164',
    '0.91135', '0.00000', '0.00000', '0.00000', '1.00000']
  '000.7333': ['0.132', '0.041', '0.000', '0.91117', '-0.41203', '0.00000', '0.41203',
    '0.91117', '0.00000', '0.00000', '0.00000', '1.00000']
  '000.8000': ['0.142', '0.046', '0.000', '0.90930', '-0.41615', '0.00000', '0.41615',
    '0.90930', '0.00000', '0.00000', '0.00000', '1.00000']
  '000.8667': ['0.153', '0.051', '0.000', '0.90598', '-0.42332', '0.00000', '0.42332',
    '0.90598', '0.00000', '0.00000', '0.00000', '1.00000']
  '000.9333': ['0.163', '0.055', '0.000', '0.90406', '-0.42740', '0.00000', '0.42740',
    '0.90406', '0.00000', '0.00000', '0.00000', '1.00000']
  '001.0000': ['0.174', '0.060', '0.000', '0.90201', '-0.43172', '0.00000', '0.43172',
    '0.90201', '0.00000', '0.00000', '0.00000', '1.00000']
  '001.0667': ['0.184', '0.065', '0.000', '0.89793', '-0.44014', '0.00000', '0.44014',
    '0.89793', '0.00000', '0.00000', '0.00000', '1.00000']
  '001.1333': ['0.195', '0.071', '0.000', '0.89047', '-0.45504', '0.00000', '0.45504',
    '0.89047', '0.00000', '0.00000', '0.00000', '1.00000']
  '001.2000': ['0.205', '0.076', '0.000', '0.88473', '-0.46611', '0.00000', '0.46611',
    '0.88473', '0.00000', '0.00000', '0.00000', '1.00000']
  '001.2667': ['0.215', '0.081', '0.000', '0.88133', '-0.47250', '0.00000', '0.47250',
    '0.88133', '0.00000', '0.00000', '0.00000', '1.00000']
  '001.3333': ['0.226', '0.087', '0.000', '0.88046', '-0.47411', '0.00000', '0.47411',
    '0.88046', '0.00000', '0.00000', '0.00000', '1.00000']
  '001.4000': ['0.236', '0.092', '0.000', '0.87299', '-0.48774', '0.00000', '0.48774',
    '0.87299', '0.00000', '0.00000', '0.00000', '1.00000']
  '001.4667': ['0.246', '0.098', '0.000', '0.86526', '-0.50132', '0.00000', '0.50132',
    '0.86526', '0.00000', '0.00000', '0.00000', '1.00000']
  '001.5333': ['0.256', '0.104', '0.000', '0.86114', '-0.50836', '0.00000', '0.50836',
    '0.86114', '0.00000', '0.00000', '0.00000', '1.00000']
  '001.6000': ['0.266', '0.110', '0.000', '0.85679', '-0.51567', '0.00000', '0.51567',
    '0.85679', '0.00000', '0.00000', '0.00000', '1.00000']
  '001.6667': ['0.276', '0.116', '0.000', '0.85223', '-0.52317', '0.00000', '0.52317',
    '0.85223', '0.00000', '0.00000', '0.00000', '1.00000']
  '001.7333': ['0.286', '0.122', '0.000', '0.84917', '-0.52812', '0.00000', '0.52812',
    '0.84917', '0.00000', '0.00000', '0.00000', '1.00000']
  '001.8000': ['0.296', '0.128', '0.000', '0.84562', '-0.53378', '0.00000', '0.53378',
    '0.84562', '0.00000', '0.00000', '0.00000', '1.00000']
  '001.8667': ['0.305', '0.134', '0.000', '0.84033', '-0.54207', '0.00000', '0.54207',
    '0.84033', '0.00000', '0.00000', '0.00000', '1.00000']
  '001.9333': ['0.315', '0.140', '0.000', '0.83010', '-0.55761', '0.00000', '0.55761',
    '0.83010', '0.00000', '0.00000', '0.00000', '1.00000']
  '002.0000': ['0.325', '0.147', '0.000', '0.82236', '-0.56897', '0.00000', '0.56897',
    '0.82236', '0.00000', '0.00000', '0.00000', '1.00000']
  '002.0667': ['0.334', '0.153', '0.000', '0.81604', '-0.57800', '0.00000', '0.57800',
    '0.81604', '0.00000', '0.00000', '0.00000', '1.00000']
  '002.1333': ['0.344', '0.160', '0.000', '0.80947', '-0.58716', '0.00000', '0.58716',
    '0.80947', '0.00000', '0.00000', '0.00000', '1.00000']
  '002.2000': ['0.353', '0.167', '0.000', '0.80271', '-0.59637', '0.00000', '0.59637',
    '0.80271', '0.00000', '0.00000', '0.00000', '1.00000']
  '002.2667': ['0.363', '0.174', '0.000', '0.79547', '-0.60600', '0.00000', '0.60600',
    '0.79547', '0.00000', '0.00000', '0.00000', '1.00000']
  '002.3333': ['0.372', '0.181', '0.000', '0.78109', '-0.62442', '0.00000', '0.62442',
    '0.78109', '0.00000', '0.00000', '0.00000', '1.00000']
  '002.4000': ['0.381', '0.188', '0.000', '0.76086', '-0.64892', '0.00000', '0.64892',
    '0.76086', '0.00000', '0.00000', '0.00000', '1.00000']
  '002.4667': ['0.390', '0.196', '0.000', '0.75078', '-0.66056', '0.00000', '0.66056',
    '0.75078', '0.00000', '0.00000', '0.00000', '1.00000']
  '002.5333': ['0.399', '0.203', '0.000', '0.74219', '-0.67018', '0.00000', '0.67018',
    '0.74219', '0.00000', '0.00000', '0.00000', '1.00000']
  '002.6000': ['0.407', '0.211', '0.000', '0.73323', '-0.67998', '0.00000', '0.67998',
    '0.73323', '0.00000', '0.00000', '0.00000', '1.00000']
  '002.6667': ['0.416', '0.219', '0.000', '0.72402', '-0.68978', '0.00000', '0.68978',
    '0.72402', '0.00000', '0.00000', '0.00000', '1.00000']
  '002.7333': ['0.424', '0.227', '0.000', '0.71448', '-0.69966', '0.00000', '0.69966',
    '0.71448', '0.00000', '0.00000', '0.00000', '1.00000']
  '002.8000': ['0.433', '0.235', '0.000', '0.69861', '-0.71551', '0.00000', '0.71551',
    '0.69861', '0.00000', '0.00000', '0.00000', '1.00000']
  '002.8667': ['0.441', '0.243', '0.000', '0.68174', '-0.73160', '0.00000', '0.73160',
    '0.68174', '0.00000', '0.00000', '0.00000', '1.00000']
  '002.9333': ['0.449', '0.251', '0.000', '0.67014', '-0.74223', '0.00000', '0.74223',
    '0.67014', '0.00000', '0.00000', '0.00000', '1.00000']
  '003.0000': ['0.456', '0.260', '0.000', '0.65925', '-0.75193', '0.00000', '0.75193',
    '0.65925', '0.00000', '0.00000', '0.00000', '1.00000']
  '003.0667': ['0.464', '0.269', '0.000', '0.64687', '-0.76260', '0.00000', '0.76260',
    '0.64687', '0.00000', '0.00000', '0.00000', '1.00000']
  '003.1333': ['0.472', '0.278', '0.000', '0.63299', '-0.77416', '0.00000', '0.77416',
    '0.63299', '0.00000', '0.00000', '0.00000', '1.00000']
  '003.2000': ['0.479', '0.287', '0.000', '0.61295', '-0.79012', '0.00000', '0.79012',
    '0.61295', '0.00000', '0.00000', '0.00000', '1.00000']
  '003.2667': ['0.486', '0.296', '0.000', '0.59229', '-0.80572', '0.00000', '0.80572',
    '0.59229', '0.00000', '0.00000', '0.00000', '1.00000']
  '003.3333': ['0.493', '0.305', '0.000', '0.57069', '-0.82117', '0.00000', '0.82117',
    '0.57069', '0.00000', '0.00000', '0.00000', '1.00000']
  '003.4000': ['0.500', '0.315', '0.000', '0.54839', '-0.83622', '0.00000', '0.83622',
    '0.54839', '0.00000', '0.00000', '0.00000', '1.00000']
  '003.4667': ['0.506', '0.324', '0.000', '0.53160', '-0.84699', '0.00000', '0.84699',
    '0.53160', '0.00000', '0.00000', '0.00000', '1.00000']
  '003.5333': ['0.512', '0.334', '0.000', '0.51251', '-0.85868', '0.00000', '0.85868',
    '0.51251', '0.00000', '0.00000', '0.00000', '1.00000']
  '003.6000': ['0.518', '0.344', '0.000', '0.49149', '-0.87088', '0.00000', '0.87088',
    '0.49149', '0.00000', '0.00000', '0.00000', '1.00000']
  '003.6667': ['0.524', '0.354', '0.000', '0.46640', '-0.88457', '0.00000', '0.88457',
    '0.46640', '0.00000', '0.00000', '0.00000', '1.00000']
  '003.7333': ['0.530', '0.364', '0.000', '0.43121', '-0.90225', '0.00000', '0.90225',
    '0.43121', '0.00000', '0.00000', '0.00000', '1.00000']
  '003.8000': ['0.535', '0.375', '0.000', '0.39523', '-0.91858', '0.00000', '0.91858',
    '0.39523', '0.00000', '0.00000', '0.00000', '1.00000']
  '003.8667': ['0.540', '0.385', '0.000', '0.35857', '-0.93350', '0.00000', '0.93350',
    '0.35857', '0.00000', '0.00000', '0.00000', '1.00000']
  '003.9333': ['0.544', '0.396', '0.000', '0.30843', '-0.95125', '0.00000', '0.95125',
    '0.30843', '0.00000', '0.00000', '0.00000', '1.00000']
  '004.0000': ['0.547', '0.407', '0.000', '0.26206', '-0.96505', '0.00000', '0.96505',
    '0.26206', '0.00000', '0.00000', '0.00000', '1.00000']
  '004.0667': ['0.550', '0.418', '0.000', '0.21965', '-0.97558', '0.00000', '0.97558',
    '0.21965', '0.00000', '0.00000', '0.00000', '1.00000']
  '004.1333': ['0.553', '0.430', '0.000', '0.17501', '-0.98457', '0.00000', '0.98457',
    '0.17501', '0.00000', '0.00000', '0.00000', '1.00000']
  '004.2000': ['0.555', '0.441', '0.000', '0.14035', '-0.99010', '0.00000', '0.99010',
    '0.14035', '0.00000', '0.00000', '0.00000', '1.00000']
  '004.2667': ['0.557', '0.453', '0.000', '0.10514', '-0.99446', '0.00000', '0.99446',
    '0.10514', '0.00000', '0.00000', '0.00000', '1.00000']
  '004.3333': ['0.558', '0.464', '0.000', '0.06957', '-0.99758', '0.00000', '0.99758',
    '0.06957', '0.00000', '0.00000', '0.00000', '1.00000']
  '004.4000': ['0.559', '0.476', '0.000', '0.03348', '-0.99944', '0.00000', '0.99944',
    '0.03348', '0.00000', '0.00000', '0.00000', '1.00000']
  '004.4667': ['0.559', '0.487', '0.000', '-0.00814', '-0.99997', '0.00000', '0.99997',
    '-0.00814', '0.00000', '0.00000', '0.00000', '1.00000']
  '004.5333': ['0.560', '0.499', '0.000', '-0.05283', '-0.99860', '0.00000', '0.99860',
    '-0.05283', '0.00000', '0.00000', '0.00000', '1.00000']
  '004.6000': ['0.559', '0.510', '0.000', '-0.09710', '-0.99527', '0.00000', '0.99527',
    '-0.09710', '0.00000', '0.00000', '0.00000', '1.00000']
  '004.6667': ['0.558', '0.522', '0.000', '-0.14106', '-0.99000', '0.00000', '0.99000',
    '-0.14106', '0.00000', '0.00000', '0.00000', '1.00000']
  '004.7333': ['0.557', '0.534', '0.000', '-0.17009', '-0.98543', '0.00000', '0.98543',
    '-0.17009', '0.00000', '0.00000', '0.00000', '1.00000']
  '004.8000': ['0.555', '0.545', '0.000', '-0.19511', '-0.98078', '0.00000', '0.98078',
    '-0.19511', '0.00000', '0.00000', '0.00000', '1.00000']
  '004.8667': ['0.553', '0.556', '0.000', '-0.22001', '-0.97550', '0.00000', '0.97550',
    '-0.22001', '0.00000', '0.00000', '0.00000', '1.00000']
  '004.9333': ['0.551', '0.568', '0.000', '-0.24582', '-0.96932', '0.00000', '0.96932',
    '-0.24582', '0.00000', '0.00000', '0.00000', '1.00000']
  '005.0000': ['0.548', '0.579', '0.000', '-0.28163', '-0.95952', '0.00000', '0.95952',
    '-0.28163', '0.00000', '0.00000', '0.00000', '1.00000']
  '005.0667': ['0.545', '0.590', '0.000', '-0.30072', '-0.95371', '0.00000', '0.95371',
    '-0.30072', '0.00000', '0.00000', '0.00000', '1.00000']
  '005.1333': ['0.541', '0.601', '0.000', '-0.32269', '-0.94651', '0.00000', '0.94651',
    '-0.32269', '0.00000', '0.00000', '0.00000', '1.00000']
  '005.2000': ['0.538', '0.612', '0.000', '-0.35461', '-0.93502', '0.00000', '0.93502',
    '-0.35461', '0.00000', '0.00000', '0.00000', '1.00000']
  '005.2667': ['0.534', '0.623', '0.000', '-0.38442', '-0.92316', '0.00000', '0.92316',
    '-0.38442', '0.00000', '0.00000', '0.00000', '1.00000']
  '005.3333': ['0.530', '0.634', '0.000', '-0.41582', '-0.90945', '0.00000', '0.90945',
    '-0.41582', '0.00000', '0.00000', '0.00000', '1.00000']
  '005.4000': ['0.525', '0.645', '0.000', '-0.44685', '-0.89461', '0.00000', '0.89461',
    '-0.44685', '0.00000', '0.00000', '0.00000', '1.00000']
  '005.4667': ['0.520', '0.655', '0.000', '-0.47752', '-0.87862', '0.00000', '0.87862',
    '-0.47752', '0.00000', '0.00000', '0.00000', '1.00000']
  '005.5333': ['0.514', '0.665', '0.000', '-0.51124', '-0.85944', '0.00000', '0.85944',
    '-0.51124', '0.00000', '0.00000', '0.00000', '1.00000']
  '005.6000': ['0.508', '0.675', '0.000', '-0.55603', '-0.83116', '0.00000', '0.83116',
    '-0.55603', '0.00000', '0.00000', '0.00000', '1.00000']
  '005.6667': ['0.502', '0.685', '0.000', '-0.59925', '-0.80056', '0.00000', '0.80056',
    '-0.59925', '0.00000', '0.00000', '0.00000', '1.00000']
  '005.7333': ['0.495', '0.694', '0.000', '-0.64080', '-0.76771', '0.00000', '0.76771',
    '-0.64080', '0.00000', '0.00000', '0.00000', '1.00000']
  '005.8000': ['0.487', '0.703', '0.000', '-0.67998', '-0.73323', '0.00000', '0.73323',
    '-0.67998', '0.00000', '0.00000', '0.00000', '1.00000']
  '005.8667': ['0.480', '0.712', '0.000', '-0.71401', '-0.70014', '0.00000', '0.70014',
    '-0.71401', '0.00000', '0.00000', '0.00000', '1.00000']
  '005.9333': ['0.472', '0.720', '0.000', '-0.74626', '-0.66565', '0.00000', '0.66565',
    '-0.74626', '0.00000', '0.00000', '0.00000', '1.00000']
  '006.0000': ['0.463', '0.728', '0.000', '-0.77283', '-0.63461', '0.00000', '0.63461',
    '-0.77283', '0.00000', '0.00000', '0.00000', '1.00000']
  '006.0667': ['0.454', '0.735', '0.000', '-0.80207', '-0.59723', '0.00000', '0.59723',
    '-0.80207', '0.00000', '0.00000', '0.00000', '1.00000']
  '006.1333': ['0.445', '0.742', '0.000', '-0.82188', '-0.56966', '0.00000', '0.56966',
    '-0.82188', '0.00000', '0.00000', '0.00000', '1.00000']
  '006.2000': ['0.435', '0.749', '0.000', '-0.84121', '-0.54070', '0.00000', '0.54070',
    '-0.84121', '0.00000', '0.00000', '0.00000', '1.00000']
  '006.2667': ['0.425', '0.755', '0.000', '-0.86075', '-0.50903', '0.00000', '0.50903',
    '-0.86075', '0.00000', '0.00000', '0.00000', '1.00000']
  '006.3333': ['0.415', '0.761', '0.000', '-0.87216', '-0.48922', '0.00000', '0.48922',
    '-0.87216', '0.00000', '0.00000', '0.00000', '1.00000']
  '006.4000': ['0.405', '0.767', '0.000', '-0.88084', '-0.47341', '0.00000', '0.47341',
    '-0.88084', '0.00000', '0.00000', '0.00000', '1.00000']
  '006.4667': ['0.395', '0.772', '0.000', '-0.89584', '-0.44438', '0.00000', '0.44438',
    '-0.89584', '0.00000', '0.00000', '0.00000', '1.00000']
  '006.5333': ['0.385', '0.777', '0.000', '-0.92016', '-0.39153', '0.00000', '0.39153',
    '-0.92016', '0.00000', '0.00000', '0.00000', '1.00000']
  '006.6000': ['0.374', '0.782', '0.000', '-0.94866', '-0.31628', '0.00000', '0.31628',
    '-0.94866', '0.00000', '0.00000', '0.00000', '1.00000']
  '006.6667': ['0.363', '0.785', '0.000', '-0.97009', '-0.24274', '0.00000', '0.24274',
    '-0.97009', '0.00000', '0.00000', '0.00000', '1.00000']
  '006.7333': ['0.352', '0.788', '0.000', '-0.98601', '-0.16671', '0.00000', '0.16671',
    '-0.98601', '0.00000', '0.00000', '0.00000', '1.00000']
  '006.8000': ['0.340', '0.790', '0.000', '-0.99549', '-0.09489', '0.00000', '0.09489',
    '-0.99549', '0.00000', '0.00000', '0.00000', '1.00000']
  '006.8667': ['0.329', '0.791', '0.000', '-0.99996', '-0.00855', '0.00000', '0.00855',
    '-0.99996', '0.00000', '0.00000', '0.00000', '1.00000']
  '006.9333': ['0.317', '0.791', '0.000', '-0.99719', '0.07492', '0.00000', '-0.07492',
    '-0.99719', '0.00000', '0.00000', '0.00000', '1.00000']
  '007.0000': ['0.306', '0.790', '0.000', '-0.98939', '0.14525', '0.00000', '-0.14525',
    '-0.98939', '0.00000', '0.00000', '0.00000', '1.00000']
  '007.0667': ['0.294', '0.788', '0.000', '-0.97769', '0.21004', '0.00000', '-0.21004',
    '-0.97769', '0.00000', '0.00000', '0.00000', '1.00000']
  '007.1333': ['0.283', '0.786', '0.000', '-0.96212', '0.27263', '0.00000', '-0.27263',
    '-0.96212', '0.00000', '0.00000', '0.00000', '1.00000']
  '007.2000': ['0.272', '0.782', '0.000', '-0.94180', '0.33617', '0.00000', '-0.33617',
    '-0.94180', '0.00000', '0.00000', '0.00000', '1.00000']
  '007.2667': ['0.261', '0.778', '0.000', '-0.91473', '0.40406', '0.00000', '-0.40406',
    '-0.91473', '0.00000', '0.00000', '0.00000', '1.00000']
  '007.3333': ['0.250', '0.774', '0.000', '-0.87986', '0.47523', '0.00000', '-0.47523',
    '-0.87986', '0.00000', '0.00000', '0.00000', '1.00000']
  '007.4000': ['0.240', '0.769', '0.000', '-0.83880', '0.54444', '0.00000', '-0.54444',
    '-0.83880', '0.00000', '0.00000', '0.00000', '1.00000']
  '007.4667': ['0.230', '0.763', '0.000', '-0.79231', '0.61011', '0.00000', '-0.61011',
    '-0.79231', '0.00000', '0.00000', '0.00000', '1.00000']
  '007.5333': ['0.220', '0.757', '0.000', '-0.74070', '0.67184', '0.00000', '-0.67184',
    '-0.74070', '0.00000', '0.00000', '0.00000', '1.00000']
  '007.6000': ['0.211', '0.750', '0.000', '-0.68428', '0.72922', '0.00000', '-0.72922',
    '-0.68428', '0.00000', '0.00000', '0.00000', '1.00000']
  '007.6667': ['0.203', '0.742', '0.000', '-0.63578', '0.77187', '0.00000', '-0.77187',
    '-0.63578', '0.00000', '0.00000', '0.00000', '1.00000']
  '007.7333': ['0.195', '0.733', '0.000', '-0.58449', '0.81140', '0.00000', '-0.81140',
    '-0.58449', '0.00000', '0.00000', '0.00000', '1.00000']
  '007.8000': ['0.188', '0.724', '0.000', '-0.51473', '0.85735', '0.00000', '-0.85735',
    '-0.51473', '0.00000', '0.00000', '0.00000', '1.00000']
  '007.8667': ['0.182', '0.714', '0.000', '-0.45044', '0.89281', '0.00000', '-0.89281',
    '-0.45044', '0.00000', '0.00000', '0.00000', '1.00000']
  '007.9333': ['0.177', '0.703', '0.000', '-0.41285', '0.91080', '0.00000', '-0.91080',
    '-0.41285', '0.00000', '0.00000', '0.00000', '1.00000']
  '008.0000': ['0.172', '0.693', '0.000', '-0.38022', '0.92490', '0.00000', '-0.92490',
    '-0.38022', '0.00000', '0.00000', '0.00000', '1.00000']
  '008.0667': ['0.168', '0.682', '0.000', '-0.35417', '0.93518', '0.00000', '-0.93518',
    '-0.35417', '0.00000', '0.00000', '0.00000', '1.00000']
  '008.1333': ['0.164', '0.671', '0.000', '-0.31730', '0.94832', '0.00000', '-0.94832',
    '-0.31730', '0.00000', '0.00000', '0.00000', '1.00000']
  '008.2000': ['0.160', '0.660', '0.000', '-0.29103', '0.95671', '0.00000', '-0.95671',
    '-0.29103', '0.00000', '0.00000', '0.00000', '1.00000']
  '008.2667': ['0.157', '0.649', '0.000', '-0.25415', '0.96716', '0.00000', '-0.96716',
    '-0.25415', '0.00000', '0.00000', '0.00000', '1.00000']
  '008.3333': ['0.154', '0.638', '0.000', '-0.21793', '0.97596', '0.00000', '-0.97596',
    '-0.21793', '0.00000', '0.00000', '0.00000', '1.00000']
  '008.4000': ['0.152', '0.626', '0.000', '-0.18544', '0.98266', '0.00000', '-0.98266',
    '-0.18544', '0.00000', '0.00000', '0.00000', '1.00000']
  '008.4667': ['0.149', '0.615', '0.000', '-0.15246', '0.98831', '0.00000', '-0.98831',
    '-0.15246', '0.00000', '0.00000', '0.00000', '1.00000']
  '008.5333': ['0.148', '0.603', '0.000', '-0.11902', '0.99289', '0.00000', '-0.99289',
    '-0.11902', '0.00000', '0.00000', '0.00000', '1.00000']
  '008.6000': ['0.146', '0.592', '0.000', '-0.08693', '0.99621', '0.00000', '-0.99621',
    '-0.08693', '0.00000', '0.00000', '0.00000', '1.00000']
  '008.6667': ['0.145', '0.580', '0.000', '-0.05778', '0.99833', '0.00000', '-0.99833',
    '-0.05778', '0.00000', '0.00000', '0.00000', '1.00000']
  '008.7333': ['0.145', '0.569', '0.000', '-0.02805', '0.99961', '0.00000', '-0.99961',
    '-0.02805', '0.00000', '0.00000', '0.00000', '1.00000']
  '008.8000': ['0.144', '0.557', '0.000', '0.00027', '1.00000', '0.00000', '-1.00000',
    '0.00027', '0.00000', '0.00000', '0.00000', '1.00000']
  '008.8667': ['0.144', '0.546', '0.000', '0.02245', '0.99975', '0.00000', '-0.99975',
    '0.02245', '0.00000', '0.00000', '0.00000', '1.00000']
  '008.9333': ['0.145', '0.534', '0.000', '0.05266', '0.99861', '0.00000', '-0.99861',
    '0.05266', '0.00000', '0.00000', '0.00000', '1.00000']
  '009.0000': ['0.145', '0.522', '0.000', '0.07054', '0.99751', '0.00000', '-0.99751',
    '0.07054', '0.00000', '0.00000', '0.00000', '1.00000']
  '009.0667': ['0.146', '0.511', '0.000', '0.08891', '0.99604', '0.00000', '-0.99604',
    '0.08891', '0.00000', '0.00000', '0.00000', '1.00000']
  '009.1333': ['0.147', '0.499', '0.000', '0.10774', '0.99418', '0.00000', '-0.99418',
    '0.10774', '0.00000', '0.00000', '0.00000', '1.00000']
  '009.2000': ['0.149', '0.488', '0.000', '0.11576', '0.99328', '0.00000', '-0.99328',
    '0.11576', '0.00000', '0.00000', '0.00000', '1.00000']
  '009.2667': ['0.150', '0.476', '0.000', '0.14920', '0.98881', '0.00000', '-0.98881',
    '0.14920', '0.00000', '0.00000', '0.00000', '1.00000']
  '009.3333': ['0.152', '0.465', '0.000', '0.20650', '0.97845', '0.00000', '-0.97845',
    '0.20650', '0.00000', '0.00000', '0.00000', '1.00000']
  '009.4000': ['0.154', '0.453', '0.000', '0.26599', '0.96398', '0.00000', '-0.96398',
    '0.26599', '0.00000', '0.00000', '0.00000', '1.00000']
  '009.4667': ['0.156', '0.442', '0.000', '0.33438', '0.94244', '0.00000', '-0.94244',
    '0.33438', '0.00000', '0.00000', '0.00000', '1.00000']
  '009.5333': ['0.160', '0.431', '0.000', '0.40097', '0.91609', '0.00000', '-0.91609',
    '0.40097', '0.00000', '0.00000', '0.00000', '1.00000']
  '009.6000': ['0.164', '0.420', '0.000', '0.45295', '0.89154', '0.00000', '-0.89154',
    '0.45295', '0.00000', '0.00000', '0.00000', '1.00000']
  '009.6667': ['0.168', '0.410', '0.000', '0.49952', '0.86630', '0.00000', '-0.86630',
    '0.49952', '0.00000', '0.00000', '0.00000', '1.00000']
  '009.7333': ['0.173', '0.399', '0.000', '0.54468', '0.83864', '0.00000', '-0.83864',
    '0.54468', '0.00000', '0.00000', '0.00000', '1.00000']
  '009.8000': ['0.179', '0.389', '0.000', '0.58832', '0.80863', '0.00000', '-0.80863',
    '0.58832', '0.00000', '0.00000', '0.00000', '1.00000']
  '009.8667': ['0.185', '0.379', '0.000', '0.63471', '0.77275', '0.00000', '-0.77275',
    '0.63471', '0.00000', '0.00000', '0.00000', '1.00000']
  '009.9333': ['0.191', '0.370', '0.000', '0.68482', '0.72871', '0.00000', '-0.72871',
    '0.68482', '0.00000', '0.00000', '0.00000', '1.00000']
  '010.0000': ['0.198', '0.360', '0.000', '0.73189', '0.68142', '0.00000', '-0.68142',
    '0.73189', '0.00000', '0.00000', '0.00000', '1.00000']
  '010.0667': ['0.206', '0.352', '0.000', '0.77570', '0.63110', '0.00000', '-0.63110',
    '0.77570', '0.00000', '0.00000', '0.00000', '1.00000']
  '010.1333': ['0.215', '0.345', '0.000', '0.82443', '0.56597', '0.00000', '-0.56597',
    '0.82443', '0.00000', '0.00000', '0.00000', '1.00000']
  '010.2000': ['0.224', '0.338', '0.000', '0.88063', '0.47381', '0.00000', '-0.47381',
    '0.88063', '0.00000', '0.00000', '0.00000', '1.00000']
  '010.2667': ['0.234', '0.332', '0.000', '0.92621', '0.37700', '0.00000', '-0.37700',
    '0.92621', '0.00000', '0.00000', '0.00000', '1.00000']
  '010.3333': ['0.245', '0.328', '0.000', '0.95994', '0.28020', '0.00000', '-0.28020',
    '0.95994', '0.00000', '0.00000', '0.00000', '1.00000']
  '010.4000': ['0.256', '0.324', '0.000', '0.98236', '0.18700', '0.00000', '-0.18700',
    '0.98236', '0.00000', '0.00000', '0.00000', '1.00000']
  '010.4667': ['0.267', '0.322', '0.000', '0.99528', '0.09704', '0.00000', '-0.09704',
    '0.99528', '0.00000', '0.00000', '0.00000', '1.00000']
  '010.5333': ['0.279', '0.321', '0.000', '0.99991', '0.01321', '0.00000', '-0.01321',
    '0.99991', '0.00000', '0.00000', '0.00000', '1.00000']
  '010.6000': ['0.291', '0.321', '0.000', '0.99747', '-0.07111', '0.00000', '0.07111',
    '0.99747', '0.00000', '0.00000', '0.00000', '1.00000']
  '010.6667': ['0.302', '0.321', '0.000', '0.98789', '-0.15518', '0.00000', '0.15518',
    '0.98789', '0.00000', '0.00000', '0.00000', '1.00000']
  '010.7333': ['0.314', '0.323', '0.000', '0.97182', '-0.23572', '0.00000', '0.23572',
    '0.97182', '0.00000', '0.00000', '0.00000', '1.00000']
  '010.8000': ['0.325', '0.326', '0.000', '0.95032', '-0.31128', '0.00000', '0.31128',
    '0.95032', '0.00000', '0.00000', '0.00000', '1.00000']
  '010.8667': ['0.336', '0.330', '0.000', '0.91545', '-0.40243', '0.00000', '0.40243',
    '0.91545', '0.00000', '0.00000', '0.00000', '1.00000']
  '010.9333': ['0.346', '0.335', '0.000', '0.87494', '-0.48423', '0.00000', '0.48423',
    '0.87494', '0.00000', '0.00000', '0.00000', '1.00000']
  '011.0000': ['0.356', '0.340', '0.000', '0.82449', '-0.56588', '0.00000', '0.56588',
    '0.82449', '0.00000', '0.00000', '0.00000', '1.00000']
  '011.0667': ['0.366', '0.347', '0.000', '0.76380', '-0.64546', '0.00000', '0.64546',
    '0.76380', '0.00000', '0.00000', '0.00000', '1.00000']
  '011.1333': ['0.375', '0.355', '0.000', '0.70481', '-0.70939', '0.00000', '0.70939',
    '0.70481', '0.00000', '0.00000', '0.00000', '1.00000']
  '011.2000': ['0.383', '0.363', '0.000', '0.64454', '-0.76457', '0.00000', '0.76457',
    '0.64454', '0.00000', '0.00000', '0.00000', '1.00000']
  '011.2667': ['0.390', '0.372', '0.000', '0.58846', '-0.80853', '0.00000', '0.80853',
    '0.58846', '0.00000', '0.00000', '0.00000', '1.00000']
  '011.3333': ['0.397', '0.381', '0.000', '0.53140', '-0.84712', '0.00000', '0.84712',
    '0.53140', '0.00000', '0.00000', '0.00000', '1.00000']
  '011.4000': ['0.403', '0.391', '0.000', '0.47132', '-0.88196', '0.00000', '0.88196',
    '0.47132', '0.00000', '0.00000', '0.00000', '1.00000']
  '011.4667': ['0.409', '0.401', '0.000', '0.40890', '-0.91258', '0.00000', '0.91258',
    '0.40890', '0.00000', '0.00000', '0.00000', '1.00000']
  '011.5333': ['0.414', '0.411', '0.000', '0.34933', '-0.93700', '0.00000', '0.93700',
    '0.34933', '0.00000', '0.00000', '0.00000', '1.00000']
  '011.6000': ['0.419', '0.422', '0.000', '0.30037', '-0.95382', '0.00000', '0.95382',
    '0.30037', '0.00000', '0.00000', '0.00000', '1.00000']
  '011.6667': ['0.423', '0.433', '0.000', '0.24250', '-0.97015', '0.00000', '0.97015',
    '0.24250', '0.00000', '0.00000', '0.00000', '1.00000']
  '011.7333': ['0.426', '0.444', '0.000', '0.17738', '-0.98414', '0.00000', '0.98414',
    '0.17738', '0.00000', '0.00000', '0.00000', '1.00000']
  '011.8000': ['0.428', '0.455', '0.000', '0.11499', '-0.99337', '0.00000', '0.99337',
    '0.11499', '0.00000', '0.00000', '0.00000', '1.00000']
  '011.8667': ['0.430', '0.467', '0.000', '0.06527', '-0.99787', '0.00000', '0.99787',
    '0.06527', '0.00000', '0.00000', '0.00000', '1.00000']
  '011.9333': ['0.430', '0.478', '0.000', '0.02751', '-0.99962', '0.00000', '0.99962',
    '0.02751', '0.00000', '0.00000', '0.00000', '1.00000']
  '012.0000': ['0.431', '0.490', '0.000', '0.01075', '-0.99994', '0.00000', '0.99994',
    '0.01075', '0.00000', '0.00000', '0.00000', '1.00000']
  '012.0667': ['0.431', '0.502', '0.000', '-0.00424', '-0.99999', '0.00000', '0.99999',
    '-0.00424', '0.00000', '0.00000', '0.00000', '1.00000']
  '012.1333': ['0.431', '0.513', '0.000', '-0.01365', '-0.99991', '0.00000', '0.99991',
    '-0.01365', '0.00000', '0.00000', '0.00000', '1.00000']
  '012.2000': ['0.430', '0.525', '0.000', '-0.00976', '-0.99995', '0.00000', '0.99995',
    '-0.00976', '0.00000', '0.00000', '0.00000', '1.00000']
  '012.2667': ['0.430', '0.536', '0.000', '-0.00079', '-1.00000', '0.00000', '1.00000',
    '-0.00079', '0.00000', '0.00000', '0.00000', '1.00000']
  '012.3333': ['0.430', '0.548', '0.000', '0.00735', '-0.99997', '0.00000', '0.99997',
    '0.00735', '0.00000', '0.00000', '0.00000', '1.00000']
  '012.4000': ['0.430', '0.560', '0.000', '0.01521', '-0.99988', '0.00000', '0.99988',
    '0.01521', '0.00000', '0.00000', '0.00000', '1.00000']
  '012.4667': ['0.431', '0.571', '0.000', '0.02211', '-0.99976', '0.00000', '0.99976',
    '0.02211', '0.00000', '0.00000', '0.00000', '1.00000']
  '012.5333': ['0.431', '0.583', '0.000', '0.02827', '-0.99960', '0.00000', '0.99960',
    '0.02827', '0.00000', '0.00000', '0.00000', '1.00000']
  '012.6000': ['0.431', '0.595', '0.000', '0.03386', '-0.99943', '0.00000', '0.99943',
    '0.03386', '0.00000', '0.00000', '0.00000', '1.00000']
  '012.6667': ['0.432', '0.606', '0.000', '0.04340', '-0.99906', '0.00000', '0.99906',
    '0.04340', '0.00000', '0.00000', '0.00000', '1.00000']
  '012.7333': ['0.432', '0.618', '0.000', '0.05061', '-0.99872', '0.00000', '0.99872',
    '0.05061', '0.00000', '0.00000', '0.00000', '1.00000']
  '012.8000': ['0.433', '0.629', '0.000', '0.06812', '-0.99768', '0.00000', '0.99768',
    '0.06812', '0.00000', '0.00000', '0.00000', '1.00000']
  '012.8667': ['0.434', '0.641', '0.000', '0.07986', '-0.99681', '0.00000', '0.99681',
    '0.07986', '0.00000', '0.00000', '0.00000', '1.00000']
  '012.9333': ['0.434', '0.652', '0.000', '0.09384', '-0.99559', '0.00000', '0.99559',
    '0.09384', '0.00000', '0.00000', '0.00000', '1.00000']
  '013.0000': ['0.436', '0.664', '0.000', '0.10384', '-0.99459', '0.00000', '0.99459',
    '0.10384', '0.00000', '0.00000', '0.00000', '1.00000']
  '013.0667': ['0.437', '0.676', '0.000', '0.11336', '-0.99355', '0.00000', '0.99355',
    '0.11336', '0.00000', '0.00000', '0.00000', '1.00000']
  '013.1333': ['0.438', '0.687', '0.000', '0.12072', '-0.99269', '0.00000', '0.99269',
    '0.12072', '0.00000', '0.00000', '0.00000', '1.00000']
  '013.2000': ['0.440', '0.699', '0.000', '0.12945', '-0.99159', '0.00000', '0.99159',
    '0.12945', '0.00000', '0.00000', '0.00000', '1.00000']
  '013.2667': ['0.441', '0.710', '0.000', '0.12919', '-0.99162', '0.00000', '0.99162',
    '0.12919', '0.00000', '0.00000', '0.00000', '1.00000']
  '013.3333': ['0.443', '0.722', '0.000', '0.12454', '-0.99221', '0.00000', '0.99221',
    '0.12454', '0.00000', '0.00000', '0.00000', '1.00000']
  '013.4000': ['0.444', '0.733', '0.000', '0.11441', '-0.99343', '0.00000', '0.99343',
    '0.11441', '0.00000', '0.00000', '0.00000', '1.00000']
  '013.4667': ['0.445', '0.745', '0.000', '0.11125', '-0.99379', '0.00000', '0.99379',
    '0.11125', '0.00000', '0.00000', '0.00000', '1.00000']
  '013.5333': ['0.447', '0.756', '0.000', '0.10796', '-0.99416', '0.00000', '0.99416',
    '0.10796', '0.00000', '0.00000', '0.00000', '1.00000']
  '013.6000': ['0.448', '0.768', '0.000', '0.10460', '-0.99451', '0.00000', '0.99451',
    '0.10460', '0.00000', '0.00000', '0.00000', '1.00000']
  '013.6667': ['0.449', '0.779', '0.000', '0.10105', '-0.99488', '0.00000', '0.99488',
    '0.10105', '0.00000', '0.00000', '0.00000', '1.00000']
  '013.7333': ['0.450', '0.791', '0.000', '0.09739', '-0.99525', '0.00000', '0.99525',
    '0.09739', '0.00000', '0.00000', '0.00000', '1.00000']
  '013.8000': ['0.451', '0.802', '0.000', '0.09354', '-0.99562', '0.00000', '0.99562',
    '0.09354', '0.00000', '0.00000', '0.00000', '1.00000']
  '013.8667': ['0.452', '0.814', '0.000', '0.08955', '-0.99598', '0.00000', '0.99598',
    '0.08955', '0.00000', '0.00000', '0.00000', '1.00000']
  '013.9333': ['0.453', '0.826', '0.000', '0.08542', '-0.99634', '0.00000', '0.99634',
    '0.08542', '0.00000', '0.00000', '0.00000', '1.00000']
  '014.0000': ['0.454', '0.837', '0.000', '0.08118', '-0.99670', '0.00000', '0.99670',
    '0.08118', '0.00000', '0.00000', '0.00000', '1.00000']
  '014.0667': ['0.455', '0.849', '0.000', '0.07681', '-0.99705', '0.00000', '0.99705',
    '0.07681', '0.00000', '0.00000', '0.00000', '1.00000']
  '014.1333': ['0.456', '0.860', '0.000', '0.07622', '-0.99709', '0.00000', '0.99709',
    '0.07622', '0.00000', '0.00000', '0.00000', '1.00000']
  '014.2000': ['0.457', '0.872', '0.000', '0.08362', '-0.99650', '0.00000', '0.99650',
    '0.08362', '0.00000', '0.00000', '0.00000', '1.00000']
  '014.2667': ['0.458', '0.883', '0.000', '0.07882', '-0.99689', '0.00000', '0.99689',
    '0.07882', '0.00000', '0.00000', '0.00000', '1.00000']
  '014.3333': ['0.459', '0.895', '0.000', '0.07388', '-0.99727', '0.00000', '0.99727',
    '0.07388', '0.00000', '0.00000', '0.00000', '1.00000']
  '014.4000': ['0.460', '0.907', '0.000', '0.07524', '-0.99717', '0.00000', '0.99717',
    '0.07524', '0.00000', '0.00000', '0.00000', '1.00000']
  '014.4667': ['0.461', '0.918', '0.000', '0.08203', '-0.99663', '0.00000', '0.99663',
    '0.08203', '0.00000', '0.00000', '0.00000', '1.00000']
  '014.5333': ['0.462', '0.930', '0.000', '0.09661', '-0.99532', '0.00000', '0.99532',
    '0.09661', '0.00000', '0.00000', '0.00000', '1.00000']
  '014.6000': ['0.463', '0.941', '0.000', '0.12735', '-0.99186', '0.00000', '0.99186',
    '0.12735', '0.00000', '0.00000', '0.00000', '1.00000']
  '014.6667': ['0.464', '0.953', '0.000', '0.15813', '-0.98742', '0.00000', '0.98742',
    '0.15813', '0.00000', '0.00000', '0.00000', '1.00000']
  '014.7333': ['0.466', '0.964', '0.000', '0.17143', '-0.98520', '0.00000', '0.98520',
    '0.17143', '0.00000', '0.00000', '0.00000', '1.00000']
  '014.8000': ['0.468', '0.976', '0.000', '0.18446', '-0.98284', '0.00000', '0.98284',
    '0.18446', '0.00000', '0.00000', '0.00000', '1.00000']
  '014.8667': ['0.470', '0.987', '0.000', '0.20997', '-0.97771', '0.00000', '0.97771',
    '0.20997', '0.00000', '0.00000', '0.00000', '1.00000']
  '014.9333': ['0.473', '0.998', '0.000', '0.22836', '-0.97358', '0.00000', '0.97358',
    '0.22836', '0.00000', '0.00000', '0.00000', '1.00000']
  '015.0000': ['0.476', '1.010', '0.000', '0.24405', '-0.96976', '0.00000', '0.96976',
    '0.24405', '0.00000', '0.00000', '0.00000', '1.00000']
  '015.0667': ['0.478', '1.021', '0.000', '0.24582', '-0.96931', '0.00000', '0.96931',
    '0.24582', '0.00000', '0.00000', '0.00000', '1.00000']
  '015.1333': ['0.481', '1.032', '0.000', '0.23233', '-0.97264', '0.00000', '0.97264',
    '0.23233', '0.00000', '0.00000', '0.00000', '1.00000']
  '015.2000': ['0.484', '1.043', '0.000', '0.22781', '-0.97371', '0.00000', '0.97371',
    '0.22781', '0.00000', '0.00000', '0.00000', '1.00000']
  '015.2667': ['0.487', '1.055', '0.000', '0.20700', '-0.97834', '0.00000', '0.97834',
    '0.20700', '0.00000', '0.00000', '0.00000', '1.00000']
  '015.3333': ['0.489', '1.066', '0.000', '0.18638', '-0.98248', '0.00000', '0.98248',
    '0.18638', '0.00000', '0.00000', '0.00000', '1.00000']
  '015.4000': ['0.492', '1.077', '0.000', '0.16586', '-0.98615', '0.00000', '0.98615',
    '0.16586', '0.00000', '0.00000', '0.00000', '1.00000']
  '015.4667': ['0.494', '1.089', '0.000', '0.15005', '-0.98868', '0.00000', '0.98868',
    '0.15005', '0.00000', '0.00000', '0.00000', '1.00000']
  '015.5333': ['0.495', '1.100', '0.000', '0.11976', '-0.99280', '0.00000', '0.99280',
    '0.11976', '0.00000', '0.00000', '0.00000', '1.00000']
  '015.6000': ['0.497', '1.112', '0.000', '0.09444', '-0.99553', '0.00000', '0.99553',
    '0.09444', '0.00000', '0.00000', '0.00000', '1.00000']
  '015.6667': ['0.498', '1.123', '0.000', '0.07525', '-0.99716', '0.00000', '0.99716',
    '0.07525', '0.00000', '0.00000', '0.00000', '1.00000']
  '015.7333': ['0.499', '1.135', '0.000', '0.05046', '-0.99873', '0.00000', '0.99873',
    '0.05046', '0.00000', '0.00000', '0.00000', '1.00000']
  '015.8000': ['0.499', '1.147', '0.000', '0.02373', '-0.99972', '0.00000', '0.99972',
    '0.02373', '0.00000', '0.00000', '0.00000', '1.00000']
  '015.8667': ['0.499', '1.158', '0.000', '0.00248', '-1.00000', '0.00000', '1.00000',
    '0.00248', '0.00000', '0.00000', '0.00000', '1.00000']
  '015.9333': ['0.499', '1.170', '0.000', '-0.00790', '-0.99997', '0.00000', '0.99997',
    '-0.00790', '0.00000', '0.00000', '0.00000', '1.00000']
  '016.0000': ['0.499', '1.181', '0.000', '-0.01411', '-0.99990', '0.00000', '0.99990',
    '-0.01411', '0.00000', '0.00000', '0.00000', '1.00000']
  '016.0667': ['0.499', '1.193', '0.000', '-0.02042', '-0.99979', '0.00000', '0.99979',
    '-0.02042', '0.00000', '0.00000', '0.00000', '1.00000']
  '016.1333': ['0.499', '1.205', '0.000', '-0.02316', '-0.99973', '0.00000', '0.99973',
    '-0.02316', '0.00000', '0.00000', '0.00000', '1.00000']
  '016.2000': ['0.499', '1.216', '0.000', '-0.02445', '-0.99970', '0.00000', '0.99970',
    '-0.02445', '0.00000', '0.00000', '0.00000', '1.00000']
  '016.2667': ['0.499', '1.228', '0.000', '-0.02574', '-0.99967', '0.00000', '0.99967',
    '-0.02574', '0.00000', '0.00000', '0.00000', '1.00000']
  '016.3333': ['0.498', '1.239', '0.000', '-0.02703', '-0.99963', '0.00000', '0.99963',
    '-0.02703', '0.00000', '0.00000', '0.00000', '1.00000']
  '016.4000': ['0.498', '1.251', '0.000', '-0.06027', '-0.99818', '0.00000', '0.99818',
    '-0.06027', '0.00000', '0.00000', '0.00000', '1.00000']
  '016.4667': ['0.498', '1.263', '0.000', '-0.11030', '-0.99390', '0.00000', '0.99390',
    '-0.11030', '0.00000', '0.00000', '0.00000', '1.00000']
  '016.5333': ['0.497', '1.274', '0.000', '-0.16404', '-0.98645', '0.00000', '0.98645',
    '-0.16404', '0.00000', '0.00000', '0.00000', '1.00000']
  '016.6000': ['0.496', '1.286', '0.000', '-0.22078', '-0.97532', '0.00000', '0.97532',
    '-0.22078', '0.00000', '0.00000', '0.00000', '1.00000']
  '016.6667': ['0.494', '1.297', '0.000', '-0.27678', '-0.96093', '0.00000', '0.96093',
    '-0.27678', '0.00000', '0.00000', '0.00000', '1.00000']
  '016.7333': ['0.490', '1.308', '0.000', '-0.34109', '-0.94003', '0.00000', '0.94003',
    '-0.34109', '0.00000', '0.00000', '0.00000', '1.00000']
  '016.8000': ['0.487', '1.319', '0.000', '-0.41410', '-0.91023', '0.00000', '0.91023',
    '-0.41410', '0.00000', '0.00000', '0.00000', '1.00000']
  '016.8667': ['0.482', '1.330', '0.000', '-0.48113', '-0.87665', '0.00000', '0.87665',
    '-0.48113', '0.00000', '0.00000', '0.00000', '1.00000']
  '016.9333': ['0.476', '1.340', '0.000', '-0.53489', '-0.84492', '0.00000', '0.84492',
    '-0.53489', '0.00000', '0.00000', '0.00000', '1.00000']
  '017.0000': ['0.470', '1.350', '0.000', '-0.58588', '-0.81040', '0.00000', '0.81040',
    '-0.58588', '0.00000', '0.00000', '0.00000', '1.00000']
  '017.0667': ['0.463', '1.359', '0.000', '-0.64822', '-0.76145', '0.00000', '0.76145',
    '-0.64822', '0.00000', '0.00000', '0.00000', '1.00000']
  '017.1333': ['0.455', '1.368', '0.000', '-0.72261', '-0.69126', '0.00000', '0.69126',
    '-0.72261', '0.00000', '0.00000', '0.00000', '1.00000']
  '017.2000': ['0.447', '1.376', '0.000', '-0.78957', '-0.61366', '0.00000', '0.61366',
    '-0.78957', '0.00000', '0.00000', '0.00000', '1.00000']
  '017.2667': ['0.438', '1.383', '0.000', '-0.84828', '-0.52954', '0.00000', '0.52954',
    '-0.84828', '0.00000', '0.00000', '0.00000', '1.00000']
  '017.3333': ['0.428', '1.389', '0.000', '-0.89813', '-0.43973', '0.00000', '0.43973',
    '-0.89813', '0.00000', '0.00000', '0.00000', '1.00000']
  '017.4000': ['0.418', '1.394', '0.000', '-0.93459', '-0.35572', '0.00000', '0.35572',
    '-0.93459', '0.00000', '0.00000', '0.00000', '1.00000']
  '017.4667': ['0.407', '1.399', '0.000', '-0.96197', '-0.27315', '0.00000', '0.27315',
    '-0.96197', '0.00000', '0.00000', '0.00000', '1.00000']
  '017.5333': ['0.396', '1.402', '0.000', '-0.98152', '-0.19136', '0.00000', '0.19136',
    '-0.98152', '0.00000', '0.00000', '0.00000', '1.00000']
  '017.6000': ['0.385', '1.405', '0.000', '-0.99333', '-0.11530', '0.00000', '0.11530',
    '-0.99333', '0.00000', '0.00000', '0.00000', '1.00000']
  '017.6666': ['0.373', '1.406', '0.000', '-0.99891', '-0.04674', '0.00000', '0.04674',
    '-0.99891', '0.00000', '0.00000', '0.00000', '1.00000']
  '017.7333': ['0.362', '1.407', '0.000', '-0.99976', '-0.02181', '0.00000', '0.02181',
    '-0.99976', '0.00000', '0.00000', '0.00000', '1.00000']
  '017.8000': ['0.350', '1.407', '0.000', '-0.99993', '-0.01187', '0.00000', '0.01187',
    '-0.99993', '0.00000', '0.00000', '0.00000', '1.00000']
  '017.8666': ['0.339', '1.407', '0.000', '-0.99983', '-0.01828', '0.00000', '0.01828',
    '-0.99983', '0.00000', '0.00000', '0.00000', '1.00000']
  '017.9333': ['0.327', '1.407', '0.000', '-0.99956', '-0.02964', '0.00000', '0.02964',
    '-0.99956', '0.00000', '0.00000', '0.00000', '1.00000']
  '018.0000': ['0.315', '1.408', '0.000', '-0.99841', '-0.05639', '0.00000', '0.05639',
    '-0.99841', '0.00000', '0.00000', '0.00000', '1.00000']
  '018.0666': ['0.304', '1.408', '0.000', '-0.99621', '-0.08694', '0.00000', '0.08694',
