begin_time_stamp: 1588330711.1999998
data_header:
  time_stamp: [x, y, z, R11, R12, R13, R21, R22, R23, R31, R32, R33]
trajectory_data:
  '000.0000': ['0.140', '1.160', '0.080', '-0.84866', '0.52894', '0.00010', '-0.52894',
    '-0.84866', '0.00102', '0.00062', '0.00081', '1.00000']
  '000.0667': ['0.140', '1.161', '0.080', '-0.84881', '0.52870', '0.00010', '-0.52870',
    '-0.84881', '0.00101', '0.00062', '0.00080', '1.00000']
  '000.1333': ['0.140', '1.160', '0.080', '-0.84813', '0.52979', '0.00010', '-0.52979',
    '-0.84813', '0.00100', '0.00062', '0.00080', '1.00000']
  '000.2000': ['0.140', '1.161', '0.080', '-0.84870', '0.52888', '0.00010', '-0.52888',
    '-0.84870', '0.00100', '0.00062', '0.00080', '1.00000']
  '000.2667': ['0.140', '1.161', '0.080', '-0.84882', '0.52869', '0.00010', '-0.52869',
    '-0.84882', '0.00100', '0.00062', '0.00080', '1.00000']
  '000.3333': ['0.140', '1.161', '0.080', '-0.84837', '0.52941', '0.00010', '-0.52941',
    '-0.84837', '0.00100', '0.00062', '0.00080', '1.00000']
  '016.4000': ['0.128', '1.136', '0.080', '-0.83231', '0.55431', '-0.00084', '-0.55431',
    '-0.83231', '0.00070', '-0.00031', '0.00104', '1.00000']
  '016.4667': ['0.127', '1.136', '0.080', '-0.83109', '0.55614', '-0.00083', '-0.55614',
    '-0.83109', '0.00069', '-0.00030', '0.00104', '1.00000']
  '016.5333': ['0.126', '1.135', '0.080', '-0.83198', '0.55481', '-0.00082', '-0.55481',
    '-0.83198', '0.00070', '-0.00030', '0.00104', '1.00000']
  '016.6000': ['0.129', '1.136', '0.080', '-0.83175', '0.55515', '-0.00085', '-0.55515',
    '-0.83175', '0.00070', '-0.00032', '0.00105', '1.00000']
  '016.6667': ['0.127', '1.136', '0.080', '-0.83221', '0.55445', '-0.00083', '-0.55445',
    '-0.83221', '0.00070', '-0.00031', '0.00104', '1.00000']
  '016.7333': ['0.129', '1.136', '0.080', '-0.83275', '0.55365', '-0.00084', '-0.55365',
    '-0.83275', '0.00069', '-0.00031', '0.00104', '1.00000']
  '016.8000': ['0.126', '1.135', '0.080', '-0.83138', '0.55570', '-0.00083', '-0.55570',
    '-0.83138', '0.00069', '-0.00030', '0.00103', '1.00000']
  '016.8667': ['0.126', '1.135', '0.080', '-0.82961', '0.55834', '-0.00083', '-0.55834',
    '-0.82961', '0.00070', '-0.00030', '0.00104', '1.00000']
  '016.9333': ['0.128', '1.136', '0.080', '-0.83172', '0.55520', '-0.00083', '-0.55520',
    '-0.83172', '0.00070', '-0.00030', '0.00104', '1.00000']
  '017.0000': ['0.128', '1.136', '0.080', '-0.83226', '0.55439', '-0.00084', '-0.55439',
    '-0.83226', '0.00070', '-0.00031', '0.00104', '1.00000']
  '017.0667': ['0.128', '1.136', '0.080', '-0.83181', '0.55506', '-0.00084', '-0.55506',
    '-0.83181', '0.00069', '-0.00031', '0.00104', '1.00000']
  '017.1333': ['0.127', '1.136', '0.080', '-0.83120', '0.55597', '-0.00083', '-0.55597',
    '-0.83120', '0.00069', '-0.00030', '0.00103', '1.00000']
  '017.2000': ['0.125', '1.136', '0.080', '-0.83086', '0.55648', '-0.00081', '-0.55648',
    '-0.83086', '0.00069', '-0.00029', '0.00103', '1.00000']
  '017.2667': ['0.127', '1.135', '0.080', '-0.83189', '0.55493', '-0.00083', '-0.55493',
    '-0.83189', '0.00070', '-0.00030', '0.00104', '1.00000']
  '017.3333': ['0.127', '1.136', '0.080', '-0.83267', '0.55377', '-0.00083', '-0.55377',
    '-0.83267', '0.00069', '-0.00031', '0.00104', '1.00000']
  '017.4000': ['0.125', '1.136', '0.080', '-0.83178', '0.55511', '-0.00083', '-0.55511',
    '-0.83178', '0.00068', '-0.00031', '0.00103', '1.00000']
  '017.4667': ['0.126', '1.135', '0.080', '-0.83005', '0.55769', '-0.00082', '-0.55769',
    '-0.83005', '0.00070', '-0.00029', '0.00103', '1.00000']
  '017.5333': ['0.127', '1.136', '0.080', '-0.83141', '0.55566', '-0.00083', '-0.55566',
    '-0.83141', '0.00069', '-0.00031', '0.00104', '1.00000']
  '017.6000': ['0.126', '1.136', '0.080', '-0.83171', '0.55520', '-0.00082', '-0.55520',
    '-0.83171', '0.00069', '-0.00030', '0.00103', '1.00000']
  '017.6666': ['0.127', '1.136', '0.080', '-0.83169', '0.55524', '-0.00083', '-0.55524',
    '-0.83169', '0.00070', '-0.00031', '0.00104', '1.00000']
  '017.7333': ['0.127', '1.136', '0.080', '-0.83164', '0.55531', '-0.00083', '-0.55531',
    '-0.83164', '0.00070', '-0.00031', '0.00104', '1.00000']
  '017.8000': ['0.127', '1.135', '0.080', '-0.83127', '0.55586', '-0.00083', '-0.55587',
    '-0.83127', '0.00070', '-0.00030', '0.00104', '1.00000']
  '017.8666': ['0.126', '1.136', '0.080', '-0.83302', '0.55325', '-0.00083', '-0.55325',
    '-0.83302', '0.00069', '-0.00031', '0.00103', '1.00000']
  '017.9333': ['0.127', '1.136', '0.080', '-0.83271', '0.55371', '-0.00083', '-0.55371',
    '-0.83271', '0.00069', '-0.00031', '0.00103', '1.00000']
  '018.0000': ['0.128', '1.135', '0.080', '-0.83120', '0.55597', '-0.00083', '-0.55597',
    '-0.83120', '0.00070', '-0.00030', '0.00104', '1.00000']
  '018.0666': ['0.126', '1.136', '0.080', '-0.83079', '0.55659', '-0.00082', '-0.55659',
    '-0.83079', '0.00069', '-0.00030', '0.00104', '1.00000']
  '018.1333': ['0.127', '1.136', '0.080', '-0.83176', '0.55514', '-0.00083', '-0.55514',
    '-0.83176', '0.00069', '-0.00030', '0.00104', '1.00000']
  '018.2000': ['0.128', '1.136', '0.080', '-0.83260', '0.55387', '-0.00083', '-0.55387',
    '-0.83260', '0.00069', '-0.00031', '0.00103', '1.00000']
  '018.2666': ['0.129', '1.136', '0.080', '-0.83207', '0.55467', '-0.00084', '-0.55467',
    '-0.83207', '0.00069', '-0.00031', '0.00104', '1.00000']
  '018.3333': ['0.127', '1.136', '0.080', '-0.83191', '0.55492', '-0.00083', '-0.55492',
    '-0.83190', '0.00069', '-0.00030', '0.00104', '1.00000']
  '018.4000': ['0.127', '1.136', '0.080', '-0.83275', '0.55364', '-0.00083', '-0.55364',
    '-0.83275', '0.00069', '-0.00031', '0.00103', '1.00000']
  '018.4666': ['0.127', '1.136', '0.080', '-0.83266', '0.55379', '-0.00083', '-0.55379',
    '-0.83266', '0.00069', '-0.00031', '0.00104', '1.00000']
  '018.5333': ['0.127', '1.136', '0.080', '-0.83162', '0.55535', '-0.00083', '-0.55535',
    '-0.83162', '0.00069', '-0.00030', '0.00104', '1.00000']
  '018.6000': ['0.126', '1.136', '0.080', '-0.83291', '0.55341', '-0.00082', '-0.55341',
    '-0.83291', '0.00069', '-0.00030', '0.00103', '1.00000']
  '018.6666': ['0.128', '1.135', '0.080', '-0.83139', '0.55568', '-0.00084', '-0.55568',
    '-0.83139', '0.00070', '-0.00031', '0.00105', '1.00000']
  '018.7333': ['0.127', '1.136', '0.080', '-0.83019', '0.55748', '-0.00083', '-0.55748',
    '-0.83019', '0.00069', '-0.00030', '0.00104', '1.00000']
  '018.8000': ['0.128', '1.136', '0.080', '-0.83089', '0.55643', '-0.00084', '-0.55643',
    '-0.83089', '0.00070', '-0.00031', '0.00105', '1.00000']
  '018.8666': ['0.128', '1.136', '0.080', '-0.83296', '0.55333', '-0.00084', '-0.55333',
    '-0.83296', '0.00070', '-0.00031', '0.00104', '1.00000']
  '018.9333': ['0.126', '1.136', '0.080', '-0.83212', '0.55460', '-0.00082', '-0.55460',
    '-0.83212', '0.00069', '-0.00030', '0.00103', '1.00000']
  '019.0000': ['0.126', '1.136', '0.080', '-0.83084', '0.55651', '-0.00083', '-0.55651',
    '-0.83084', '0.00069', '-0.00030', '0.00104', '1.00000']
  '019.0666': ['0.127', '1.136', '0.080', '-0.83209', '0.55465', '-0.00082', '-0.55465',
    '-0.83209', '0.00069', '-0.00030', '0.00103', '1.00000']
  '019.1333': ['0.128', '1.136', '0.080', '-0.83301', '0.55326', '-0.00084', '-0.55326',
    '-0.83301', '0.00069', '-0.00032', '0.00104', '1.00000']
  '019.2000': ['0.126', '1.135', '0.080', '-0.83020', '0.55747', '-0.00082', '-0.55747',
    '-0.83020', '0.00070', '-0.00029', '0.00104', '1.00000']
  '019.2666': ['0.127', '1.136', '0.080', '-0.83125', '0.55590', '-0.00083', '-0.55590',
    '-0.83125', '0.00070', '-0.00030', '0.00104', '1.00000']
  '019.3333': ['0.127', '1.136', '0.080', '-0.83212', '0.55459', '-0.00083', '-0.55459',
    '-0.83212', '0.00069', '-0.00030', '0.00103', '1.00000']
  '019.4000': ['0.128', '1.136', '0.080', '-0.83278', '0.55360', '-0.00084', '-0.55360',
    '-0.83278', '0.00070', '-0.00031', '0.00104', '1.00000']
  '019.4666': ['0.127', '1.135', '0.080', '-0.83272', '0.55370', '-0.00083', '-0.55370',
    '-0.83272', '0.00069', '-0.00031', '0.00104', '1.00000']
  '019.5333': ['0.127', '1.136', '0.080', '-0.83295', '0.55334', '-0.00083', '-0.55334',
    '-0.83295', '0.00069', '-0.00031', '0.00104', '1.00000']
  '019.6000': ['0.124', '1.136', '0.080', '-0.83166', '0.55529', '-0.00082', '-0.55529',
    '-0.83166', '0.00069', '-0.00030', '0.00103', '1.00000']
  '019.6666': ['0.127', '1.136', '0.080', '-0.83306', '0.55318', '-0.00083', '-0.55318',
    '-0.83306', '0.00069', '-0.00031', '0.00103', '1.00000']
  '019.7333': ['0.127', '1.135', '0.080', '-0.83177', '0.55511', '-0.00083', '-0.55511',
    '-0.83177', '0.00070', '-0.00030', '0.00104', '1.00000']
  '019.8000': ['0.126', '1.136', '0.080', '-0.83116', '0.55603', '-0.00083', '-0.55603',
    '-0.83116', '0.00070', '-0.00030', '0.00104', '1.00000']
  '019.8666': ['0.128', '1.135', '0.080', '-0.83154', '0.55547', '-0.00083', '-0.55547',
    '-0.83154', '0.00070', '-0.00030', '0.00105', '1.00000']
  '019.9333': ['0.126', '1.136', '0.080', '-0.83247', '0.55407', '-0.00082', '-0.55407',
    '-0.83247', '0.00069', '-0.00030', '0.00103', '1.00000']
  '020.0000': ['0.127', '1.136', '0.080', '-0.83111', '0.55610', '-0.00083', '-0.55611',
    '-0.83111', '0.00069', '-0.00031', '0.00104', '1.00000']
  '020.0666': ['0.127', '1.136', '0.080', '-0.83350', '0.55252', '-0.00084', '-0.55252',
    '-0.83350', '0.00068', '-0.00032', '0.00103', '1.00000']
  '020.1333': ['0.127', '1.136', '0.080', '-0.83166', '0.55528', '-0.00083', '-0.55528',
    '-0.83166', '0.00069', '-0.00030', '0.00104', '1.00000']
  '020.2000': ['0.127', '1.136', '0.080', '-0.83221', '0.55446', '-0.00083', '-0.55446',
    '-0.83221', '0.00069', '-0.00031', '0.00104', '1.00000']
  '020.2666': ['0.126', '1.136', '0.080', '-0.83182', '0.55505', '-0.00082', '-0.55505',
    '-0.83182', '0.00069', '-0.00030', '0.00103', '1.00000']
  '020.3333': ['0.127', '1.135', '0.080', '-0.83129', '0.55584', '-0.00083', '-0.55584',
    '-0.83129', '0.00070', '-0.00030', '0.00104', '1.00000']
  '020.4000': ['0.128', '1.136', '0.080', '-0.83243', '0.55413', '-0.00084', '-0.55413',
    '-0.83243', '0.00069', '-0.00031', '0.00104', '1.00000']
  '020.4666': ['0.126', '1.136', '0.080', '-0.83200', '0.55477', '-0.00082', '-0.55477',
    '-0.83200', '0.00069', '-0.00030', '0.00103', '1.00000']
  '020.5333': ['0.124', '1.135', '0.080', '-0.83220', '0.55447', '-0.00082', '-0.55447',
    '-0.83220', '0.00069', '-0.00030', '0.00103', '1.00000']
  '020.6000': ['0.126', '1.136', '0.080', '-0.83234', '0.55426', '-0.00082', '-0.55426',
    '-0.83234', '0.00069', '-0.00030', '0.00103', '1.00000']
  '020.6666': ['0.125', '1.136', '0.080', '-0.83213', '0.55457', '-0.00082', '-0.55457',
    '-0.83213', '0.00069', '-0.00030', '0.00103', '1.00000']
  '020.7333': ['0.126', '1.135', '0.080', '-0.82881', '0.55953', '-0.00082', '-0.55953',
    '-0.82881', '0.00070', '-0.00029', '0.00104', '1.00000']
  '020.8000': ['0.127', '1.136', '0.080', '-0.83203', '0.55473', '-0.00083', '-0.55474',
    '-0.83203', '0.00069', '-0.00031', '0.00103', '1.00000']
  '020.8666': ['0.126', '1.136', '0.080', '-0.83241', '0.55416', '-0.00082', '-0.55416',
    '-0.83241', '0.00069', '-0.00030', '0.00103', '1.00000']
  '020.9333': ['0.126', '1.135', '0.080', '-0.83032', '0.55729', '-0.00083', '-0.55729',
    '-0.83032', '0.00070', '-0.00030', '0.00104', '1.00000']
  '021.0000': ['0.126', '1.135', '0.080', '-0.83137', '0.55572', '-0.00082', '-0.55572',
    '-0.83137', '0.00070', '-0.00030', '0.00103', '1.00000']
  '021.0666': ['0.126', '1.136', '0.080', '-0.83201', '0.55476', '-0.00082', '-0.55476',
    '-0.83201', '0.00069', '-0.00030', '0.00103', '1.00000']
  '021.1333': ['0.127', '1.136', '0.080', '-0.83172', '0.55519', '-0.00083', '-0.55519',
    '-0.83172', '0.00069', '-0.00031', '0.00104', '1.00000']
  '021.2000': ['0.127', '1.135', '0.080', '-0.83119', '0.55599', '-0.00083', '-0.55600',
    '-0.83119', '0.00069', '-0.00030', '0.00104', '1.00000']
  '021.2666': ['0.127', '1.135', '0.080', '-0.83142', '0.55565', '-0.00083', '-0.55565',
    '-0.83142', '0.00070', '-0.00030', '0.00104', '1.00000']
  '021.3333': ['0.127', '1.135', '0.080', '-0.83119', '0.55598', '-0.00083', '-0.55598',
    '-0.83119', '0.00070', '-0.00030', '0.00104', '1.00000']
  '021.4000': ['0.128', '1.135', '0.080', '-0.83201', '0.55477', '-0.00083', '-0.55477',
    '-0.83201', '0.00070', '-0.00030', '0.00104', '1.00000']
  '021.4666': ['0.127', '1.135', '0.080', '-0.83082', '0.55654', '-0.00083', '-0.55654',
    '-0.83082', '0.00070', '-0.00030', '0.00104', '1.00000']
  '021.5333': ['0.129', '1.135', '0.080', '-0.83160', '0.55537', '-0.00083', '-0.55537',
    '-0.83160', '0.00070', '-0.00030', '0.00104', '1.00000']
  '021.6000': ['0.126', '1.135', '0.080', '-0.83095', '0.55635', '-0.00082', '-0.55635',
    '-0.83095', '0.00069', '-0.00030', '0.00103', '1.00000']
  '021.6666': ['0.127', '1.135', '0.080', '-0.83098', '0.55630', '-0.00083', '-0.55630',
    '-0.83098', '0.00070', '-0.00030', '0.00104', '1.00000']
  '021.7333': ['0.127', '1.135', '0.080', '-0.83149', '0.55554', '-0.00083', '-0.55554',
    '-0.83149', '0.00070', '-0.00030', '0.00104', '1.00000']
  '021.8000': ['0.128', '1.135', '0.080', '-0.83210', '0.55463', '-0.00082', '-0.55463',
    '-0.83210', '0.00070', '-0.00030', '0.00104', '1.00000']
  '021.8666': ['0.128', '1.135', '0.080', '-0.83059', '0.55689', '-0.00083', '-0.55689',
    '-0.83059', '0.00070', '-0.00030', '0.00105', '1.00000']
  '021.9333': ['0.127', '1.136', '0.080', '-0.83177', '0.55512', '-0.00083', '-0.55513',
    '-0.83177', '0.00070', '-0.00030', '0.00104', '1.00000']
  '022.0000': ['0.126', '1.136', '0.080', '-0.83153', '0.55548', '-0.00082', '-0.55548',
    '-0.83153', '0.00069', '-0.00030', '0.00103', '1.00000']
  '022.0666': ['0.128', '1.135', '0.080', '-0.83143', '0.55563', '-0.00083', '-0.55563',
    '-0.83143', '0.00070', '-0.00030', '0.00104', '1.00000']
  '022.1333': ['0.128', '1.136', '0.080', '-0.83086', '0.55648', '-0.00084', '-0.55648',
    '-0.83086', '0.00070', '-0.00031', '0.00105', '1.00000']
  '022.2000': ['0.127', '1.136', '0.080', '-0.83173', '0.55518', '-0.00083', '-0.55518',
    '-0.83173', '0.00069', '-0.00031', '0.00103', '1.00000']
  '022.2666': ['0.126', '1.135', '0.080', '-0.83075', '0.55665', '-0.00082', '-0.55665',
    '-0.83075', '0.00070', '-0.00029', '0.00104', '1.00000']
  '022.3333': ['0.129', '1.135', '0.080', '-0.83083', '0.55652', '-0.00084', '-0.55652',
    '-0.83083', '0.00070', '-0.00031', '0.00105', '1.00000']
  '022.4000': ['0.126', '1.136', '0.080', '-0.83258', '0.55390', '-0.00082', '-0.55390',
    '-0.83258', '0.00069', '-0.00030', '0.00103', '1.00000']
  '022.4666': ['0.126', '1.136', '0.080', '-0.83092', '0.55640', '-0.00083', '-0.55640',
    '-0.83092', '0.00069', '-0.00030', '0.00104', '1.00000']
  '022.5333': ['0.126', '1.136', '0.080', '-0.83146', '0.55559', '-0.00083', '-0.55559',
    '-0.83146', '0.00069', '-0.00030', '0.00104', '1.00000']
  '022.6000': ['0.127', '1.136', '0.080', '-0.83173', '0.55518', '-0.00083', '-0.55518',
    '-0.83173', '0.00069', '-0.00030', '0.00103', '1.00000']
  '038.8000': ['0.128', '1.136', '0.080', '-0.83268', '0.55376', '-0.00084', '-0.55376',
    '-0.83268', '0.00069', '-0.00031', '0.00104', '1.00000']
  '038.8666': ['0.127', '1.136', '0.080', '-0.83148', '0.55555', '-0.00083', '-0.55555',
    '-0.83148', '0.00069', '-0.00030', '0.00104', '1.00000']
  '038.9333': ['0.128', '1.136', '0.080', '-0.83219', '0.55449', '-0.00084', '-0.55449',
    '-0.83219', '0.00070', '-0.00031', '0.00104', '1.00000']
  '039.0000': ['0.127', '1.136', '0.080', '-0.83203', '0.55473', '-0.00083', '-0.55473',
    '-0.83203', '0.00070', '-0.00030', '0.00104', '1.00000']
  '039.0666': ['0.126', '1.135', '0.080', '-0.83178', '0.55510', '-0.00082', '-0.55510',
    '-0.83178', '0.00070', '-0.00030', '0.00104', '1.00000']
  '039.1333': ['0.127', '1.136', '0.080', '-0.83257', '0.55392', '-0.00084', '-0.55393',
    '-0.83257', '0.00069', '-0.00032', '0.00103', '1.00000']
  '039.2000': ['0.129', '1.136', '0.080', '-0.83160', '0.55537', '-0.00084', '-0.55537',
    '-0.83160', '0.00070', '-0.00031', '0.00105', '1.00000']
  '039.2666': ['0.128', '1.135', '0.080', '-0.83167', '0.55527', '-0.00084', '-0.55527',
    '-0.83167', '0.00070', '-0.00031', '0.00105', '1.00000']
  '039.3333': ['0.128', '1.135', '0.080', '-0.83200', '0.55478', '-0.00084', '-0.55478',
    '-0.83200', '0.00070', '-0.00031', '0.00105', '1.00000']
  '039.4000': ['0.127', '1.136', '0.080', '-0.83191', '0.55491', '-0.00083', '-0.55491',
    '-0.83191', '0.00069', '-0.00031', '0.00104', '1.00000']
  '039.4666': ['0.127', '1.136', '0.080', '-0.83256', '0.55394', '-0.00083', '-0.55394',
    '-0.83256', '0.00069', '-0.00031', '0.00104', '1.00000']
  '039.5333': ['0.128', '1.135', '0.080', '-0.83180', '0.55507', '-0.00083', '-0.55507',
    '-0.83180', '0.00070', '-0.00030', '0.00104', '1.00000']
  '039.6000': ['0.125', '1.136', '0.080', '-0.83185', '0.55499', '-0.00082', '-0.55499',
    '-0.83185', '0.00069', '-0.00030', '0.00103', '1.00000']
  '039.6666': ['0.125', '1.135', '0.080', '-0.83193', '0.55488', '-0.00082', '-0.55488',
    '-0.83193', '0.00070', '-0.00029', '0.00104', '1.00000']
  '039.7333': ['0.127', '1.136', '0.080', '-0.83307', '0.55316', '-0.00083', '-0.55316',
    '-0.83307', '0.00070', '-0.00031', '0.00104', '1.00000']
  '039.8000': ['0.125', '1.135', '0.080', '-0.83045', '0.55710', '-0.00082', '-0.55710',
    '-0.83045', '0.00069', '-0.00029', '0.00103', '1.00000']
  '039.8666': ['0.127', '1.135', '0.080', '-0.83157', '0.55542', '-0.00083', '-0.55542',
    '-0.83157', '0.00069', '-0.00030', '0.00104', '1.00000']
  '039.9333': ['0.126', '1.136', '0.080', '-0.83150', '0.55552', '-0.00082', '-0.55552',
    '-0.83150', '0.00069', '-0.00030', '0.00103', '1.00000']
  '040.0000': ['0.128', '1.136', '0.080', '-0.83143', '0.55562', '-0.00083', '-0.55562',
    '-0.83143', '0.00070', '-0.00031', '0.00104', '1.00000']
  '040.0666': ['0.128', '1.136', '0.080', '-0.83254', '0.55397', '-0.00083', '-0.55397',
    '-0.83254', '0.00070', '-0.00031', '0.00104', '1.00000']
  '040.1333': ['0.127', '1.136', '0.080', '-0.83299', '0.55329', '-0.00083', '-0.55329',
    '-0.83299', '0.00069', '-0.00031', '0.00104', '1.00000']
  '040.2000': ['0.127', '1.136', '0.080', '-0.83114', '0.55606', '-0.00083', '-0.55607',
    '-0.83114', '0.00069', '-0.00030', '0.00104', '1.00000']
  '040.2666': ['0.129', '1.136', '0.080', '-0.83166', '0.55529', '-0.00084', '-0.55529',
    '-0.83166', '0.00069', '-0.00032', '0.00104', '1.00000']
  '040.3333': ['0.129', '1.136', '0.080', '-0.83175', '0.55515', '-0.00084', '-0.55515',
    '-0.83175', '0.00070', '-0.00031', '0.00104', '1.00000']
  '040.4000': ['0.129', '1.135', '0.080', '-0.83154', '0.55547', '-0.00083', '-0.55547',
    '-0.83154', '0.00070', '-0.00030', '0.00105', '1.00000']
  '040.4666': ['0.126', '1.136', '0.080', '-0.83248', '0.55405', '-0.00082', '-0.55405',
    '-0.83248', '0.00069', '-0.00030', '0.00103', '1.00000']
  '040.5333': ['0.128', '1.136', '0.080', '-0.83281', '0.55356', '-0.00084', '-0.55356',
    '-0.83281', '0.00070', '-0.00031', '0.00104', '1.00000']
  '040.6000': ['0.128', '1.136', '0.080', '-0.83206', '0.55469', '-0.00083', '-0.55469',
    '-0.83206', '0.00069', '-0.00031', '0.00104', '1.00000']
  '040.6666': ['0.128', '1.136', '0.080', '-0.83149', '0.55554', '-0.00083', '-0.55554',
    '-0.83149', '0.00069', '-0.00031', '0.00104', '1.00000']
  '040.7333': ['0.126', '1.135', '0.080', '-0.83140', '0.55567', '-0.00083', '-0.55567',
    '-0.83140', '0.00070', '-0.00030', '0.00104', '1.00000']
  '040.8000': ['0.128', '1.135', '0.080', '-0.83038', '0.55720', '-0.00083', '-0.55720',
    '-0.83038', '0.00070', '-0.00030', '0.00105', '1.00000']
  '040.8666': ['0.126', '1.135', '0.080', '-0.83035', '0.55724', '-0.00082', '-0.55724',
    '-0.83035', '0.00070', '-0.00030', '0.00104', '1.00000']
  '040.9333': ['0.126', '1.136', '0.080', '-0.83128', '0.55586', '-0.00083', '-0.55586',
    '-0.83128', '0.00069', '-0.00031', '0.00104', '1.00000']
  '041.0000': ['0.126', '1.136', '0.080', '-0.83280', '0.55358', '-0.00082', '-0.55358',
    '-0.83280', '0.00069', '-0.00030', '0.00103', '1.00000']
  '041.0666': ['0.127', '1.136', '0.080', '-0.83232', '0.55429', '-0.00083', '-0.55429',
    '-0.83232', '0.00069', '-0.00031', '0.00104', '1.00000']
  '041.1333': ['0.128', '1.136', '0.080', '-0.83219', '0.55448', '-0.00083', '-0.55448',
    '-0.83219', '0.00069', '-0.00031', '0.00103', '1.00000']
  '041.2000': ['0.128', '1.136', '0.080', '-0.83211', '0.55461', '-0.00084', '-0.55461',
    '-0.83211', '0.00069', '-0.00031', '0.00104', '1.00000']
  '041.2666': ['0.128', '1.135', '0.080', '-0.83029', '0.55733', '-0.00083', '-0.55733',
    '-0.83029', '0.00070', '-0.00030', '0.00105', '1.00000']
  '041.3333': ['0.125', '1.136', '0.080', '-0.83261', '0.55385', '-0.00082', '-0.55385',
    '-0.83261', '0.00069', '-0.00030', '0.00103', '1.00000']
  '041.4000': ['0.128', '1.135', '0.080', '-0.83117', '0.55602', '-0.00083', '-0.55602',
    '-0.83117', '0.00070', '-0.00031', '0.00104', '1.00000']
  '041.4666': ['0.128', '1.136', '0.080', '-0.83253', '0.55398', '-0.00084', '-0.55398',
    '-0.83253', '0.00070', '-0.00031', '0.00104', '1.00000']
  '041.5333': ['0.127', '1.136', '0.080', '-0.83255', '0.55395', '-0.00083', '-0.55395',
    '-0.83255', '0.00069', '-0.00031', '0.00104', '1.00000']
  '041.6000': ['0.127', '1.136', '0.080', '-0.83213', '0.55458', '-0.00083', '-0.55458',
    '-0.83213', '0.00069', '-0.00031', '0.00104', '1.00000']
  '041.6666': ['0.128', '1.136', '0.080', '-0.83180', '0.55508', '-0.00084', '-0.55508',
    '-0.83179', '0.00070', '-0.00031', '0.00104', '1.00000']
  '041.7333': ['0.126', '1.135', '0.080', '-0.83168', '0.55525', '-0.00083', '-0.55525',
    '-0.83168', '0.00070', '-0.00030', '0.00104', '1.00000']
  '041.8000': ['0.126', '1.136', '0.080', '-0.83168', '0.55526', '-0.00082', '-0.55526',
    '-0.83168', '0.00069', '-0.00030', '0.00103', '1.00000']
  '041.8666': ['0.126', '1.136', '0.080', '-0.83105', '0.55620', '-0.00082', '-0.55620',
    '-0.83105', '0.00069', '-0.00030', '0.00104', '1.00000']
  '041.9333': ['0.126', '1.136', '0.080', '-0.83164', '0.55532', '-0.00082', '-0.55532',
    '-0.83164', '0.00069', '-0.00030', '0.00103', '1.00000']
  '042.0000': ['0.127', '1.136', '0.080', '-0.83145', '0.55559', '-0.00083', '-0.55559',
    '-0.83145', '0.00069', '-0.00031', '0.00104', '1.00000']
  '042.0666': ['0.126', '1.136', '0.080', '-0.83181', '0.55506', '-0.00083', '-0.55506',
    '-0.83181', '0.00069', '-0.00030', '0.00104', '1.00000']
  '042.1333': ['0.126', '1.135', '0.080', '-0.83052', '0.55698', '-0.00083', '-0.55698',
    '-0.83052', '0.00070', '-0.00030', '0.00104', '1.00000']
  '042.2000': ['0.128', '1.136', '0.080', '-0.83238', '0.55420', '-0.00083', '-0.55420',
    '-0.83238', '0.00069', '-0.00031', '0.00104', '1.00000']
  '042.2666': ['0.126', '1.136', '0.080', '-0.83047', '0.55706', '-0.00083', '-0.55706',
    '-0.83047', '0.00069', '-0.00030', '0.00103', '1.00000']
  '042.3333': ['0.127', '1.136', '0.080', '-0.83255', '0.55396', '-0.00083', '-0.55396',
    '-0.83255', '0.00070', '-0.00031', '0.00104', '1.00000']
  '042.4000': ['0.127', '1.136', '0.080', '-0.83274', '0.55366', '-0.00083', '-0.55366',
    '-0.83274', '0.00069', '-0.00031', '0.00104', '1.00000']
  '042.4666': ['0.127', '1.136', '0.080', '-0.83261', '0.55386', '-0.00083', '-0.55386',
    '-0.83261', '0.00069', '-0.00031', '0.00103', '1.00000']
  '042.5333': ['0.127', '1.136', '0.080', '-0.83129', '0.55583', '-0.00083', '-0.55583',
    '-0.83129', '0.00070', '-0.00030', '0.00104', '1.00000']
  '052.0666': ['0.133', '1.136', '0.080', '-0.83187', '0.55497', '-0.00083', '-0.55497',
    '-0.83187', '0.00069', '-0.00031', '0.00103', '1.00000']
  '052.1333': ['0.132', '1.136', '0.080', '-0.83453', '0.55096', '-0.00084', '-0.55096',
    '-0.83453', '0.00068', '-0.00032', '0.00103', '1.00000']
  '052.2000': ['0.130', '1.136', '0.080', '-0.83207', '0.55468', '-0.00084', '-0.55468',
    '-0.83207', '0.00069', '-0.00031', '0.00104', '1.00000']
  '052.2666': ['0.127', '1.136', '0.080', '-0.83179', '0.55510', '-0.00083', '-0.55510',
    '-0.83179', '0.00070', '-0.00030', '0.00104', '1.00000']
  '052.3333': ['0.128', '1.136', '0.080', '-0.83211', '0.55461', '-0.00083', '-0.55461',
    '-0.83211', '0.00070', '-0.00030', '0.00104', '1.00000']
  '052.4000': ['0.129', '1.136', '0.080', '-0.83252', '0.55399', '-0.00084', '-0.55399',
    '-0.83252', '0.00069', '-0.00031', '0.00104', '1.00000']
  '052.4666': ['0.125', '1.136', '0.080', '-0.83142', '0.55564', '-0.00082', '-0.55564',
    '-0.83142', '0.00069', '-0.00030', '0.00103', '1.00000']
  '052.5333': ['0.128', '1.136', '0.080', '-0.83176', '0.55514', '-0.00083', '-0.55514',
    '-0.83176', '0.00069', '-0.00031', '0.00104', '1.00000']
  '052.5999': ['0.128', '1.136', '0.080', '-0.83124', '0.55591', '-0.00083', '-0.55591',
    '-0.83124', '0.00070', '-0.00030', '0.00104', '1.00000']
  '052.6666': ['0.126', '1.136', '0.080', '-0.83237', '0.55422', '-0.00083', '-0.55422',
    '-0.83237', '0.00069', '-0.00030', '0.00104', '1.00000']
  '052.7333': ['0.128', '1.136', '0.080', '-0.83225', '0.55440', '-0.00084', '-0.55440',
    '-0.83225', '0.00069', '-0.00031', '0.00104', '1.00000']
  '052.7999': ['0.126', '1.136', '0.080', '-0.83166', '0.55529', '-0.00082', '-0.55529',
    '-0.83166', '0.00070', '-0.00030', '0.00104', '1.00000']
  '052.8666': ['0.128', '1.136', '0.080', '-0.83110', '0.55613', '-0.00084', '-0.55613',
    '-0.83110', '0.00070', '-0.00031', '0.00105', '1.00000']
  '052.9333': ['0.127', '1.135', '0.080', '-0.83093', '0.55637', '-0.00082', '-0.55637',
    '-0.83093', '0.00070', '-0.00029', '0.00104', '1.00000']
  '052.9999': ['0.128', '1.136', '0.080', '-0.83214', '0.55456', '-0.00083', '-0.55456',
    '-0.83214', '0.00070', '-0.00031', '0.00104', '1.00000']
  '053.0666': ['0.126', '1.135', '0.080', '-0.83114', '0.55606', '-0.00083', '-0.55606',
    '-0.83114', '0.00070', '-0.00030', '0.00104', '1.00000']
