begin_time_stamp: 1588330543.8
data_header:
  time_stamp: [x, y, z, R11, R12, R13, R21, R22, R23, R31, R32, R33]
trajectory_data:
  '000.0000': ['0.631', '0.089', '0.080', '0.99904', '-0.04382', '0.00075', '0.04382',
    '0.99904', '0.00045', '-0.00077', '-0.00042', '1.00000']
  '000.0667': ['0.642', '0.090', '0.080', '0.99903', '-0.04404', '0.00074', '0.04404',
    '0.99903', '0.00039', '-0.00075', '-0.00036', '1.00000']
  '000.1333': ['0.653', '0.091', '0.080', '0.99866', '-0.05167', '0.00072', '0.05167',
    '0.99866', '0.00033', '-0.00074', '-0.00029', '1.00000']
  '000.2000': ['0.663', '0.093', '0.080', '0.99832', '-0.05791', '0.00072', '0.05791',
    '0.99832', '0.00025', '-0.00073', '-0.00021', '1.00000']
  '000.2667': ['0.674', '0.095', '0.080', '0.99790', '-0.06474', '0.00072', '0.06474',
    '0.99790', '0.00020', '-0.00073', '-0.00016', '1.00000']
  '000.3333': ['0.686', '0.096', '0.080', '0.99768', '-0.06803', '0.00070', '0.06803',
    '0.99768', '0.00014', '-0.00071', '-0.00009', '1.00000']
  '000.4000': ['0.698', '0.097', '0.080', '0.99732', '-0.07321', '0.00070', '0.07321',
    '0.99732', '0.00009', '-0.00071', '-0.00004', '1.00000']
  '000.4667': ['0.709', '0.099', '0.080', '0.99696', '-0.07796', '0.00069', '0.07796',
    '0.99696', '0.00002', '-0.00069', '0.00003', '1.00000']
  '000.5333': ['0.720', '0.101', '0.080', '0.99651', '-0.08341', '0.00069', '0.08341',
    '0.99652', '-0.00005', '-0.00068', '0.00011', '1.00000']
  '000.6000': ['0.732', '0.103', '0.080', '0.99651', '-0.08349', '0.00067', '0.08349',
    '0.99651', '-0.00014', '-0.00065', '0.00019', '1.00000']
  '000.6667': ['0.744', '0.105', '0.080', '0.99636', '-0.08528', '0.00066', '0.08528',
    '0.99636', '-0.00025', '-0.00064', '0.00030', '1.00000']
  '000.7333': ['0.757', '0.106', '0.080', '0.99636', '-0.08521', '0.00068', '0.08521',
    '0.99636', '-0.00026', '-0.00066', '0.00032', '1.00000']
  '000.8000': ['0.769', '0.107', '0.080', '0.99656', '-0.08290', '0.00071', '0.08290',
    '0.99656', '-0.00034', '-0.00068', '0.00039', '1.00000']
  '000.8667': ['0.782', '0.108', '0.080', '0.99682', '-0.07972', '0.00072', '0.07972',
    '0.99682', '-0.00039', '-0.00069', '0.00044', '1.00000']
  '000.9333': ['0.795', '0.109', '0.080', '0.99704', '-0.07686', '0.00073', '0.07686',
    '0.99704', '-0.00041', '-0.00069', '0.00046', '1.00000']
  '001.0000': ['0.808', '0.109', '0.080', '0.99756', '-0.06977', '0.00075', '0.06977',
    '0.99756', '-0.00042', '-0.00072', '0.00047', '1.00000']
  '001.0667': ['0.819', '0.110', '0.080', '0.99818', '-0.06038', '0.00080', '0.06038',
    '0.99818', '-0.00050', '-0.00077', '0.00055', '1.00000']
  '001.1333': ['0.833', '0.110', '0.080', '0.99819', '-0.06017', '0.00080', '0.06017',
    '0.99819', '-0.00050', '-0.00077', '0.00055', '1.00000']
  '001.2000': ['0.845', '0.111', '0.080', '0.99810', '-0.06161', '0.00084', '0.06161',
    '0.99810', '-0.00055', '-0.00080', '0.00060', '1.00000']
  '001.2667': ['0.857', '0.111', '0.080', '0.99823', '-0.05943', '0.00085', '0.05943',
    '0.99823', '-0.00061', '-0.00081', '0.00066', '1.00000']
  '001.3333': ['0.872', '0.110', '0.080', '0.99807', '-0.06208', '0.00081', '0.06208',
    '0.99807', '-0.00056', '-0.00078', '0.00061', '1.00000']
  '001.4000': ['0.885', '0.111', '0.080', '0.99797', '-0.06362', '0.00085', '0.06362',
    '0.99797', '-0.00067', '-0.00080', '0.00073', '1.00000']
  '001.4667': ['0.900', '0.110', '0.080', '0.99706', '-0.07661', '0.00086', '0.07661',
    '0.99706', '-0.00059', '-0.00081', '0.00065', '1.00000']
  '001.5333': ['0.912', '0.111', '0.080', '0.99663', '-0.08197', '0.00092', '0.08197',
    '0.99663', '-0.00063', '-0.00086', '0.00070', '1.00000']
  '001.6000': ['0.927', '0.109', '0.080', '0.99581', '-0.09142', '0.00091', '0.09142',
    '0.99581', '-0.00057', '-0.00086', '0.00065', '1.00000']
  '001.6667': ['0.940', '0.110', '0.080', '0.99467', '-0.10309', '0.00092', '0.10309',
    '0.99467', '-0.00060', '-0.00086', '0.00069', '1.00000']
  '001.7333': ['0.953', '0.110', '0.080', '0.99379', '-0.11123', '0.00092', '0.11123',
    '0.99379', '-0.00058', '-0.00085', '0.00068', '1.00000']
  '001.8000': ['0.966', '0.109', '0.080', '0.99310', '-0.11730', '0.00093', '0.11730',
    '0.99310', '-0.00051', '-0.00087', '0.00062', '1.00000']
  '001.8667': ['0.982', '0.106', '0.080', '0.99203', '-0.12600', '0.00088', '0.12600',
    '0.99203', '-0.00032', '-0.00083', '0.00042', '1.00000']
  '001.9333': ['0.993', '0.106', '0.080', '0.99187', '-0.12722', '0.00091', '0.12722',
    '0.99187', '-0.00035', '-0.00085', '0.00047', '1.00000']
  '002.0000': ['1.006', '0.107', '0.080', '0.99261', '-0.12135', '0.00087', '0.12135',
    '0.99261', '-0.00046', '-0.00081', '0.00056', '1.00000']
  '002.0667': ['1.018', '0.106', '0.080', '0.99227', '-0.12410', '0.00085', '0.12410',
    '0.99227', '-0.00037', '-0.00080', '0.00047', '1.00000']
  '002.1333': ['1.029', '0.106', '0.080', '0.99226', '-0.12421', '0.00085', '0.12421',
    '0.99226', '-0.00035', '-0.00080', '0.00046', '1.00000']
  '002.2000': ['1.040', '0.104', '0.080', '0.99227', '-0.12412', '0.00084', '0.12412',
    '0.99227', '-0.00022', '-0.00080', '0.00032', '1.00000']
  '002.2667': ['1.051', '0.105', '0.080', '0.99258', '-0.12163', '0.00079', '0.12163',
    '0.99258', '-0.00023', '-0.00076', '0.00033', '1.00000']
  '002.3333': ['1.063', '0.105', '0.080', '0.99242', '-0.12289', '0.00070', '0.12289',
    '0.99242', '-0.00016', '-0.00068', '0.00024', '1.00000']
  '002.4000': ['1.074', '0.107', '0.080', '0.99266', '-0.12095', '0.00066', '0.12095',
    '0.99266', '-0.00022', '-0.00063', '0.00030', '1.00000']
  '002.4667': ['1.085', '0.109', '0.080', '0.99254', '-0.12194', '0.00060', '0.12194',
    '0.99254', '-0.00028', '-0.00056', '0.00035', '1.00000']
  '002.5333': ['1.096', '0.110', '0.080', '0.99195', '-0.12666', '0.00061', '0.12666',
    '0.99195', '-0.00031', '-0.00056', '0.00039', '1.00000']
  '002.6000': ['1.107', '0.112', '0.080', '0.99175', '-0.12822', '0.00056', '0.12822',
    '0.99175', '-0.00036', '-0.00050', '0.00043', '1.00000']
  '002.6667': ['1.119', '0.113', '0.080', '0.99144', '-0.13060', '0.00054', '0.13060',
    '0.99144', '-0.00033', '-0.00049', '0.00039', '1.00000']
  '002.7333': ['1.129', '0.116', '0.080', '0.99066', '-0.13633', '0.00054', '0.13633',
    '0.99066', '-0.00045', '-0.00047', '0.00052', '1.00000']
  '002.8000': ['1.143', '0.131', '0.080', '0.99148', '-0.13022', '0.00030', '0.13022',
    '0.99148', '-0.00155', '-0.00010', '0.00158', '1.00000']
  '002.8667': ['1.151', '0.120', '0.080', '0.98834', '-0.15225', '0.00057', '0.15225',
    '0.98834', '-0.00044', '-0.00049', '0.00052', '1.00000']
  '002.9333': ['1.164', '0.125', '0.080', '0.98801', '-0.15438', '0.00045', '0.15438',
    '0.98801', '-0.00061', '-0.00035', '0.00068', '1.00000']
  '003.0000': ['1.174', '0.127', '0.080', '0.98579', '-0.16798', '0.00050', '0.16798',
    '0.98579', '-0.00060', '-0.00039', '0.00068', '1.00000']
  '003.0667': ['1.185', '0.130', '0.080', '0.98396', '-0.17839', '0.00053', '0.17839',
    '0.98396', '-0.00064', '-0.00041', '0.00072', '1.00000']
  '003.1333': ['1.196', '0.133', '0.080', '0.98300', '-0.18361', '0.00056', '0.18361',
    '0.98300', '-0.00068', '-0.00043', '0.00077', '1.00000']
  '003.2000': ['1.206', '0.137', '0.080', '0.98028', '-0.19761', '0.00073', '0.19761',
    '0.98028', '-0.00083', '-0.00055', '0.00095', '1.00000']
  '003.2667': ['1.217', '0.141', '0.080', '0.97819', '-0.20771', '0.00087', '0.20771',
    '0.97819', '-0.00104', '-0.00063', '0.00119', '1.00000']
  '003.3333': ['1.197', '0.138', '0.080', '0.97252', '-0.23281', '0.00019', '0.23281',
    '0.97252', '-0.00062', '-0.00004', '0.00065', '1.00000']
  '003.4000': ['1.210', '0.143', '0.080', '0.97067', '-0.24041', '0.00024', '0.24041',
    '0.97067', '-0.00066', '-0.00007', '0.00070', '1.00000']
  '003.4667': ['1.220', '0.146', '0.080', '0.96960', '-0.24471', '0.00026', '0.24471',
    '0.96960', '-0.00056', '-0.00011', '0.00061', '1.00000']
  '003.5333': ['1.232', '0.150', '0.080', '0.97152', '-0.23697', '0.00032', '0.23697',
    '0.97152', '-0.00052', '-0.00019', '0.00058', '1.00000']
  '003.6000': ['1.244', '0.154', '0.080', '0.97276', '-0.23182', '0.00036', '0.23182',
    '0.97276', '-0.00054', '-0.00022', '0.00061', '1.00000']
  '003.6667': ['1.253', '0.156', '0.080', '0.97546', '-0.22018', '0.00043', '0.22018',
    '0.97546', '-0.00054', '-0.00030', '0.00062', '1.00000']
  '003.7333': ['1.265', '0.159', '0.080', '0.97601', '-0.21773', '0.00041', '0.21773',
    '0.97601', '-0.00057', '-0.00027', '0.00064', '1.00000']
  '003.8000': ['1.276', '0.161', '0.080', '0.97676', '-0.21434', '0.00033', '0.21434',
    '0.97676', '-0.00062', '-0.00019', '0.00068', '1.00000']
  '003.8667': ['1.285', '0.164', '0.080', '0.98110', '-0.19349', '0.00033', '0.19349',
    '0.98110', '-0.00061', '-0.00021', '0.00066', '1.00000']
  '003.9333': ['1.294', '0.166', '0.080', '0.98283', '-0.18451', '0.00034', '0.18451',
    '0.98283', '-0.00059', '-0.00022', '0.00064', '1.00000']
  '004.0000': ['1.305', '0.169', '0.080', '0.98418', '-0.17719', '0.00032', '0.17719',
    '0.98418', '-0.00059', '-0.00021', '0.00063', '1.00000']
  '004.0667': ['1.314', '0.169', '0.080', '0.98457', '-0.17498', '0.00031', '0.17498',
    '0.98457', '-0.00053', '-0.00021', '0.00058', '1.00000']
  '004.1333': ['1.324', '0.172', '0.080', '0.98304', '-0.18341', '0.00030', '0.18341',
    '0.98304', '-0.00052', '-0.00020', '0.00057', '1.00000']
  '004.2000': ['1.334', '0.174', '0.080', '0.98025', '-0.19775', '0.00028', '0.19775',
    '0.98025', '-0.00051', '-0.00018', '0.00055', '1.00000']
  '004.2667': ['1.343', '0.175', '0.080', '0.97384', '-0.22722', '0.00026', '0.22722',
    '0.97384', '-0.00049', '-0.00014', '0.00054', '1.00000']
  '004.3333': ['1.353', '0.179', '0.080', '0.96903', '-0.24694', '0.00026', '0.24694',
    '0.96903', '-0.00047', '-0.00013', '0.00052', '1.00000']
  '004.4000': ['1.363', '0.182', '0.080', '0.96340', '-0.26805', '0.00026', '0.26805',
    '0.96340', '-0.00046', '-0.00013', '0.00051', '1.00000']
  '004.4667': ['1.372', '0.183', '0.080', '0.95651', '-0.29170', '0.00026', '0.29170',
    '0.95651', '-0.00043', '-0.00013', '0.00049', '1.00000']
  '004.5333': ['1.384', '0.190', '0.080', '0.94991', '-0.31254', '0.00026', '0.31254',
    '0.94991', '-0.00048', '-0.00010', '0.00054', '1.00000']
  '004.6000': ['1.394', '0.193', '0.080', '0.94104', '-0.33829', '0.00024', '0.33829',
    '0.94104', '-0.00044', '-0.00008', '0.00050', '1.00000']
  '004.6667': ['1.402', '0.195', '0.080', '0.93476', '-0.35529', '0.00024', '0.35529',
    '0.93476', '-0.00042', '-0.00008', '0.00048', '1.00000']
  '004.7333': ['1.411', '0.199', '0.080', '0.92756', '-0.37367', '0.00022', '0.37367',
    '0.92756', '-0.00041', '-0.00006', '0.00046', '1.00000']
  '004.8000': ['1.421', '0.204', '0.080', '0.91700', '-0.39888', '0.00020', '0.39888',
    '0.91700', '-0.00038', '-0.00003', '0.00043', '1.00000']
  '004.8667': ['1.429', '0.207', '0.080', '0.90673', '-0.42170', '0.00020', '0.42170',
    '0.90673', '-0.00036', '-0.00003', '0.00041', '1.00000']
  '004.9333': ['1.439', '0.213', '0.080', '0.89466', '-0.44675', '0.00018', '0.44675',
    '0.89466', '-0.00034', '-0.00001', '0.00039', '1.00000']
  '005.0000': ['1.448', '0.217', '0.080', '0.87857', '-0.47762', '0.00018', '0.47762',
    '0.87857', '-0.00032', '-0.00000', '0.00037', '1.00000']
  '005.0667': ['1.458', '0.224', '0.080', '0.86634', '-0.49945', '0.00018', '0.49945',
    '0.86634', '-0.00032', '0.00001', '0.00037', '1.00000']
  '005.1333': ['1.468', '0.231', '0.080', '0.85047', '-0.52603', '0.00015', '0.52603',
    '0.85047', '-0.00032', '0.00004', '0.00035', '1.00000']
  '005.2000': ['1.478', '0.238', '0.080', '0.83502', '-0.55021', '0.00015', '0.55021',
    '0.83502', '-0.00032', '0.00005', '0.00035', '1.00000']
  '005.2667': ['1.486', '0.244', '0.080', '0.81850', '-0.57450', '0.00015', '0.57450',
    '0.81850', '-0.00032', '0.00006', '0.00035', '1.00000']
  '005.3333': ['1.495', '0.251', '0.080', '0.79866', '-0.60178', '0.00015', '0.60178',
    '0.79866', '-0.00032', '0.00007', '0.00034', '1.00000']
  '005.4000': ['1.503', '0.258', '0.080', '0.77814', '-0.62809', '0.00016', '0.62809',
    '0.77814', '-0.00032', '0.00008', '0.00035', '1.00000']
  '005.4667': ['1.511', '0.266', '0.080', '0.75833', '-0.65187', '0.00019', '0.65187',
    '0.75833', '-0.00033', '0.00007', '0.00037', '1.00000']
  '005.5333': ['1.519', '0.273', '0.080', '0.73617', '-0.67680', '0.00021', '0.67680',
    '0.73617', '-0.00032', '0.00007', '0.00038', '1.00000']
  '005.6000': ['1.527', '0.281', '0.080', '0.71672', '-0.69736', '0.00023', '0.69736',
    '0.71672', '-0.00032', '0.00006', '0.00039', '1.00000']
  '005.6667': ['1.535', '0.288', '0.080', '0.69976', '-0.71437', '0.00025', '0.71437',
    '0.69976', '-0.00031', '0.00004', '0.00040', '1.00000']
  '005.7333': ['1.542', '0.296', '0.080', '0.68615', '-0.72746', '0.00026', '0.72746',
    '0.68615', '-0.00029', '0.00004', '0.00039', '1.00000']
  '005.8000': ['1.550', '0.305', '0.080', '0.67417', '-0.73857', '0.00025', '0.73857',
    '0.67417', '-0.00030', '0.00005', '0.00039', '1.00000']
  '005.8667': ['1.548', '0.302', '0.080', '0.67871', '-0.73441', '-0.00028', '0.73441',
    '0.67871', '-0.00036', '0.00045', '0.00004', '1.00000']
  '005.9333': ['1.555', '0.310', '0.080', '0.66828', '-0.74391', '-0.00025', '0.74391',
    '0.66828', '-0.00034', '0.00042', '0.00004', '1.00000']
  '006.0000': ['1.563', '0.318', '0.080', '0.65555', '-0.75516', '-0.00025', '0.75516',
    '0.65555', '-0.00033', '0.00041', '0.00002', '1.00000']
  '006.0667': ['1.570', '0.327', '0.080', '0.65205', '-0.75817', '-0.00023', '0.75817',
    '0.65205', '-0.00035', '0.00041', '0.00005', '1.00000']
  '006.1333': ['1.578', '0.336', '0.080', '0.63897', '-0.76923', '-0.00023', '0.76923',
    '0.63897', '-0.00036', '0.00042', '0.00005', '1.00000']
  '006.2000': ['1.585', '0.345', '0.080', '0.61707', '-0.78691', '-0.00023', '0.78691',
    '0.61707', '-0.00033', '0.00040', '0.00002', '1.00000']
  '006.2667': ['1.592', '0.356', '0.080', '0.60320', '-0.79759', '-0.00019', '0.79759',
    '0.60320', '-0.00034', '0.00038', '0.00005', '1.00000']
  '006.3333': ['1.608', '0.379', '0.080', '0.55702', '-0.83050', '0.00020', '0.83050',
    '0.55702', '-0.00024', '0.00009', '0.00030', '1.00000']
  '006.4000': ['1.607', '0.376', '0.080', '0.55586', '-0.83127', '-0.00022', '0.83127',
    '0.55586', '-0.00030', '0.00037', '-0.00001', '1.00000']
  '006.4667': ['1.613', '0.386', '0.080', '0.52828', '-0.84907', '-0.00021', '0.84907',
    '0.52828', '-0.00027', '0.00034', '-0.00003', '1.00000']
  '006.5333': ['1.619', '0.397', '0.080', '0.49067', '-0.87135', '-0.00023', '0.87135',
    '0.49067', '-0.00030', '0.00037', '-0.00006', '1.00000']
  '006.6000': ['1.625', '0.408', '0.080', '0.45802', '-0.88894', '-0.00021', '0.88894',
    '0.45802', '-0.00029', '0.00035', '-0.00005', '1.00000']
  '006.6667': ['1.629', '0.420', '0.080', '0.42711', '-0.90420', '-0.00014', '0.90420',
    '0.42711', '-0.00031', '0.00034', '0.00001', '1.00000']
  '006.7333': ['1.635', '0.431', '0.080', '0.39424', '-0.91901', '-0.00014', '0.91901',
    '0.39424', '-0.00024', '0.00028', '-0.00003', '1.00000']
  '006.8000': ['1.639', '0.442', '0.080', '0.37158', '-0.92840', '-0.00013', '0.92840',
    '0.37158', '-0.00020', '0.00024', '-0.00005', '1.00000']
  '006.8667': ['1.644', '0.453', '0.080', '0.35415', '-0.93519', '-0.00016', '0.93519',
    '0.35415', '-0.00020', '0.00024', '-0.00008', '1.00000']
  '006.9333': ['1.648', '0.464', '0.080', '0.33192', '-0.94331', '-0.00014', '0.94331',
    '0.33192', '-0.00019', '0.00023', '-0.00007', '1.00000']
  '007.0000': ['1.652', '0.476', '0.080', '0.29928', '-0.95416', '-0.00013', '0.95416',
    '0.29928', '-0.00020', '0.00023', '-0.00006', '1.00000']
  '007.0667': ['1.654', '0.488', '0.080', '0.26389', '-0.96455', '-0.00003', '0.96455',
    '0.26389', '-0.00016', '0.00016', '0.00001', '1.00000']
  '007.2000': ['1.659', '0.512', '0.080', '0.19341', '-0.98112', '-0.00001', '0.98112',
    '0.19341', '-0.00012', '0.00012', '0.00001', '1.00000']
  '007.2667': ['1.661', '0.525', '0.080', '0.15627', '-0.98771', '-0.00002', '0.98771',
    '0.15627', '-0.00007', '0.00007', '-0.00001', '1.00000']
  '007.3333': ['1.662', '0.539', '0.080', '0.12276', '-0.99244', '0.00007', '0.99244',
    '0.12276', '-0.00013', '0.00012', '0.00008', '1.00000']
  '007.4667': ['1.664', '0.563', '0.080', '0.05712', '-0.99837', '0.00001', '0.99837',
    '0.05712', '0.00006', '-0.00006', '0.00001', '1.00000']
  '007.6000': ['1.663', '0.591', '0.080', '0.01753', '-0.99985', '0.00011', '0.99985',
    '0.01753', '-0.00002', '0.00002', '0.00011', '1.00000']
  '007.6667': ['1.663', '0.605', '0.080', '0.00395', '-0.99999', '0.00007', '0.99999',
    '0.00395', '-0.00010', '0.00010', '0.00007', '1.00000']
  '007.7333': ['1.664', '0.615', '0.080', '-0.00437', '-0.99999', '0.00010', '0.99999',
    '-0.00437', '0.00017', '-0.00017', '0.00010', '1.00000']
  '007.8667': ['1.665', '0.640', '0.080', '-0.01833', '-0.99983', '0.00005', '0.99983',
    '-0.01833', '0.00027', '-0.00027', '0.00006', '1.00000']
  '007.9333': ['1.665', '0.653', '0.080', '-0.03325', '-0.99945', '0.00008', '0.99945',
    '-0.03325', '0.00026', '-0.00025', '0.00009', '1.00000']
  '008.0000': ['1.664', '0.667', '0.080', '-0.05312', '-0.99859', '0.00010', '0.99859',
    '-0.05312', '0.00021', '-0.00021', '0.00011', '1.00000']
  '008.0667': ['1.664', '0.680', '0.080', '-0.07376', '-0.99728', '-0.00001', '0.99728',
    '-0.07376', '0.00029', '-0.00029', '0.00002', '1.00000']
  '008.1333': ['1.664', '0.694', '0.080', '-0.10044', '-0.99494', '-0.00006', '0.99494',
    '-0.10044', '0.00033', '-0.00034', '-0.00002', '1.00000']
  '008.2000': ['1.662', '0.707', '0.080', '-0.12626', '-0.99200', '-0.00006', '0.99200',
    '-0.12626', '0.00033', '-0.00033', '-0.00002', '1.00000']
  '008.2667': ['1.660', '0.720', '0.080', '-0.15180', '-0.98841', '-0.00009', '0.98841',
    '-0.15180', '0.00034', '-0.00035', '-0.00003', '1.00000']
  '008.3333': ['1.657', '0.733', '0.080', '-0.18288', '-0.98314', '-0.00005', '0.98313',
    '-0.18288', '0.00034', '-0.00035', '0.00001', '1.00000']
  '008.4000': ['1.656', '0.746', '0.080', '-0.20869', '-0.97798', '-0.00014', '0.97798',
    '-0.20869', '0.00039', '-0.00041', '-0.00006', '1.00000']
  '008.4667': ['1.653', '0.760', '0.080', '-0.23687', '-0.97154', '-0.00014', '0.97154',
    '-0.23687', '0.00035', '-0.00038', '-0.00006', '1.00000']
  '008.5333': ['1.650', '0.772', '0.080', '-0.26536', '-0.96415', '-0.00017', '0.96415',
    '-0.26536', '0.00038', '-0.00041', '-0.00006', '1.00000']
  '008.6000': ['1.646', '0.785', '0.080', '-0.28687', '-0.95797', '-0.00017', '0.95797',
    '-0.28687', '0.00039', '-0.00043', '-0.00005', '1.00000']
  '008.6667': ['1.642', '0.797', '0.080', '-0.30288', '-0.95303', '-0.00019', '0.95303',
    '-0.30288', '0.00042', '-0.00046', '-0.00005', '1.00000']
  '008.7333': ['1.638', '0.810', '0.080', '-0.31606', '-0.94874', '-0.00020', '0.94874',
    '-0.31606', '0.00041', '-0.00046', '-0.00006', '1.00000']
  '008.8667': ['1.631', '0.832', '0.080', '-0.32940', '-0.94419', '-0.00024', '0.94419',
    '-0.32940', '0.00042', '-0.00047', '-0.00009', '1.00000']
  '009.0000': ['1.623', '0.855', '0.080', '-0.35246', '-0.93583', '-0.00020', '0.93583',
    '-0.35246', '0.00045', '-0.00049', '-0.00003', '1.00000']
  '009.1333': ['1.614', '0.878', '0.080', '-0.39047', '-0.92062', '-0.00025', '0.92062',
    '-0.39047', '0.00043', '-0.00050', '-0.00006', '1.00000']
  '009.2667': ['1.604', '0.902', '0.080', '-0.44221', '-0.89691', '-0.00034', '0.89691',
    '-0.44221', '0.00038', '-0.00049', '-0.00013', '1.00000']
  '009.3333': ['1.600', '0.912', '0.080', '-0.46322', '-0.88624', '-0.00043', '0.88624',
    '-0.46322', '0.00035', '-0.00051', '-0.00022', '1.00000']
  '009.4667': ['1.586', '0.936', '0.080', '-0.53056', '-0.84765', '-0.00041', '0.84765',
    '-0.53056', '0.00031', '-0.00049', '-0.00018', '1.00000']
  '009.6000': ['1.571', '0.958', '0.080', '-0.60296', '-0.79777', '-0.00039', '0.79777',
    '-0.60296', '0.00029', '-0.00046', '-0.00014', '1.00000']
  '009.6667': ['1.563', '0.967', '0.080', '-0.63693', '-0.77092', '-0.00036', '0.77092',
    '-0.63693', '0.00031', '-0.00047', '-0.00008', '1.00000']
  '009.7333': ['1.555', '0.976', '0.080', '-0.66381', '-0.74790', '-0.00035', '0.74790',
    '-0.66381', '0.00035', '-0.00049', '-0.00003', '1.00000']
  '009.8000': ['1.547', '0.984', '0.080', '-0.67890', '-0.73423', '-0.00033', '0.73423',
    '-0.67890', '0.00037', '-0.00050', '0.00001', '1.00000']
  '009.8667': ['1.539', '0.991', '0.080', '-0.70107', '-0.71309', '-0.00031', '0.71309',
    '-0.70107', '0.00039', '-0.00050', '0.00006', '1.00000']
  '009.9333': ['1.531', '0.999', '0.080', '-0.72496', '-0.68879', '-0.00034', '0.68879',
    '-0.72496', '0.00041', '-0.00052', '0.00007', '1.00000']
  '010.0000': ['1.523', '1.006', '0.080', '-0.75444', '-0.65637', '-0.00036', '0.65637',
    '-0.75444', '0.00041', '-0.00054', '0.00008', '1.00000']
  '010.0667': ['1.513', '1.013', '0.080', '-0.78554', '-0.61881', '-0.00037', '0.61881',
    '-0.78554', '0.00041', '-0.00055', '0.00009', '1.00000']
  '010.1333': ['1.503', '1.021', '0.080', '-0.81136', '-0.58454', '-0.00043', '0.58454',
    '-0.81136', '0.00040', '-0.00058', '0.00007', '1.00000']
  '010.2000': ['1.490', '1.032', '0.080', '-0.84376', '-0.53672', '-0.00046', '0.53672',
    '-0.84376', '0.00035', '-0.00058', '0.00005', '1.00000']
  '010.2667': ['1.478', '1.038', '0.080', '-0.88231', '-0.47067', '-0.00047', '0.47067',
    '-0.88231', '0.00035', '-0.00058', '0.00009', '1.00000']
  '010.3333': ['1.465', '1.044', '0.080', '-0.91184', '-0.41056', '-0.00051', '0.41056',
    '-0.91184', '0.00034', '-0.00061', '0.00010', '1.00000']
  '010.4000': ['1.450', '1.051', '0.080', '-0.94047', '-0.33987', '-0.00052', '0.33987',
    '-0.94047', '0.00030', '-0.00059', '0.00010', '1.00000']
  '010.4667': ['1.437', '1.054', '0.080', '-0.96474', '-0.26319', '-0.00057', '0.26319',
    '-0.96474', '0.00029', '-0.00063', '0.00013', '1.00000']
  '010.5333': ['1.418', '1.061', '0.080', '-0.98346', '-0.18110', '-0.00057', '0.18110',
    '-0.98346', '0.00027', '-0.00061', '0.00016', '1.00000']
  '010.6000': ['1.400', '1.067', '0.080', '-0.99515', '-0.09840', '-0.00057', '0.09840',
    '-0.99515', '0.00024', '-0.00059', '0.00018', '1.00000']
  '010.6667': ['1.406', '1.043', '0.080', '-0.99945', '-0.03319', '0.00018', '0.03319',
    '-0.99945', '0.00012', '0.00018', '0.00013', '1.00000']
  '010.7333': ['1.393', '1.041', '0.080', '-0.99908', '0.04294', '0.00012', '-0.04294',
    '-0.99908', '0.00015', '0.00013', '0.00015', '1.00000']
  '010.8000': ['1.379', '1.040', '0.080', '-0.99241', '0.12301', '0.00007', '-0.12301',
    '-0.99241', '0.00018', '0.00009', '0.00017', '1.00000']
  '010.8667': ['1.366', '1.037', '0.080', '-0.98395', '0.17847', '0.00004', '-0.17847',
    '-0.98395', '0.00019', '0.00007', '0.00018', '1.00000']
  '010.9333': ['1.352', '1.035', '0.080', '-0.97548', '0.22008', '0.00002', '-0.22008',
    '-0.97548', '0.00017', '0.00005', '0.00016', '1.00000']
  '011.0000': ['1.341', '1.027', '0.080', '-0.96279', '0.27027', '-0.00002', '-0.27027',
    '-0.96279', '0.00021', '0.00004', '0.00021', '1.00000']
  '011.0667': ['1.325', '1.025', '0.080', '-0.95704', '0.28995', '-0.00000', '-0.28995',
    '-0.95704', '0.00018', '0.00005', '0.00018', '1.00000']
  '011.1333': ['1.311', '1.021', '0.080', '-0.95231', '0.30512', '-0.00003', '-0.30512',
    '-0.95231', '0.00019', '0.00003', '0.00019', '1.00000']
  '011.2000': ['1.283', '1.027', '0.080', '-0.95299', '0.30299', '0.00084', '-0.30299',
    '-0.95299', '-0.00055', '0.00063', '-0.00078', '1.00000']
  '011.2667': ['1.264', '1.024', '0.080', '-0.95900', '0.28341', '0.00121', '-0.28341',
    '-0.95900', '-0.00080', '0.00094', '-0.00111', '1.00000']
  '011.3333': ['1.253', '1.017', '0.080', '-0.96676', '0.25569', '0.00114', '-0.25569',
    '-0.96676', '-0.00071', '0.00092', '-0.00098', '1.00000']
  '011.4000': ['1.247', '1.009', '0.080', '-0.97212', '0.23447', '0.00026', '-0.23447',
    '-0.97212', '-0.00006', '0.00024', '-0.00012', '1.00000']
  '011.4667': ['1.228', '1.008', '0.080', '-0.97579', '0.21870', '0.00122', '-0.21870',
    '-0.97579', '-0.00074', '0.00103', '-0.00099', '1.00000']
  '011.5333': ['1.223', '1.001', '0.080', '-0.97753', '0.21079', '-0.00001', '-0.21079',
    '-0.97753', '0.00012', '0.00001', '0.00012', '1.00000']
  '011.6000': ['1.209', '1.000', '0.080', '-0.97850', '0.20624', '0.00006', '-0.20624',
    '-0.97850', '0.00008', '0.00008', '0.00007', '1.00000']
  '011.6667': ['1.196', '0.997', '0.080', '-0.97905', '0.20360', '0.00000', '-0.20360',
    '-0.97905', '0.00012', '0.00003', '0.00011', '1.00000']
  '011.7333': ['1.180', '0.997', '0.080', '-0.98322', '0.18241', '0.00004', '-0.18241',
    '-0.98322', '0.00009', '0.00006', '0.00008', '1.00000']
  '011.8000': ['1.168', '0.995', '0.080', '-0.98537', '0.17040', '0.00005', '-0.17040',
    '-0.98537', '0.00008', '0.00006', '0.00007', '1.00000']
  '011.8667': ['1.159', '0.992', '0.080', '-0.98914', '0.14700', '0.00007', '-0.14700',
    '-0.98914', '0.00011', '0.00009', '0.00010', '1.00000']
  '011.9333': ['1.149', '0.989', '0.080', '-0.99409', '0.10856', '0.00004', '-0.10856',
    '-0.99409', '0.00009', '0.00005', '0.00008', '1.00000']
  '012.0000': ['1.136', '0.987', '0.080', '-0.99633', '0.08558', '0.00008', '-0.08558',
    '-0.99633', '0.00009', '0.00008', '0.00008', '1.00000']
  '012.0667': ['1.123', '0.986', '0.080', '-0.99798', '0.06352', '0.00006', '-0.06352',
    '-0.99798', '0.00011', '0.00006', '0.00010', '1.00000']
  '012.1333': ['1.109', '0.985', '0.080', '-0.99912', '0.04196', '0.00006', '-0.04196',
    '-0.99912', '0.00008', '0.00006', '0.00008', '1.00000']
  '012.2000': ['1.094', '0.985', '0.080', '-0.99977', '0.02162', '0.00006', '-0.02162',
    '-0.99977', '0.00006', '0.00007', '0.00006', '1.00000']
  '012.2667': ['1.081', '0.984', '0.080', '-0.99999', '-0.00390', '0.00006', '0.00390',
    '-0.99999', '0.00007', '0.00006', '0.00007', '1.00000']
  '012.3333': ['1.088', '0.971', '0.080', '-0.99950', '-0.03175', '0.00061', '0.03175',
    '-0.99950', '0.00004', '0.00061', '0.00006', '1.00000']
  '012.4000': ['1.079', '0.969', '0.080', '-0.99845', '-0.05564', '0.00054', '0.05564',
    '-0.99845', '0.00005', '0.00054', '0.00008', '1.00000']
  '012.4667': ['1.067', '0.969', '0.080', '-0.99706', '-0.07661', '0.00047', '0.07661',
    '-0.99706', '0.00008', '0.00046', '0.00011', '1.00000']
  '012.5333': ['1.054', '0.971', '0.080', '-0.99647', '-0.08393', '0.00047', '0.08393',
    '-0.99647', '0.00007', '0.00046', '0.00011', '1.00000']
  '012.6000': ['1.041', '0.974', '0.080', '-0.99599', '-0.08952', '0.00045', '0.08952',
    '-0.99599', '0.00006', '0.00045', '0.00010', '1.00000']
  '013.3333': ['0.916', '1.031', '0.080', '-0.98639', '-0.16442', '0.00018', '0.16442',
    '-0.98639', '0.00051', '0.00009', '0.00053', '1.00000']
  '013.4000': ['0.906', '1.034', '0.080', '-0.98548', '-0.16980', '0.00017', '0.16980',
    '-0.98548', '0.00050', '0.00008', '0.00052', '1.00000']
  '013.4667': ['0.886', '1.032', '0.080', '-0.98518', '-0.17151', '0.00019', '0.17151',
    '-0.98518', '0.00053', '0.00010', '0.00055', '1.00000']
  '013.5333': ['0.878', '1.037', '0.080', '-0.98569', '-0.16855', '0.00018', '0.16855',
    '-0.98569', '0.00051', '0.00009', '0.00053', '1.00000']
  '013.6000': ['0.861', '1.039', '0.080', '-0.98617', '-0.16573', '0.00018', '0.16573',
    '-0.98617', '0.00053', '0.00009', '0.00055', '1.00000']
  '013.6667': ['0.850', '1.043', '0.080', '-0.98621', '-0.16549', '0.00017', '0.16549',
    '-0.98621', '0.00052', '0.00008', '0.00054', '1.00000']
  '013.7333': ['0.831', '1.046', '0.080', '-0.98780', '-0.15573', '0.00016', '0.15573',
    '-0.98780', '0.00054', '0.00008', '0.00056', '1.00000']
  '013.8000': ['0.822', '1.048', '0.080', '-0.98680', '-0.16195', '0.00016', '0.16195',
    '-0.98680', '0.00054', '0.00007', '0.00056', '1.00000']
  '013.8667': ['0.808', '1.048', '0.080', '-0.98664', '-0.16292', '0.00018', '0.16292',
    '-0.98664', '0.00057', '0.00009', '0.00059', '1.00000']
  '013.9333': ['0.799', '1.049', '0.080', '-0.98703', '-0.16053', '0.00018', '0.16053',
    '-0.98703', '0.00057', '0.00008', '0.00059', '1.00000']
  '014.0000': ['0.788', '1.053', '0.080', '-0.98650', '-0.16376', '0.00016', '0.16376',
    '-0.98650', '0.00058', '0.00006', '0.00060', '1.00000']
  '014.0667': ['0.775', '1.057', '0.080', '-0.98603', '-0.16658', '0.00014', '0.16658',
    '-0.98603', '0.00059', '0.00004', '0.00060', '1.00000']
  '014.1333': ['0.759', '1.058', '0.080', '-0.98605', '-0.16643', '0.00015', '0.16643',
    '-0.98605', '0.00060', '0.00005', '0.00062', '1.00000']
  '014.2000': ['0.746', '1.057', '0.080', '-0.98576', '-0.16813', '0.00016', '0.16813',
    '-0.98576', '0.00063', '0.00005', '0.00065', '1.00000']
  '014.2667': ['0.741', '1.060', '0.080', '-0.98581', '-0.16788', '0.00013', '0.16788',
    '-0.98581', '0.00062', '0.00003', '0.00063', '1.00000']
  '014.3333': ['0.716', '1.061', '0.080', '-0.98760', '-0.15702', '0.00012', '0.15702',
    '-0.98760', '0.00063', '0.00002', '0.00064', '1.00000']
  '014.4000': ['0.702', '1.068', '0.080', '-0.98843', '-0.15167', '0.00011', '0.15167',
    '-0.98843', '0.00059', '0.00002', '0.00060', '1.00000']
  '014.4667': ['0.689', '1.068', '0.080', '-0.98900', '-0.14790', '0.00012', '0.14790',
    '-0.98900', '0.00061', '0.00003', '0.00062', '1.00000']
  '014.5333': ['0.670', '1.070', '0.080', '-0.99065', '-0.13640', '0.00011', '0.13640',
    '-0.99065', '0.00062', '0.00002', '0.00063', '1.00000']
  '014.6000': ['0.652', '1.071', '0.080', '-0.99270', '-0.12060', '0.00011', '0.12060',
    '-0.99270', '0.00063', '0.00003', '0.00063', '1.00000']
  '014.6667': ['0.643', '1.073', '0.080', '-0.99419', '-0.10762', '0.00010', '0.10762',
    '-0.99419', '0.00062', '0.00003', '0.00063', '1.00000']
  '014.7333': ['0.629', '1.074', '0.080', '-0.99543', '-0.09545', '0.00008', '0.09545',
    '-0.99543', '0.00064', '0.00002', '0.00064', '1.00000']
  '014.8000': ['0.615', '1.072', '0.080', '-0.99660', '-0.08243', '0.00009', '0.08243',
    '-0.99660', '0.00065', '0.00003', '0.00066', '1.00000']
  '014.8667': ['0.608', '1.074', '0.080', '-0.99690', '-0.07864', '0.00007', '0.07864',
    '-0.99690', '0.00064', '0.00002', '0.00064', '1.00000']
  '015.0000': ['0.575', '1.075', '0.080', '-0.99793', '-0.06438', '0.00007', '0.06438',
    '-0.99793', '0.00059', '0.00003', '0.00060', '1.00000']
  '015.1333': ['0.543', '1.076', '0.080', '-0.99976', '0.02200', '-0.00001', '-0.02200',
    '-0.99976', '0.00069', '0.00000', '0.00069', '1.00000']
  '015.3333': ['0.501', '1.070', '0.080', '-0.98903', '0.14775', '-0.00001', '-0.14775',
    '-0.98903', '0.00070', '0.00010', '0.00069', '1.00000']
  '015.4667': ['0.482', '1.067', '0.080', '-0.97646', '0.21570', '-0.00003', '-0.21570',
    '-0.97646', '0.00067', '0.00012', '0.00066', '1.00000']
  '015.6000': ['0.452', '1.059', '0.080', '-0.95146', '0.30777', '-0.00006', '-0.30777',
    '-0.95146', '0.00066', '0.00015', '0.00065', '1.00000']
  '015.7333': ['0.421', '1.047', '0.080', '-0.92324', '0.38423', '-0.00009', '-0.38423',
    '-0.92324', '0.00067', '0.00017', '0.00065', '1.00000']
  '015.8667': ['0.397', '1.035', '0.080', '-0.90177', '0.43221', '-0.00012', '-0.43221',
    '-0.90177', '0.00069', '0.00019', '0.00067', '1.00000']
  '016.1333': ['0.355', '1.012', '0.080', '-0.86955', '0.49384', '-0.00017', '-0.49384',
    '-0.86955', '0.00069', '0.00019', '0.00068', '1.00000']
  '016.2000': ['0.337', '1.001', '0.080', '-0.84056', '0.54171', '-0.00018', '-0.54171',
    '-0.84056', '0.00067', '0.00021', '0.00067', '1.00000']
  '016.2667': ['0.326', '0.994', '0.080', '-0.81904', '0.57373', '-0.00018', '-0.57373',
    '-0.81904', '0.00065', '0.00022', '0.00063', '1.00000']
  '016.3333': ['0.314', '0.984', '0.080', '-0.79268', '0.60964', '-0.00021', '-0.60964',
    '-0.79268', '0.00066', '0.00024', '0.00065', '1.00000']
  '016.4667': ['0.298', '0.971', '0.080', '-0.75681', '0.65364', '-0.00022', '-0.65364',
    '-0.75681', '0.00065', '0.00026', '0.00064', '1.00000']
  '016.5333': ['0.284', '0.958', '0.080', '-0.72309', '0.69075', '-0.00024', '-0.69075',
    '-0.72309', '0.00064', '0.00026', '0.00063', '1.00000']
  '016.6667': ['0.267', '0.941', '0.080', '-0.67899', '0.73414', '-0.00028', '-0.73414',
    '-0.67899', '0.00061', '0.00026', '0.00062', '1.00000']
  '016.8000': ['0.249', '0.920', '0.080', '-0.64231', '0.76644', '-0.00031', '-0.76644',
    '-0.64231', '0.00058', '0.00024', '0.00061', '1.00000']
  '016.9333': ['0.228', '0.895', '0.080', '-0.61385', '0.78942', '-0.00035', '-0.78942',
    '-0.61385', '0.00054', '0.00021', '0.00061', '1.00000']
  '017.0000': ['0.222', '0.886', '0.080', '-0.60327', '0.79753', '-0.00039', '-0.79753',
    '-0.60327', '0.00055', '0.00021', '0.00064', '1.00000']
  '017.2000': ['0.198', '0.850', '0.080', '-0.50926', '0.86061', '-0.00040', '-0.86061',
    '-0.50926', '0.00047', '0.00020', '0.00058', '1.00000']
  '017.4667': ['0.180', '0.816', '0.080', '-0.42828', '0.90365', '-0.00046', '-0.90365',
    '-0.42828', '0.00040', '0.00017', '0.00059', '1.00000']
  '017.6666': ['0.158', '0.764', '0.080', '-0.33666', '0.94163', '-0.00051', '-0.94163',
    '-0.33666', '0.00024', '0.00006', '0.00056', '1.00000']
  '017.7333': ['0.155', '0.755', '0.080', '-0.32711', '0.94498', '-0.00054', '-0.94499',
    '-0.32711', '0.00022', '0.00003', '0.00058', '1.00000']
  '017.8666': ['0.148', '0.734', '0.080', '-0.29395', '0.95582', '-0.00055', '-0.95582',
    '-0.29395', '0.00016', '-0.00001', '0.00057', '1.00000']
  '018.0000': ['0.140', '0.706', '0.080', '-0.25752', '0.96627', '-0.00059', '-0.96627',
    '-0.25752', '0.00009', '-0.00007', '0.00059', '1.00000']
  '018.1333': ['0.135', '0.687', '0.080', '-0.21558', '0.97649', '-0.00054', '-0.97649',
    '-0.21558', '-0.00004', '-0.00016', '0.00052', '1.00000']
  '018.2000': ['0.132', '0.672', '0.080', '-0.18090', '0.98350', '-0.00054', '-0.98350',
    '-0.18090', '-0.00010', '-0.00019', '0.00051', '1.00000']
  '018.4666': ['0.124', '0.627', '0.080', '-0.08764', '0.99615', '-0.00047', '-0.99615',
    '-0.08764', '-0.00020', '-0.00024', '0.00045', '1.00000']
  '018.6666': ['0.122', '0.588', '0.080', '-0.02292', '0.99974', '-0.00049', '-0.99974',
    '-0.02292', '-0.00020', '-0.00021', '0.00048', '1.00000']
  '018.8000': ['0.121', '0.570', '0.080', '0.00953', '0.99995', '-0.00048', '-0.99995',
    '0.00953', '-0.00035', '-0.00034', '0.00048', '1.00000']
  '018.9333': ['0.122', '0.546', '0.080', '0.03511', '0.99938', '-0.00047', '-0.99938',
    '0.03511', '-0.00029', '-0.00027', '0.00048', '1.00000']
  '019.2000': ['0.125', '0.497', '0.080', '0.07569', '0.99713', '-0.00041', '-0.99713',
    '0.07569', '-0.00040', '-0.00037', '0.00044', '1.00000']
  '019.4000': ['0.128', '0.465', '0.080', '0.08417', '0.99645', '-0.00038', '-0.99645',
    '0.08417', '-0.00042', '-0.00039', '0.00041', '1.00000']
  '019.6000': ['0.130', '0.424', '0.080', '0.08636', '0.99626', '-0.00040', '-0.99626',
    '0.08636', '-0.00046', '-0.00042', '0.00044', '1.00000']
  '019.8000': ['0.134', '0.384', '0.080', '0.14395', '0.98958', '-0.00035', '-0.98958',
    '0.14395', '-0.00050', '-0.00044', '0.00041', '1.00000']
  '020.0000': ['0.141', '0.351', '0.080', '0.29280', '0.95617', '-0.00030', '-0.95617',
    '0.29280', '-0.00051', '-0.00040', '0.00044', '1.00000']
  '020.2000': ['0.162', '0.316', '0.080', '0.65197', '0.75824', '-0.00014', '-0.75824',
    '0.65197', '-0.00050', '-0.00028', '0.00043', '1.00000']
  '020.4000': ['0.190', '0.292', '0.080', '0.78102', '0.62450', '-0.00009', '-0.62450',
    '0.78102', '-0.00052', '-0.00025', '0.00046', '1.00000']
  '020.4666': ['0.201', '0.283', '0.080', '0.78785', '0.61586', '-0.00008', '-0.61586',
    '0.78785', '-0.00050', '-0.00025', '0.00045', '1.00000']
  '020.5333': ['0.214', '0.273', '0.080', '0.79064', '0.61228', '-0.00007', '-0.61228',
    '0.79064', '-0.00051', '-0.00026', '0.00045', '1.00000']
  '020.6666': ['0.237', '0.255', '0.080', '0.80670', '0.59096', '-0.00005', '-0.59096',
    '0.80670', '-0.00051', '-0.00026', '0.00044', '1.00000']
  '020.7333': ['0.245', '0.250', '0.080', '0.80998', '0.58646', '-0.00004', '-0.58646',
    '0.80998', '-0.00051', '-0.00027', '0.00043', '1.00000']
  '020.8000': ['0.253', '0.245', '0.080', '0.81768', '0.57567', '-0.00004', '-0.57567',
    '0.81768', '-0.00051', '-0.00026', '0.00043', '1.00000']
  '020.8666': ['0.263', '0.237', '0.080', '0.82544', '0.56448', '-0.00004', '-0.56448',
    '0.82544', '-0.00051', '-0.00025', '0.00044', '1.00000']
  '020.9333': ['0.270', '0.232', '0.080', '0.83148', '0.55555', '-0.00002', '-0.55555',
    '0.83148', '-0.00051', '-0.00026', '0.00043', '1.00000']
  '021.0000': ['0.279', '0.227', '0.080', '0.83838', '0.54509', '-0.00001', '-0.54509',
    '0.83838', '-0.00049', '-0.00026', '0.00042', '1.00000']
  '021.0666': ['0.297', '0.215', '0.080', '0.85152', '0.52431', '0.00000', '-0.52431',
    '0.85152', '-0.00047', '-0.00025', '0.00040', '1.00000']
  '021.1333': ['0.302', '0.212', '0.080', '0.85517', '0.51835', '0.00000', '-0.51835',
    '0.85517', '-0.00047', '-0.00025', '0.00040', '1.00000']
  '021.2000': ['0.310', '0.208', '0.080', '0.86298', '0.50524', '0.00001', '-0.50524',
    '0.86298', '-0.00047', '-0.00025', '0.00040', '1.00000']
  '021.2666': ['0.323', '0.201', '0.080', '0.87305', '0.48762', '0.00002', '-0.48762',
    '0.87305', '-0.00047', '-0.00024', '0.00040', '1.00000']
  '021.3333': ['0.336', '0.193', '0.080', '0.87775', '0.47913', '0.00002', '-0.47913',
    '0.87775', '-0.00044', '-0.00023', '0.00038', '1.00000']
  '021.4000': ['0.343', '0.190', '0.080', '0.88086', '0.47338', '0.00004', '-0.47338',
    '0.88086', '-0.00044', '-0.00024', '0.00037', '1.00000']
  '021.4666': ['0.351', '0.185', '0.080', '0.88626', '0.46320', '0.00004', '-0.46320',
    '0.88626', '-0.00044', '-0.00024', '0.00037', '1.00000']
  '021.5333': ['0.356', '0.184', '0.080', '0.88713', '0.46151', '0.00005', '-0.46151',
    '0.88713', '-0.00045', '-0.00025', '0.00038', '1.00000']
  '021.6000': ['0.370', '0.177', '0.080', '0.88997', '0.45602', '0.00007', '-0.45602',
    '0.88997', '-0.00044', '-0.00026', '0.00036', '1.00000']
  '021.6666': ['0.382', '0.170', '0.080', '0.90223', '0.43125', '0.00009', '-0.43125',
    '0.90223', '-0.00044', '-0.00027', '0.00036', '1.00000']
  '021.7333': ['0.395', '0.163', '0.080', '0.91169', '0.41088', '0.00008', '-0.41088',
    '0.91169', '-0.00041', '-0.00024', '0.00034', '1.00000']
  '021.8000': ['0.409', '0.157', '0.080', '0.92418', '0.38195', '0.00009', '-0.38195',
    '0.92418', '-0.00040', '-0.00024', '0.00034', '1.00000']
  '021.8666': ['0.419', '0.153', '0.080', '0.93220', '0.36195', '0.00010', '-0.36195',
    '0.93220', '-0.00039', '-0.00023', '0.00033', '1.00000']
  '021.9333': ['0.428', '0.149', '0.080', '0.93870', '0.34474', '0.00010', '-0.34474',
    '0.93870', '-0.00039', '-0.00023', '0.00033', '1.00000']
  '022.0000': ['0.441', '0.145', '0.080', '0.94820', '0.31768', '0.00012', '-0.31768',
    '0.94820', '-0.00037', '-0.00023', '0.00032', '1.00000']
  '022.0666': ['0.448', '0.143', '0.080', '0.95321', '0.30231', '0.00012', '-0.30231',
    '0.95321', '-0.00037', '-0.00023', '0.00032', '1.00000']
  '022.1333': ['0.458', '0.142', '0.080', '0.96082', '0.27717', '0.00012', '-0.27717',
    '0.96082', '-0.00038', '-0.00022', '0.00033', '1.00000']
  '022.2000': ['0.472', '0.138', '0.080', '0.96638', '0.25711', '0.00013', '-0.25711',
    '0.96638', '-0.00037', '-0.00022', '0.00032', '1.00000']
  '022.2666': ['0.487', '0.133', '0.080', '0.97372', '0.22776', '0.00013', '-0.22776',
    '0.97372', '-0.00034', '-0.00020', '0.00030', '1.00000']
  '022.3333': ['0.498', '0.130', '0.080', '0.97752', '0.21083', '0.00013', '-0.21083',
    '0.97752', '-0.00032', '-0.00019', '0.00029', '1.00000']
