begin_time_stamp: 1588333750.5333266
data_header:
  time_stamp: [x, y, z, R11, R12, R13, R21, R22, R23, R31, R32, R33]
trajectory_data:
  '000.0000': ['0.969', '0.132', '0.080', '0.99077', '-0.13555', '0.00015', '0.13555',
    '0.99077', '-0.00012', '-0.00014', '0.00014', '1.00000']
  '001.3333': ['1.131', '0.138', '0.080', '0.99474', '-0.10244', '-0.00053', '0.10244',
    '0.99474', '-0.00019', '0.00055', '0.00013', '1.00000']
  '001.4000': ['1.146', '0.141', '0.080', '0.99456', '-0.10418', '-0.00052', '0.10418',
    '0.99456', '-0.00024', '0.00054', '0.00018', '1.00000']
  '001.4667': ['1.157', '0.141', '0.080', '0.99584', '-0.09115', '-0.00044', '0.09115',
    '0.99584', '-0.00028', '0.00047', '0.00024', '1.00000']
  '001.5333': ['1.166', '0.139', '0.080', '0.99571', '-0.09251', '-0.00040', '0.09251',
    '0.99571', '-0.00024', '0.00042', '0.00020', '1.00000']
  '001.6000': ['1.182', '0.140', '0.080', '0.99397', '-0.10965', '-0.00044', '0.10965',
    '0.99397', '-0.00017', '0.00046', '0.00012', '1.00000']
  '001.6667': ['1.200', '0.145', '0.080', '0.99441', '-0.10562', '-0.00041', '0.10562',
    '0.99441', '-0.00019', '0.00043', '0.00015', '1.00000']
  '001.7333': ['1.212', '0.146', '0.080', '0.99541', '-0.09569', '-0.00033', '0.09569',
    '0.99541', '-0.00018', '0.00034', '0.00015', '1.00000']
  '001.8000': ['1.226', '0.147', '0.080', '0.99458', '-0.10398', '-0.00032', '0.10398',
    '0.99458', '-0.00018', '0.00034', '0.00015', '1.00000']
  '001.8667': ['1.240', '0.148', '0.080', '0.99172', '-0.12840', '-0.00048', '0.12840',
    '0.99172', '-0.00020', '0.00051', '0.00013', '1.00000']
  '001.9333': ['1.250', '0.148', '0.080', '0.99132', '-0.13148', '-0.00049', '0.13148',
    '0.99132', '-0.00020', '0.00051', '0.00014', '1.00000']
  '002.0000': ['1.262', '0.150', '0.080', '0.99145', '-0.13052', '-0.00049', '0.13052',
    '0.99145', '-0.00021', '0.00052', '0.00014', '1.00000']
  '002.0667': ['1.274', '0.151', '0.080', '0.99266', '-0.12090', '-0.00045', '0.12090',
    '0.99266', '-0.00022', '0.00048', '0.00016', '1.00000']
  '002.1333': ['1.286', '0.152', '0.080', '0.99386', '-0.11063', '-0.00044', '0.11063',
    '0.99386', '-0.00022', '0.00047', '0.00017', '1.00000']
  '002.2000': ['1.299', '0.155', '0.080', '0.99410', '-0.10851', '-0.00044', '0.10851',
    '0.99410', '-0.00024', '0.00047', '0.00019', '1.00000']
  '002.2667': ['1.313', '0.159', '0.080', '0.99088', '-0.13471', '-0.00045', '0.13471',
    '0.99088', '-0.00028', '0.00049', '0.00021', '1.00000']
  '002.3333': ['1.323', '0.159', '0.080', '0.98767', '-0.15652', '-0.00043', '0.15652',
    '0.98767', '-0.00025', '0.00046', '0.00018', '1.00000']
  '002.4000': ['1.334', '0.159', '0.080', '0.98234', '-0.18712', '-0.00042', '0.18712',
    '0.98234', '-0.00024', '0.00046', '0.00016', '1.00000']
  '002.4667': ['1.345', '0.160', '0.080', '0.97312', '-0.23029', '-0.00041', '0.23029',
    '0.97312', '-0.00023', '0.00045', '0.00013', '1.00000']
  '002.5333': ['1.362', '0.168', '0.080', '0.96184', '-0.27361', '-0.00046', '0.27361',
    '0.96184', '-0.00029', '0.00052', '0.00016', '1.00000']
  '002.6000': ['1.375', '0.173', '0.080', '0.94832', '-0.31731', '-0.00049', '0.31731',
    '0.94832', '-0.00030', '0.00056', '0.00013', '1.00000']
  '002.6667': ['1.385', '0.176', '0.080', '0.93874', '-0.34462', '-0.00040', '0.34462',
    '0.93874', '-0.00027', '0.00047', '0.00011', '1.00000']
  '002.7333': ['1.397', '0.181', '0.080', '0.92261', '-0.38573', '-0.00041', '0.38573',
    '0.92261', '-0.00026', '0.00047', '0.00008', '1.00000']
  '002.8000': ['1.410', '0.186', '0.080', '0.90184', '-0.43208', '-0.00053', '0.43208',
    '0.90184', '-0.00027', '0.00059', '0.00001', '1.00000']
  '002.8667': ['1.421', '0.193', '0.080', '0.88652', '-0.46270', '-0.00042', '0.46270',
    '0.88652', '-0.00026', '0.00049', '0.00003', '1.00000']
  '002.9333': ['1.432', '0.199', '0.080', '0.86690', '-0.49848', '-0.00040', '0.49848',
    '0.86690', '-0.00026', '0.00047', '0.00003', '1.00000']
  '003.0000': ['1.444', '0.208', '0.080', '0.84893', '-0.52851', '-0.00038', '0.52851',
    '0.84893', '-0.00030', '0.00048', '0.00005', '1.00000']
  '003.0667': ['1.454', '0.214', '0.080', '0.83282', '-0.55354', '-0.00036', '0.55354',
    '0.83282', '-0.00030', '0.00046', '0.00005', '1.00000']
  '003.1333': ['1.473', '0.234', '0.080', '0.80412', '-0.59447', '0.00016', '0.59447',
    '0.80412', '-0.00037', '0.00009', '0.00039', '1.00000']
  '003.2000': ['1.481', '0.241', '0.080', '0.79371', '-0.60830', '0.00020', '0.60830',
    '0.79371', '-0.00036', '0.00007', '0.00041', '1.00000']
  '003.2667': ['1.484', '0.235', '0.080', '0.79319', '-0.60898', '-0.00033', '0.60898',
    '0.79319', '-0.00030', '0.00045', '0.00003', '1.00000']
  '003.3333': ['1.494', '0.243', '0.080', '0.77716', '-0.62931', '-0.00032', '0.62931',
    '0.77716', '-0.00032', '0.00045', '0.00005', '1.00000']
  '003.4000': ['1.503', '0.252', '0.080', '0.76688', '-0.64179', '-0.00031', '0.64179',
    '0.76688', '-0.00033', '0.00044', '0.00005', '1.00000']
  '003.4667': ['1.514', '0.261', '0.080', '0.75464', '-0.65614', '-0.00030', '0.65614',
    '0.75464', '-0.00033', '0.00045', '0.00005', '1.00000']
  '003.5333': ['1.523', '0.269', '0.080', '0.74133', '-0.67115', '-0.00029', '0.67115',
    '0.74133', '-0.00033', '0.00044', '0.00005', '1.00000']
  '003.6000': ['1.531', '0.277', '0.080', '0.72404', '-0.68976', '-0.00031', '0.68976',
    '0.72404', '-0.00030', '0.00043', '0.00000', '1.00000']
  '003.6667': ['1.541', '0.287', '0.080', '0.70373', '-0.71046', '-0.00030', '0.71046',
    '0.70373', '-0.00030', '0.00042', '-0.00000', '1.00000']
  '003.7333': ['1.550', '0.297', '0.080', '0.68744', '-0.72624', '-0.00028', '0.72624',
    '0.68744', '-0.00033', '0.00043', '0.00002', '1.00000']
  '003.8000': ['1.559', '0.307', '0.080', '0.66028', '-0.75102', '-0.00029', '0.75102',
    '0.66028', '-0.00030', '0.00042', '-0.00002', '1.00000']
  '003.8667': ['1.567', '0.317', '0.080', '0.63739', '-0.77054', '-0.00027', '0.77054',
    '0.63739', '-0.00032', '0.00042', '-0.00001', '1.00000']
  '003.9333': ['1.575', '0.327', '0.080', '0.61544', '-0.78818', '-0.00023', '0.78818',
    '0.61544', '-0.00031', '0.00038', '0.00001', '1.00000']
  '004.0000': ['1.582', '0.336', '0.080', '0.59619', '-0.80285', '-0.00024', '0.80285',
    '0.59619', '-0.00029', '0.00038', '-0.00002', '1.00000']
  '004.0667': ['1.590', '0.349', '0.080', '0.57076', '-0.82112', '-0.00019', '0.82112',
    '0.57076', '-0.00032', '0.00037', '0.00002', '1.00000']
  '004.1333': ['1.597', '0.358', '0.080', '0.54437', '-0.83885', '-0.00018', '0.83885',
    '0.54437', '-0.00029', '0.00034', '0.00001', '1.00000']
  '004.2000': ['1.604', '0.369', '0.080', '0.51858', '-0.85503', '-0.00016', '0.85503',
    '0.51858', '-0.00030', '0.00034', '0.00002', '1.00000']
  '004.2667': ['1.611', '0.381', '0.080', '0.48981', '-0.87183', '-0.00016', '0.87183',
    '0.48981', '-0.00027', '0.00031', '-0.00001', '1.00000']
  '004.3333': ['1.617', '0.393', '0.080', '0.45711', '-0.88941', '-0.00017', '0.88941',
    '0.45711', '-0.00030', '0.00034', '-0.00002', '1.00000']
  '004.4000': ['1.622', '0.405', '0.080', '0.42692', '-0.90429', '-0.00012', '0.90429',
    '0.42692', '-0.00031', '0.00034', '0.00002', '1.00000']
  '004.4667': ['1.627', '0.416', '0.080', '0.39319', '-0.91946', '-0.00011', '0.91946',
    '0.39319', '-0.00028', '0.00030', '0.00001', '1.00000']
  '004.5333': ['1.632', '0.430', '0.080', '0.35800', '-0.93372', '-0.00010', '0.93372',
    '0.35800', '-0.00024', '0.00026', '-0.00000', '1.00000']
  '004.6000': ['1.637', '0.444', '0.080', '0.32781', '-0.94474', '-0.00011', '0.94474',
    '0.32781', '-0.00023', '0.00025', '-0.00003', '1.00000']
  '004.6667': ['1.641', '0.457', '0.080', '0.29757', '-0.95470', '-0.00010', '0.95470',
    '0.29757', '-0.00023', '0.00025', '-0.00003', '1.00000']
  '004.7333': ['1.644', '0.470', '0.080', '0.25996', '-0.96562', '-0.00010', '0.96562',
    '0.25996', '-0.00021', '0.00023', '-0.00004', '1.00000']
  '004.8000': ['1.647', '0.484', '0.080', '0.22087', '-0.97530', '-0.00009', '0.97530',
    '0.22087', '-0.00020', '0.00022', '-0.00004', '1.00000']
  '004.8667': ['1.650', '0.497', '0.080', '0.18433', '-0.98286', '-0.00006', '0.98286',
    '0.18433', '-0.00014', '0.00015', '-0.00004', '1.00000']
  '004.9333': ['1.651', '0.510', '0.080', '0.14599', '-0.98929', '-0.00003', '0.98929',
    '0.14599', '-0.00005', '0.00006', '-0.00002', '1.00000']
  '005.0000': ['1.652', '0.524', '0.080', '0.11112', '-0.99381', '0.00004', '0.99381',
    '0.11112', '-0.00006', '0.00006', '0.00004', '1.00000']
  '005.0667': ['1.652', '0.537', '0.080', '0.07681', '-0.99705', '0.00014', '0.99705',
    '0.07681', '-0.00001', '-0.00001', '0.00014', '1.00000']
  '005.1333': ['1.654', '0.550', '0.080', '0.03970', '-0.99921', '0.00010', '0.99921',
    '0.03970', '0.00002', '-0.00003', '0.00009', '1.00000']
  '005.2000': ['1.654', '0.564', '0.080', '0.01994', '-0.99980', '0.00012', '0.99980',
    '0.01994', '0.00007', '-0.00007', '0.00011', '1.00000']
  '005.2667': ['1.656', '0.576', '0.080', '0.00065', '-1.00000', '-0.00008', '1.00000',
    '0.00065', '0.00019', '-0.00019', '-0.00008', '1.00000']
  '005.3333': ['1.653', '0.592', '0.080', '-0.01073', '-0.99994', '0.00018', '0.99994',
    '-0.01073', '0.00001', '-0.00001', '0.00018', '1.00000']
  '005.4000': ['1.650', '0.606', '0.080', '-0.02516', '-0.99968', '0.00037', '0.99968',
    '-0.02516', '-0.00000', '0.00001', '0.00037', '1.00000']
  '005.4667': ['1.654', '0.618', '0.080', '-0.04307', '-0.99907', '0.00004', '0.99907',
    '-0.04307', '0.00020', '-0.00020', '0.00005', '1.00000']
  '005.5333': ['1.654', '0.631', '0.080', '-0.06106', '-0.99813', '-0.00001', '0.99813',
    '-0.06106', '0.00024', '-0.00024', '0.00001', '1.00000']
  '005.6000': ['1.652', '0.646', '0.080', '-0.07362', '-0.99729', '0.00005', '0.99729',
    '-0.07362', '0.00025', '-0.00025', '0.00007', '1.00000']
  '005.6667': ['1.652', '0.660', '0.080', '-0.09144', '-0.99581', '-0.00001', '0.99581',
    '-0.09144', '0.00030', '-0.00030', '0.00002', '1.00000']
  '005.7333': ['1.649', '0.675', '0.080', '-0.11291', '-0.99360', '0.00008', '0.99360',
    '-0.11291', '0.00032', '-0.00031', '0.00011', '1.00000']
  '005.8000': ['1.649', '0.689', '0.080', '-0.13236', '-0.99120', '-0.00006', '0.99120',
    '-0.13236', '0.00038', '-0.00039', '-0.00001', '1.00000']
  '005.8667': ['1.648', '0.703', '0.080', '-0.14507', '-0.98942', '-0.00010', '0.98942',
    '-0.14507', '0.00039', '-0.00040', '-0.00004', '1.00000']
  '005.9333': ['1.646', '0.717', '0.080', '-0.15545', '-0.98784', '-0.00016', '0.98784',
    '-0.15545', '0.00040', '-0.00042', '-0.00009', '1.00000']
  '006.0000': ['1.643', '0.731', '0.080', '-0.17255', '-0.98500', '-0.00011', '0.98500',
    '-0.17255', '0.00036', '-0.00038', '-0.00005', '1.00000']
  '006.0667': ['1.641', '0.744', '0.080', '-0.18440', '-0.98285', '-0.00012', '0.98285',
    '-0.18440', '0.00041', '-0.00043', '-0.00004', '1.00000']
  '006.1333': ['1.639', '0.758', '0.080', '-0.19839', '-0.98012', '-0.00014', '0.98012',
    '-0.19839', '0.00042', '-0.00044', '-0.00006', '1.00000']
  '006.2000': ['1.636', '0.771', '0.080', '-0.22262', '-0.97490', '-0.00011', '0.97490',
    '-0.22262', '0.00047', '-0.00048', '-0.00000', '1.00000']
  '006.2667': ['1.633', '0.786', '0.080', '-0.24147', '-0.97041', '-0.00016', '0.97041',
    '-0.24147', '0.00049', '-0.00051', '-0.00004', '1.00000']
  '006.3333': ['1.630', '0.801', '0.080', '-0.25387', '-0.96724', '-0.00018', '0.96724',
    '-0.25387', '0.00051', '-0.00054', '-0.00004', '1.00000']
  '006.4000': ['1.625', '0.815', '0.080', '-0.26413', '-0.96449', '-0.00017', '0.96449',
    '-0.26413', '0.00048', '-0.00050', '-0.00004', '1.00000']
  '006.4667': ['1.621', '0.829', '0.080', '-0.27059', '-0.96270', '-0.00021', '0.96270',
    '-0.27059', '0.00047', '-0.00050', '-0.00007', '1.00000']
  '006.5333': ['1.618', '0.842', '0.080', '-0.28145', '-0.95958', '-0.00021', '0.95958',
    '-0.28145', '0.00047', '-0.00051', '-0.00007', '1.00000']
  '006.6000': ['1.613', '0.856', '0.080', '-0.29202', '-0.95641', '-0.00020', '0.95641',
    '-0.29202', '0.00048', '-0.00052', '-0.00005', '1.00000']
  '006.6667': ['1.610', '0.869', '0.080', '-0.30512', '-0.95231', '-0.00023', '0.95231',
    '-0.30512', '0.00047', '-0.00052', '-0.00007', '1.00000']
  '006.7333': ['1.605', '0.882', '0.080', '-0.31659', '-0.94856', '-0.00022', '0.94856',
    '-0.31659', '0.00046', '-0.00051', '-0.00006', '1.00000']
  '006.8000': ['1.602', '0.896', '0.080', '-0.31887', '-0.94780', '-0.00029', '0.94780',
    '-0.31887', '0.00043', '-0.00050', '-0.00014', '1.00000']
  '006.8667': ['1.598', '0.908', '0.080', '-0.32219', '-0.94668', '-0.00032', '0.94668',
    '-0.32219', '0.00041', '-0.00049', '-0.00017', '1.00000']
  '006.9333': ['1.594', '0.921', '0.080', '-0.33856', '-0.94094', '-0.00032', '0.94094',
    '-0.33856', '0.00041', '-0.00050', '-0.00017', '1.00000']
  '007.0000': ['1.589', '0.934', '0.080', '-0.35604', '-0.93447', '-0.00030', '0.93447',
    '-0.35604', '0.00039', '-0.00047', '-0.00014', '1.00000']
  '007.0667': ['1.583', '0.946', '0.080', '-0.38206', '-0.92414', '-0.00022', '0.92414',
    '-0.38206', '0.00040', '-0.00045', '-0.00005', '1.00000']
  '007.1333': ['1.578', '0.956', '0.080', '-0.42758', '-0.90398', '-0.00019', '0.90398',
    '-0.42758', '0.00045', '-0.00048', '0.00002', '1.00000']
  '007.2000': ['1.573', '0.965', '0.080', '-0.50135', '-0.86524', '-0.00020', '0.86524',
    '-0.50135', '0.00045', '-0.00049', '0.00005', '1.00000']
  '007.2667': ['1.566', '0.975', '0.080', '-0.57504', '-0.81812', '-0.00023', '0.81812',
    '-0.57504', '0.00047', '-0.00052', '0.00008', '1.00000']
  '007.3333': ['1.558', '0.985', '0.080', '-0.63351', '-0.77374', '-0.00028', '0.77374',
    '-0.63351', '0.00047', '-0.00054', '0.00008', '1.00000']
  '007.4000': ['1.550', '0.994', '0.080', '-0.68389', '-0.72959', '-0.00033', '0.72959',
    '-0.68389', '0.00045', '-0.00055', '0.00007', '1.00000']
  '007.4667': ['1.540', '1.004', '0.080', '-0.73141', '-0.68194', '-0.00038', '0.68194',
    '-0.73141', '0.00044', '-0.00058', '0.00006', '1.00000']
  '007.5333': ['1.529', '1.014', '0.080', '-0.77657', '-0.63003', '-0.00040', '0.63003',
    '-0.77657', '0.00040', '-0.00056', '0.00006', '1.00000']
  '007.6000': ['1.518', '1.023', '0.080', '-0.81974', '-0.57274', '-0.00043', '0.57274',
    '-0.81974', '0.00037', '-0.00056', '0.00006', '1.00000']
  '007.6667': ['1.506', '1.031', '0.080', '-0.85722', '-0.51494', '-0.00047', '0.51494',
    '-0.85722', '0.00039', '-0.00060', '0.00009', '1.00000']
  '007.7333': ['1.495', '1.037', '0.080', '-0.90572', '-0.42388', '-0.00047', '0.42388',
    '-0.90572', '0.00035', '-0.00057', '0.00011', '1.00000']
  '007.8000': ['1.486', '1.040', '0.080', '-0.95627', '-0.29247', '-0.00050', '0.29247',
    '-0.95627', '0.00035', '-0.00058', '0.00019', '1.00000']
  '007.8667': ['1.476', '1.044', '0.080', '-0.99104', '-0.13360', '-0.00052', '0.13360',
    '-0.99104', '0.00033', '-0.00056', '0.00025', '1.00000']
  '007.9333': ['1.464', '1.047', '0.080', '-0.99970', '0.02447', '-0.00053', '-0.02447',
    '-0.99970', '0.00030', '-0.00052', '0.00031', '1.00000']
  '008.0000': ['1.451', '1.047', '0.080', '-0.98704', '0.16049', '-0.00058', '-0.16049',
    '-0.98704', '0.00031', '-0.00052', '0.00040', '1.00000']
  '008.0667': ['1.436', '1.045', '0.080', '-0.95950', '0.28171', '-0.00059', '-0.28171',
    '-0.95950', '0.00028', '-0.00049', '0.00043', '1.00000']
  '008.1333': ['1.422', '1.037', '0.080', '-0.91482', '0.40387', '-0.00058', '-0.40387',
    '-0.91482', '0.00028', '-0.00042', '0.00049', '1.00000']
  '008.2000': ['1.434', '1.007', '0.080', '-0.88961', '0.45673', '-0.00000', '-0.45673',
    '-0.88961', '0.00010', '0.00004', '0.00009', '1.00000']
  '008.2667': ['1.419', '0.999', '0.080', '-0.86686', '0.49855', '-0.00002', '-0.49855',
    '-0.86686', '0.00006', '0.00001', '0.00006', '1.00000']
  '008.3333': ['1.407', '0.989', '0.080', '-0.86307', '0.50509', '-0.00003', '-0.50509',
    '-0.86307', '0.00003', '-0.00001', '0.00004', '1.00000']
  '008.4000': ['1.395', '0.981', '0.080', '-0.87079', '0.49166', '-0.00007', '-0.49166',
    '-0.87079', '0.00004', '-0.00004', '0.00007', '1.00000']
  '008.4667': ['1.381', '0.974', '0.080', '-0.88971', '0.45653', '-0.00007', '-0.45653',
    '-0.88971', '0.00003', '-0.00005', '0.00006', '1.00000']
  '008.5333': ['1.372', '0.966', '0.080', '-0.90943', '0.41587', '-0.00010', '-0.41587',
    '-0.90943', '0.00006', '-0.00006', '0.00009', '1.00000']
  '008.6000': ['1.357', '0.962', '0.080', '-0.92882', '0.37053', '-0.00006', '-0.37053',
    '-0.92882', '0.00004', '-0.00004', '0.00006', '1.00000']
  '008.6667': ['1.348', '0.956', '0.080', '-0.93970', '0.34201', '-0.00009', '-0.34201',
    '-0.93970', '0.00008', '-0.00005', '0.00011', '1.00000']
  '008.7333': ['1.333', '0.954', '0.080', '-0.94569', '0.32507', '-0.00007', '-0.32507',
    '-0.94569', '0.00008', '-0.00004', '0.00010', '1.00000']
  '008.8000': ['1.321', '0.950', '0.080', '-0.94916', '0.31479', '-0.00010', '-0.31479',
    '-0.94916', '0.00008', '-0.00007', '0.00010', '1.00000']
  '008.8667': ['1.309', '0.946', '0.080', '-0.95023', '0.31156', '-0.00010', '-0.31156',
    '-0.95023', '0.00009', '-0.00007', '0.00012', '1.00000']
  '008.9333': ['1.296', '0.942', '0.080', '-0.95074', '0.30998', '-0.00010', '-0.30998',
    '-0.95074', '0.00008', '-0.00007', '0.00011', '1.00000']
  '009.0000': ['1.288', '0.935', '0.080', '-0.94646', '0.32282', '-0.00014', '-0.32282',
    '-0.94646', '0.00012', '-0.00010', '0.00016', '1.00000']
  '009.0667': ['1.272', '0.933', '0.080', '-0.94654', '0.32258', '-0.00013', '-0.32258',
    '-0.94654', '0.00013', '-0.00008', '0.00016', '1.00000']
  '009.1333': ['1.259', '0.929', '0.080', '-0.94837', '0.31716', '-0.00012', '-0.31716',
    '-0.94837', '0.00008', '-0.00009', '0.00012', '1.00000']
  '009.2000': ['1.247', '0.924', '0.080', '-0.94856', '0.31659', '-0.00013', '-0.31659',
    '-0.94856', '0.00007', '-0.00010', '0.00011', '1.00000']
  '009.2667': ['1.234', '0.918', '0.080', '-0.95368', '0.30083', '-0.00018', '-0.30083',
    '-0.95368', '0.00005', '-0.00016', '0.00010', '1.00000']
  '009.3333': ['1.218', '0.915', '0.080', '-0.94953', '0.31367', '-0.00013', '-0.31367',
    '-0.94953', '0.00007', '-0.00010', '0.00010', '1.00000']
  '009.4000': ['1.203', '0.911', '0.080', '-0.94511', '0.32674', '-0.00012', '-0.32674',
    '-0.94511', '0.00004', '-0.00010', '0.00007', '1.00000']
  '009.4667': ['1.192', '0.905', '0.080', '-0.94400', '0.32995', '-0.00012', '-0.32995',
    '-0.94400', '-0.00003', '-0.00013', '0.00001', '1.00000']
  '009.5333': ['1.179', '0.900', '0.080', '-0.94827', '0.31746', '-0.00016', '-0.31746',
    '-0.94827', '-0.00002', '-0.00016', '0.00004', '1.00000']
  '009.6000': ['1.166', '0.896', '0.080', '-0.94988', '0.31260', '-0.00019', '-0.31260',
    '-0.94988', '-0.00004', '-0.00020', '0.00003', '1.00000']
  '009.6667': ['1.154', '0.892', '0.080', '-0.94958', '0.31354', '-0.00018', '-0.31354',
    '-0.94958', '-0.00002', '-0.00018', '0.00004', '1.00000']
  '009.7333': ['1.142', '0.886', '0.080', '-0.94864', '0.31635', '-0.00015', '-0.31635',
    '-0.94864', '0.00001', '-0.00014', '0.00006', '1.00000']
  '009.8000': ['1.131', '0.880', '0.080', '-0.94108', '0.33820', '-0.00010', '-0.33820',
    '-0.94108', '0.00005', '-0.00008', '0.00009', '1.00000']
  '009.8667': ['1.117', '0.876', '0.080', '-0.94201', '0.33559', '-0.00009', '-0.33559',
    '-0.94201', '0.00004', '-0.00007', '0.00007', '1.00000']
  '009.9333': ['1.103', '0.870', '0.080', '-0.94434', '0.32896', '-0.00012', '-0.32896',
    '-0.94434', '0.00002', '-0.00011', '0.00005', '1.00000']
  '010.0000': ['1.089', '0.866', '0.080', '-0.93996', '0.34127', '-0.00014', '-0.34127',
    '-0.93996', '-0.00002', '-0.00014', '0.00003', '1.00000']
  '010.0667': ['1.101', '0.844', '0.080', '-0.93645', '0.35079', '0.00030', '-0.35079',
    '-0.93645', '-0.00015', '0.00023', '-0.00025', '1.00000']
  '010.1333': ['1.089', '0.838', '0.080', '-0.93035', '0.36667', '0.00023', '-0.36667',
    '-0.93035', '-0.00018', '0.00015', '-0.00026', '1.00000']
  '010.2000': ['1.073', '0.833', '0.080', '-0.92320', '0.38432', '0.00024', '-0.38432',
    '-0.92320', '-0.00022', '0.00014', '-0.00029', '1.00000']
  '010.2667': ['1.060', '0.826', '0.080', '-0.91586', '0.40150', '0.00020', '-0.40150',
    '-0.91586', '-0.00024', '0.00009', '-0.00030', '1.00000']
  '010.3333': ['1.046', '0.820', '0.080', '-0.90791', '0.41917', '0.00019', '-0.41917',
    '-0.90791', '-0.00024', '0.00007', '-0.00030', '1.00000']
  '010.4000': ['1.031', '0.815', '0.080', '-0.90327', '0.42906', '0.00014', '-0.42906',
    '-0.90327', '-0.00031', '-0.00001', '-0.00034', '1.00000']
  '010.4667': ['1.016', '0.810', '0.080', '-0.90457', '0.42632', '0.00013', '-0.42632',
    '-0.90457', '-0.00032', '-0.00002', '-0.00034', '1.00000']
  '010.5333': ['1.000', '0.805', '0.080', '-0.90672', '0.42173', '0.00012', '-0.42173',
    '-0.90672', '-0.00033', '-0.00004', '-0.00035', '1.00000']
  '010.6000': ['0.986', '0.801', '0.080', '-0.90247', '0.43075', '0.00012', '-0.43075',
    '-0.90247', '-0.00038', '-0.00006', '-0.00039', '1.00000']
  '010.6667': ['0.976', '0.802', '0.080', '-0.84250', '0.53869', '0.00017', '-0.53869',
    '-0.84250', '-0.00042', '-0.00008', '-0.00044', '1.00000']
  '010.7333': ['0.972', '0.795', '0.080', '-0.74201', '0.67039', '0.00013', '-0.67039',
    '-0.74201', '-0.00040', '-0.00017', '-0.00038', '1.00000']
  '010.8000': ['0.968', '0.784', '0.080', '-0.63953', '0.76877', '0.00005', '-0.76877',
    '-0.63953', '-0.00039', '-0.00027', '-0.00029', '1.00000']
  '010.8667': ['0.962', '0.775', '0.080', '-0.54326', '0.83956', '-0.00002', '-0.83956',
    '-0.54326', '-0.00045', '-0.00039', '-0.00023', '1.00000']
  '010.9333': ['0.954', '0.769', '0.080', '-0.43374', '0.90104', '-0.00003', '-0.90104',
    '-0.43374', '-0.00061', '-0.00056', '-0.00024', '1.00000']
  '011.0000': ['0.948', '0.757', '0.080', '-0.33273', '0.94302', '-0.00004', '-0.94302',
    '-0.33273', '-0.00068', '-0.00065', '-0.00019', '1.00000']
  '011.0667': ['0.942', '0.743', '0.080', '-0.24416', '0.96973', '0.00005', '-0.96973',
    '-0.24416', '-0.00066', '-0.00063', '-0.00021', '1.00000']
  '011.1333': ['0.939', '0.728', '0.080', '-0.15206', '0.98837', '0.00007', '-0.98837',
    '-0.15206', '-0.00069', '-0.00067', '-0.00017', '1.00000']
  '011.2000': ['0.938', '0.715', '0.080', '-0.04728', '0.99888', '0.00007', '-0.99888',
    '-0.04728', '-0.00078', '-0.00077', '-0.00011', '1.00000']
  '011.2667': ['0.933', '0.699', '0.080', '0.09286', '0.99568', '0.00003', '-0.99568',
    '0.09286', '-0.00019', '-0.00020', '-0.00002', '1.00000']
  '011.3333': ['0.935', '0.686', '0.080', '0.17831', '0.98397', '0.00000', '-0.98397',
    '0.17831', '-0.00022', '-0.00022', '0.00004', '1.00000']
  '011.4000': ['0.939', '0.668', '0.080', '0.24891', '0.96853', '-0.00002', '-0.96853',
    '0.24891', '-0.00021', '-0.00020', '0.00007', '1.00000']
  '011.4667': ['0.943', '0.655', '0.080', '0.29494', '0.95551', '-0.00002', '-0.95551',
    '0.29494', '-0.00024', '-0.00023', '0.00009', '1.00000']
  '011.5333': ['0.947', '0.643', '0.080', '0.35701', '0.93410', '0.00003', '-0.93410',
    '0.35701', '-0.00027', '-0.00026', '0.00007', '1.00000']
  '011.6000': ['0.951', '0.632', '0.080', '0.42918', '0.90322', '0.00008', '-0.90322',
    '0.42918', '-0.00031', '-0.00031', '0.00006', '1.00000']
  '011.6667': ['0.955', '0.627', '0.080', '0.58486', '0.81113', '0.00012', '-0.81113',
    '0.58486', '-0.00032', '-0.00033', '0.00009', '1.00000']
  '011.7333': ['0.961', '0.618', '0.080', '0.75927', '0.65077', '0.00018', '-0.65077',
    '0.75927', '-0.00031', '-0.00034', '0.00012', '1.00000']
  '011.8000': ['0.970', '0.612', '0.080', '0.87831', '0.47810', '0.00029', '-0.47810',
    '0.87831', '-0.00084', '-0.00065', '0.00060', '1.00000']
  '011.8667': ['0.977', '0.609', '0.080', '0.97697', '0.21338', '0.00032', '-0.21338',
    '0.97697', '-0.00087', '-0.00049', '0.00078', '1.00000']
  '011.9333': ['0.983', '0.615', '0.080', '0.99822', '-0.05969', '0.00037', '0.05969',
    '0.99822', '-0.00087', '-0.00032', '0.00089', '1.00000']
  '012.0000': ['0.985', '0.618', '0.080', '0.93449', '-0.35599', '0.00057', '0.35599',
    '0.93449', '-0.00089', '-0.00021', '0.00103', '1.00000']
  '012.0667': ['0.993', '0.616', '0.080', '0.79960', '-0.60054', '0.00053', '0.60054',
    '0.79960', '-0.00073', '0.00002', '0.00090', '1.00000']
  '012.1333': ['1.000', '0.628', '0.080', '0.65175', '-0.75843', '0.00049', '0.75843',
    '0.65175', '-0.00068', '0.00020', '0.00082', '1.00000']
  '012.2000': ['1.007', '0.637', '0.080', '0.50510', '-0.86306', '0.00048', '0.86306',
    '0.50510', '-0.00063', '0.00030', '0.00074', '1.00000']
  '012.2667': ['1.011', '0.656', '0.080', '0.34829', '-0.93739', '0.00050', '0.93739',
    '0.34829', '-0.00066', '0.00044', '0.00070', '1.00000']
  '012.3333': ['1.015', '0.665', '0.080', '0.18484', '-0.98277', '0.00046', '0.98277',
    '0.18484', '-0.00061', '0.00052', '0.00057', '1.00000']
  '012.4000': ['1.014', '0.681', '0.080', '-0.07683', '-0.99704', '0.00042', '0.99704',
    '-0.07683', '-0.00060', '0.00063', '0.00037', '1.00000']
  '012.4667': ['1.009', '0.690', '0.080', '-0.34905', '-0.93710', '0.00045', '0.93710',
    '-0.34905', '-0.00053', '0.00066', '0.00024', '1.00000']
  '012.5333': ['1.003', '0.699', '0.080', '-0.56668', '-0.82394', '0.00045', '0.82394',
    '-0.56668', '-0.00051', '0.00067', '0.00008', '1.00000']
  '012.6000': ['0.995', '0.708', '0.080', '-0.72144', '-0.69248', '0.00042', '0.69248',
    '-0.72144', '-0.00048', '0.00063', '-0.00006', '1.00000']
  '012.6667': ['0.985', '0.713', '0.080', '-0.82312', '-0.56787', '0.00042', '0.56787',
    '-0.82312', '-0.00040', '0.00058', '-0.00009', '1.00000']
  '012.7333': ['0.972', '0.720', '0.080', '-0.88867', '-0.45856', '0.00037', '0.45856',
    '-0.88867', '-0.00040', '0.00051', '-0.00019', '1.00000']
  '012.8000': ['0.958', '0.724', '0.080', '-0.92586', '-0.37786', '0.00032', '0.37786',
    '-0.92586', '-0.00035', '0.00043', '-0.00020', '1.00000']
  '012.8667': ['0.943', '0.731', '0.080', '-0.94797', '-0.31837', '0.00029', '0.31837',
    '-0.94797', '-0.00037', '0.00040', '-0.00025', '1.00000']
  '012.9333': ['0.929', '0.733', '0.080', '-0.95919', '-0.28276', '0.00026', '0.28276',
    '-0.95919', '-0.00033', '0.00034', '-0.00024', '1.00000']
  '013.0000': ['0.916', '0.737', '0.080', '-0.96508', '-0.26194', '0.00021', '0.26194',
    '-0.96508', '-0.00036', '0.00030', '-0.00029', '1.00000']
  '013.0667': ['0.902', '0.742', '0.080', '-0.97578', '-0.21875', '0.00019', '0.21875',
    '-0.97578', '-0.00038', '0.00027', '-0.00032', '1.00000']
  '013.1333': ['0.888', '0.744', '0.080', '-0.98590', '-0.16734', '0.00016', '0.16734',
    '-0.98590', '-0.00039', '0.00023', '-0.00036', '1.00000']
  '013.2000': ['0.875', '0.745', '0.080', '-0.99473', '-0.10253', '0.00011', '0.10253',
    '-0.99473', '-0.00037', '0.00015', '-0.00036', '1.00000']
  '013.2667': ['0.860', '0.746', '0.080', '-0.99831', '-0.05818', '0.00016', '0.05818',
    '-0.99831', '-0.00039', '0.00018', '-0.00038', '1.00000']
  '013.3333': ['0.847', '0.749', '0.080', '-0.99999', '-0.00528', '0.00014', '0.00528',
    '-0.99999', '-0.00037', '0.00015', '-0.00037', '1.00000']
  '013.4000': ['0.835', '0.750', '0.080', '-0.99936', '0.03573', '0.00006', '-0.03573',
    '-0.99936', '-0.00038', '0.00004', '-0.00039', '1.00000']
  '013.4667': ['0.826', '0.764', '0.080', '-0.99762', '0.06902', '0.00009', '-0.06902',
    '-0.99762', '-0.00000', '0.00009', '-0.00001', '1.00000']
  '013.5333': ['0.814', '0.763', '0.080', '-0.99518', '0.09810', '0.00006', '-0.09810',
    '-0.99518', '-0.00001', '0.00006', '-0.00002', '1.00000']
  '013.6000': ['0.803', '0.762', '0.080', '-0.99409', '0.10851', '0.00007', '-0.10851',
    '-0.99409', '-0.00003', '0.00007', '-0.00003', '1.00000']
  '013.6667': ['0.789', '0.759', '0.080', '-0.99224', '0.12434', '0.00009', '-0.12434',
    '-0.99224', '-0.00001', '0.00009', '-0.00002', '1.00000']
  '013.7333': ['0.777', '0.757', '0.080', '-0.98988', '0.14187', '0.00007', '-0.14187',
    '-0.98988', '-0.00000', '0.00007', '-0.00001', '1.00000']
  '013.8000': ['0.764', '0.755', '0.080', '-0.98630', '0.16496', '0.00003', '-0.16496',
    '-0.98630', '0.00000', '0.00003', '-0.00000', '1.00000']
  '013.8667': ['0.751', '0.752', '0.080', '-0.98280', '0.18467', '0.00001', '-0.18467',
    '-0.98280', '-0.00001', '0.00001', '-0.00001', '1.00000']
  '013.9333': ['0.739', '0.750', '0.080', '-0.98005', '0.19874', '0.00001', '-0.19874',
    '-0.98005', '-0.00001', '0.00001', '-0.00001', '1.00000']
  '014.0000': ['0.725', '0.748', '0.080', '-0.97772', '0.20993', '0.00000', '-0.20993',
    '-0.97772', '-0.00002', '-0.00000', '-0.00002', '1.00000']
  '014.0667': ['0.713', '0.744', '0.080', '-0.96748', '0.25295', '0.00001', '-0.25295',
    '-0.96748', '-0.00002', '0.00000', '-0.00003', '1.00000']
  '014.1333': ['0.702', '0.739', '0.080', '-0.93663', '0.35031', '-0.00003', '-0.35031',
    '-0.93663', '-0.00002', '-0.00004', '-0.00001', '1.00000']
  '014.2000': ['0.697', '0.738', '0.080', '-0.87103', '0.49124', '-0.00006', '-0.49124',
    '-0.87103', '-0.00005', '-0.00008', '-0.00002', '1.00000']
  '014.2667': ['0.693', '0.736', '0.080', '-0.74908', '0.66248', '-0.00009', '-0.66248',
    '-0.74908', '-0.00013', '-0.00015', '-0.00004', '1.00000']
  '014.3333': ['0.689', '0.731', '0.080', '-0.57487', '0.81825', '-0.00008', '-0.81825',
    '-0.57487', '-0.00022', '-0.00023', '-0.00006', '1.00000']
  '014.4000': ['0.689', '0.726', '0.080', '-0.40624', '0.91377', '-0.00015', '-0.91377',
    '-0.40624', '-0.00025', '-0.00029', '0.00004', '1.00000']
  '014.4667': ['0.687', '0.718', '0.080', '-0.14637', '0.98923', '-0.00011', '-0.98923',
    '-0.14637', '-0.00032', '-0.00034', '0.00006', '1.00000']
  '014.5333': ['0.686', '0.710', '0.080', '0.14119', '0.98998', '-0.00008', '-0.98998',
    '0.14119', '-0.00035', '-0.00034', '0.00013', '1.00000']
  '014.6000': ['0.690', '0.703', '0.080', '0.41407', '0.91024', '-0.00005', '-0.91024',
    '0.41407', '-0.00036', '-0.00031', '0.00019', '1.00000']
  '014.6667': ['0.695', '0.701', '0.080', '0.59117', '0.80655', '-0.00003', '-0.80655',
    '0.59117', '-0.00040', '-0.00031', '0.00027', '1.00000']
  '014.7333': ['0.700', '0.698', '0.080', '0.70891', '0.70530', '0.00000', '-0.70530',
    '0.70891', '-0.00042', '-0.00030', '0.00030', '1.00000']
  '014.8000': ['0.687', '0.708', '0.080', '0.86890', '0.49499', '0.00061', '-0.49499',
    '0.86890', '-0.00108', '-0.00106', '0.00064', '1.00000']
  '014.8667': ['0.710', '0.695', '0.080', '0.89734', '0.44135', '0.00008', '-0.44135',
    '0.89734', '-0.00043', '-0.00026', '0.00035', '1.00000']
  '014.9333': ['0.715', '0.694', '0.080', '0.94635', '0.32315', '0.00014', '-0.32315',
    '0.94635', '-0.00043', '-0.00028', '0.00037', '1.00000']
  '015.0000': ['0.721', '0.694', '0.080', '0.97472', '0.22341', '0.00017', '-0.22341',
    '0.97472', '-0.00043', '-0.00026', '0.00038', '1.00000']
  '015.0667': ['0.726', '0.692', '0.080', '0.99433', '0.10633', '0.00020', '-0.10633',
    '0.99433', '-0.00041', '-0.00024', '0.00039', '1.00000']
  '015.1333': ['0.732', '0.694', '0.080', '0.99980', '-0.02001', '0.00021', '0.02001',
    '0.99980', '-0.00041', '-0.00020', '0.00042', '1.00000']
  '015.2000': ['0.740', '0.694', '0.080', '0.99167', '-0.12881', '0.00024', '0.12881',
    '0.99167', '-0.00039', '-0.00019', '0.00041', '1.00000']
  '015.2667': ['0.746', '0.695', '0.080', '0.97992', '-0.19937', '0.00026', '0.19937',
    '0.97992', '-0.00037', '-0.00018', '0.00042', '1.00000']
  '015.3333': ['0.756', '0.696', '0.080', '0.96577', '-0.25941', '0.00027', '0.25941',
    '0.96577', '-0.00034', '-0.00017', '0.00040', '1.00000']
  '015.4000': ['0.768', '0.699', '0.080', '0.95215', '-0.30564', '0.00028', '0.30564',
    '0.95215', '-0.00033', '-0.00016', '0.00040', '1.00000']
  '015.4667': ['0.779', '0.704', '0.080', '0.93484', '-0.35507', '0.00030', '0.35507',
    '0.93484', '-0.00033', '-0.00016', '0.00041', '1.00000']
  '015.5333': ['0.795', '0.711', '0.080', '0.89014', '-0.45569', '0.00032', '0.45569',
    '0.89014', '-0.00032', '-0.00014', '0.00043', '1.00000']
  '015.6000': ['0.807', '0.719', '0.080', '0.82800', '-0.56073', '0.00031', '0.56073',
    '0.82800', '-0.00031', '-0.00009', '0.00043', '1.00000']
  '015.6667': ['0.814', '0.723', '0.080', '0.78607', '-0.61813', '0.00030', '0.61813',
    '0.78607', '-0.00029', '-0.00006', '0.00041', '1.00000']
  '015.7333': ['0.828', '0.733', '0.080', '0.73916', '-0.67353', '0.00033', '0.67353',
    '0.73916', '-0.00026', '-0.00007', '0.00042', '1.00000']
  '015.8000': ['0.840', '0.743', '0.080', '0.72588', '-0.68782', '0.00032', '0.68782',
    '0.72588', '-0.00025', '-0.00007', '0.00040', '1.00000']
  '015.8667': ['0.848', '0.752', '0.080', '0.72603', '-0.68766', '0.00033', '0.68766',
    '0.72603', '-0.00022', '-0.00009', '0.00038', '1.00000']
  '015.9333': ['0.864', '0.758', '0.080', '0.76416', '-0.64503', '0.00023', '0.64503',
    '0.76416', '-0.00066', '0.00025', '0.00065', '1.00000']
  '016.0000': ['0.875', '0.763', '0.080', '0.77134', '-0.63642', '0.00026', '0.63642',
    '0.77134', '-0.00057', '0.00016', '0.00061', '1.00000']
  '016.0667': ['0.886', '0.772', '0.080', '0.77192', '-0.63572', '0.00029', '0.63572',
    '0.77192', '-0.00059', '0.00015', '0.00064', '1.00000']
  '016.1333': ['0.897', '0.782', '0.080', '0.77206', '-0.63555', '0.00025', '0.63555',
    '0.77206', '-0.00061', '0.00019', '0.00063', '1.00000']
  '016.2000': ['0.907', '0.790', '0.080', '0.77262', '-0.63487', '0.00028', '0.63487',
    '0.77262', '-0.00059', '0.00016', '0.00064', '1.00000']
  '016.2667': ['0.917', '0.797', '0.080', '0.77654', '-0.63007', '0.00033', '0.63007',
    '0.77654', '-0.00058', '0.00011', '0.00066', '1.00000']
  '016.3333': ['0.927', '0.805', '0.080', '0.78216', '-0.62308', '0.00033', '0.62308',
    '0.78216', '-0.00058', '0.00010', '0.00066', '1.00000']
  '016.4000': ['0.938', '0.812', '0.080', '0.78654', '-0.61754', '0.00034', '0.61754',
    '0.78654', '-0.00057', '0.00009', '0.00066', '1.00000']
  '016.4667': ['0.948', '0.819', '0.080', '0.79017', '-0.61289', '0.00036', '0.61289',
    '0.79017', '-0.00055', '0.00005', '0.00066', '1.00000']
  '016.5333': ['0.959', '0.827', '0.080', '0.79014', '-0.61293', '0.00038', '0.61293',
    '0.79014', '-0.00056', '0.00005', '0.00068', '1.00000']
  '016.6000': ['0.970', '0.834', '0.080', '0.79180', '-0.61078', '0.00040', '0.61078',
    '0.79180', '-0.00056', '0.00002', '0.00068', '1.00000']
  '016.6667': ['0.981', '0.841', '0.080', '0.79460', '-0.60713', '0.00042', '0.60713',
    '0.79460', '-0.00054', '-0.00000', '0.00068', '1.00000']
  '016.7333': ['0.993', '0.848', '0.080', '0.79536', '-0.60614', '0.00040', '0.60614',
    '0.79536', '-0.00051', '-0.00001', '0.00065', '1.00000']
  '016.8000': ['1.003', '0.857', '0.080', '0.80384', '-0.59484', '0.00042', '0.59484',
    '0.80384', '-0.00046', '-0.00006', '0.00061', '1.00000']
  '016.8667': ['1.015', '0.865', '0.080', '0.80953', '-0.58707', '0.00041', '0.58707',
    '0.80953', '-0.00043', '-0.00008', '0.00059', '1.00000']
  '016.9333': ['1.027', '0.872', '0.080', '0.81329', '-0.58186', '0.00040', '0.58186',
    '0.81329', '-0.00042', '-0.00008', '0.00057', '1.00000']
  '017.0000': ['1.038', '0.880', '0.080', '0.81271', '-0.58267', '0.00041', '0.58267',
    '0.81271', '-0.00040', '-0.00010', '0.00057', '1.00000']
  '017.0667': ['1.048', '0.888', '0.080', '0.80831', '-0.58876', '0.00046', '0.58876',
    '0.80831', '-0.00039', '-0.00014', '0.00058', '1.00000']
  '017.1333': ['1.060', '0.896', '0.080', '0.80237', '-0.59682', '0.00046', '0.59682',
    '0.80237', '-0.00039', '-0.00014', '0.00059', '1.00000']
  '017.2000': ['1.071', '0.903', '0.080', '0.80247', '-0.59669', '0.00047', '0.59669',
    '0.80247', '-0.00035', '-0.00017', '0.00056', '1.00000']
  '017.2667': ['1.082', '0.911', '0.080', '0.80412', '-0.59446', '0.00051', '0.59446',
    '0.80412', '-0.00033', '-0.00021', '0.00057', '1.00000']
  '017.3333': ['1.094', '0.917', '0.080', '0.80446', '-0.59400', '0.00055', '0.59400',
    '0.80446', '-0.00028', '-0.00028', '0.00056', '1.00000']
  '017.4000': ['1.106', '0.927', '0.080', '0.79717', '-0.60376', '0.00056', '0.60376',
    '0.79717', '-0.00033', '-0.00025', '0.00060', '1.00000']
  '017.4667': ['1.119', '0.934', '0.080', '0.80139', '-0.59814', '0.00055', '0.59814',
    '0.80139', '-0.00028', '-0.00027', '0.00055', '1.00000']
  '017.5333': ['1.131', '0.943', '0.080', '0.80977', '-0.58675', '0.00060', '0.58675',
    '0.80977', '-0.00026', '-0.00033', '0.00056', '1.00000']
  '017.6000': ['1.144', '0.952', '0.080', '0.80755', '-0.58979', '0.00057', '0.58979',
    '0.80755', '-0.00026', '-0.00031', '0.00054', '1.00000']
  '017.6666': ['1.155', '0.960', '0.080', '0.81276', '-0.58260', '0.00063', '0.58260',
    '0.81276', '-0.00023', '-0.00038', '0.00055', '1.00000']
  '017.7333': ['1.165', '0.970', '0.080', '0.81396', '-0.58092', '0.00066', '0.58092',
    '0.81396', '-0.00021', '-0.00042', '0.00055', '1.00000']
  '017.8000': ['1.175', '0.979', '0.080', '0.81492', '-0.57958', '0.00071', '0.57958',
    '0.81492', '-0.00018', '-0.00047', '0.00056', '1.00000']
  '017.8666': ['1.188', '0.988', '0.080', '0.81869', '-0.57424', '0.00071', '0.57424',
    '0.81869', '-0.00022', '-0.00045', '0.00058', '1.00000']
  '017.9333': ['1.201', '0.995', '0.080', '0.81856', '-0.57442', '0.00072', '0.57442',
    '0.81856', '-0.00022', '-0.00046', '0.00059', '1.00000']
  '018.0000': ['1.213', '1.004', '0.080', '0.81633', '-0.57758', '0.00072', '0.57758',
    '0.81633', '-0.00020', '-0.00047', '0.00058', '1.00000']
  '018.0666': ['1.224', '1.013', '0.080', '0.81122', '-0.58474', '0.00073', '0.58474',
    '0.81122', '-0.00022', '-0.00046', '0.00060', '1.00000']
  '018.1333': ['1.237', '1.022', '0.080', '0.80750', '-0.58986', '0.00070', '0.58986',
    '0.80750', '-0.00021', '-0.00044', '0.00059', '1.00000']
  '018.2000': ['1.249', '1.031', '0.080', '0.80101', '-0.59865', '0.00073', '0.59865',
    '0.80101', '-0.00020', '-0.00046', '0.00060', '1.00000']
  '018.2666': ['1.258', '1.041', '0.080', '0.80440', '-0.59409', '0.00075', '0.59409',
    '0.80440', '-0.00016', '-0.00051', '0.00057', '1.00000']
  '018.3333': ['1.270', '1.050', '0.080', '0.80574', '-0.59227', '0.00074', '0.59227',
    '0.80574', '-0.00019', '-0.00048', '0.00059', '1.00000']
  '018.4000': ['1.280', '1.059', '0.080', '0.80758', '-0.58975', '0.00075', '0.58975',
    '0.80758', '-0.00022', '-0.00048', '0.00061', '1.00000']
  '018.4666': ['1.283', '1.065', '0.080', '0.79960', '-0.60053', '0.00075', '0.60053',
    '0.79960', '-0.00029', '-0.00042', '0.00068', '1.00000']
  '018.5333': ['1.283', '1.066', '0.080', '0.79929', '-0.60095', '0.00073', '0.60095',
    '0.79929', '-0.00032', '-0.00039', '0.00069', '1.00000']
  '018.6000': ['1.284', '1.066', '0.080', '0.79793', '-0.60275', '0.00072', '0.60275',
    '0.79793', '-0.00032', '-0.00038', '0.00069', '1.00000']
  '018.6666': ['1.284', '1.066', '0.080', '0.79747', '-0.60336', '0.00072', '0.60336',
    '0.79747', '-0.00033', '-0.00037', '0.00070', '1.00000']
  '018.7333': ['1.284', '1.066', '0.080', '0.79827', '-0.60230', '0.00071', '0.60230',
    '0.79827', '-0.00032', '-0.00038', '0.00069', '1.00000']
  '018.8000': ['1.284', '1.066', '0.080', '0.79723', '-0.60368', '0.00072', '0.60368',
    '0.79723', '-0.00033', '-0.00037', '0.00070', '1.00000']
  '018.8666': ['1.284', '1.066', '0.080', '0.79715', '-0.60378', '0.00072', '0.60378',
    '0.79715', '-0.00033', '-0.00037', '0.00070', '1.00000']
  '018.9333': ['1.284', '1.066', '0.080', '0.79760', '-0.60319', '0.00072', '0.60319',
    '0.79760', '-0.00033', '-0.00037', '0.00070', '1.00000']
  '019.0000': ['1.285', '1.066', '0.080', '0.79746', '-0.60338', '0.00070', '0.60338',
    '0.79746', '-0.00033', '-0.00036', '0.00069', '1.00000']
