begin_time_stamp: 1588333612.3999996
data_header:
  time_stamp: [x, y, z, R11, R12, R13, R21, R22, R23, R31, R32, R33]
trajectory_data:
  '000.0000': ['0.190', '0.333', '0.080', '0.32827', '0.94458', '-0.00015', '-0.94458',
    '0.32827', '-0.00054', '-0.00046', '0.00032', '1.00000']
  '000.0667': ['0.194', '0.323', '0.080', '0.39275', '0.91964', '-0.00012', '-0.91964',
    '0.39275', '-0.00052', '-0.00043', '0.00032', '1.00000']
  '000.1333': ['0.203', '0.305', '0.080', '0.49928', '0.86644', '-0.00011', '-0.86644',
    '0.49928', '-0.00053', '-0.00040', '0.00035', '1.00000']
  '000.2000': ['0.211', '0.292', '0.080', '0.58585', '0.81042', '-0.00008', '-0.81042',
    '0.58585', '-0.00053', '-0.00038', '0.00037', '1.00000']
  '000.2667': ['0.219', '0.282', '0.080', '0.64659', '0.76284', '-0.00005', '-0.76284',
    '0.64659', '-0.00052', '-0.00037', '0.00037', '1.00000']
  '000.3333': ['0.231', '0.270', '0.080', '0.71605', '0.69804', '-0.00003', '-0.69804',
    '0.71605', '-0.00052', '-0.00034', '0.00039', '1.00000']
  '000.4000': ['0.242', '0.260', '0.080', '0.76712', '0.64150', '-0.00001', '-0.64150',
    '0.76712', '-0.00051', '-0.00032', '0.00040', '1.00000']
  '000.4667': ['0.253', '0.251', '0.080', '0.81155', '0.58428', '0.00001', '-0.58428',
    '0.81155', '-0.00051', '-0.00031', '0.00041', '1.00000']
  '000.5333': ['0.266', '0.243', '0.080', '0.84589', '0.53336', '0.00003', '-0.53336',
    '0.84589', '-0.00051', '-0.00030', '0.00041', '1.00000']
  '000.6000': ['0.277', '0.237', '0.080', '0.86749', '0.49746', '0.00004', '-0.49746',
    '0.86749', '-0.00050', '-0.00029', '0.00041', '1.00000']
  '000.6667': ['0.287', '0.231', '0.080', '0.88030', '0.47441', '0.00007', '-0.47441',
    '0.88030', '-0.00048', '-0.00028', '0.00039', '1.00000']
  '000.7333': ['0.299', '0.226', '0.080', '0.90245', '0.43080', '0.00009', '-0.43080',
    '0.90245', '-0.00046', '-0.00028', '0.00038', '1.00000']
  '000.8000': ['0.315', '0.218', '0.080', '0.92235', '0.38636', '0.00010', '-0.38636',
    '0.92235', '-0.00043', '-0.00026', '0.00036', '1.00000']
  '000.8667': ['0.328', '0.213', '0.080', '0.93394', '0.35742', '0.00010', '-0.35742',
    '0.93394', '-0.00042', '-0.00025', '0.00036', '1.00000']
  '000.9333': ['0.337', '0.211', '0.080', '0.94041', '0.34005', '0.00011', '-0.34005',
    '0.94041', '-0.00045', '-0.00026', '0.00038', '1.00000']
  '001.0000': ['0.353', '0.205', '0.080', '0.94482', '0.32760', '0.00012', '-0.32760',
    '0.94482', '-0.00044', '-0.00026', '0.00038', '1.00000']
  '001.0667': ['0.368', '0.200', '0.080', '0.94276', '0.33347', '0.00013', '-0.33347',
    '0.94276', '-0.00045', '-0.00027', '0.00038', '1.00000']
  '001.1333': ['0.377', '0.197', '0.080', '0.93890', '0.34420', '0.00014', '-0.34420',
    '0.93890', '-0.00044', '-0.00029', '0.00036', '1.00000']
  '001.2000': ['0.392', '0.191', '0.080', '0.93539', '0.35363', '0.00014', '-0.35363',
    '0.93539', '-0.00044', '-0.00029', '0.00036', '1.00000']
  '001.2667': ['0.401', '0.188', '0.080', '0.93364', '0.35823', '0.00014', '-0.35823',
    '0.93364', '-0.00044', '-0.00029', '0.00036', '1.00000']
  '001.3333': ['0.411', '0.184', '0.080', '0.93480', '0.35516', '0.00015', '-0.35516',
    '0.93480', '-0.00045', '-0.00030', '0.00036', '1.00000']
  '001.4000': ['0.425', '0.178', '0.080', '0.93390', '0.35753', '0.00015', '-0.35753',
    '0.93390', '-0.00043', '-0.00029', '0.00034', '1.00000']
  '001.4667': ['0.436', '0.174', '0.080', '0.93461', '0.35566', '0.00015', '-0.35566',
    '0.93461', '-0.00042', '-0.00029', '0.00034', '1.00000']
  '001.5333': ['0.443', '0.172', '0.080', '0.93459', '0.35572', '0.00016', '-0.35572',
    '0.93459', '-0.00043', '-0.00030', '0.00035', '1.00000']
  '001.6000': ['0.456', '0.167', '0.080', '0.93596', '0.35210', '0.00016', '-0.35210',
    '0.93596', '-0.00041', '-0.00030', '0.00033', '1.00000']
  '001.6667': ['0.467', '0.162', '0.080', '0.93695', '0.34945', '0.00016', '-0.34945',
    '0.93695', '-0.00040', '-0.00029', '0.00032', '1.00000']
  '001.7333': ['0.483', '0.156', '0.080', '0.94056', '0.33963', '0.00019', '-0.33963',
    '0.94056', '-0.00037', '-0.00030', '0.00028', '1.00000']
  '001.8000': ['0.491', '0.154', '0.080', '0.94379', '0.33055', '0.00021', '-0.33055',
    '0.94379', '-0.00036', '-0.00031', '0.00027', '1.00000']
  '001.8667': ['0.499', '0.152', '0.080', '0.94740', '0.32005', '0.00020', '-0.32005',
    '0.94740', '-0.00036', '-0.00030', '0.00028', '1.00000']
  '001.9333': ['0.515', '0.147', '0.080', '0.95225', '0.30532', '0.00021', '-0.30532',
    '0.95225', '-0.00035', '-0.00030', '0.00027', '1.00000']
  '002.0000': ['0.535', '0.140', '0.080', '0.95531', '0.29562', '0.00020', '-0.29562',
    '0.95531', '-0.00032', '-0.00029', '0.00025', '1.00000']
  '002.0667': ['0.542', '0.139', '0.080', '0.95881', '0.28406', '0.00022', '-0.28406',
    '0.95881', '-0.00033', '-0.00030', '0.00026', '1.00000']
  '002.1333': ['0.555', '0.135', '0.080', '0.96279', '0.27027', '0.00022', '-0.27027',
    '0.96279', '-0.00034', '-0.00031', '0.00027', '1.00000']
  '002.2000': ['0.566', '0.131', '0.080', '0.96473', '0.26325', '0.00022', '-0.26325',
    '0.96473', '-0.00032', '-0.00030', '0.00025', '1.00000']
  '002.2667': ['0.578', '0.129', '0.080', '0.96972', '0.24420', '0.00024', '-0.24420',
    '0.96972', '-0.00033', '-0.00031', '0.00027', '1.00000']
  '002.3333': ['0.591', '0.125', '0.080', '0.97313', '0.23025', '0.00025', '-0.23025',
    '0.97313', '-0.00030', '-0.00031', '0.00024', '1.00000']
  '002.4000': ['0.601', '0.123', '0.080', '0.97617', '0.21701', '0.00025', '-0.21701',
    '0.97617', '-0.00029', '-0.00031', '0.00023', '1.00000']
  '002.4667': ['0.614', '0.121', '0.080', '0.98261', '0.18569', '0.00024', '-0.18569',
    '0.98261', '-0.00033', '-0.00030', '0.00028', '1.00000']
  '002.5333': ['0.630', '0.115', '0.080', '0.98687', '0.16153', '0.00025', '-0.16153',
    '0.98687', '-0.00031', '-0.00029', '0.00027', '1.00000']
  '002.6000': ['0.637', '0.115', '0.080', '0.98937', '0.14545', '0.00025', '-0.14545',
    '0.98937', '-0.00031', '-0.00029', '0.00027', '1.00000']
  '002.6667': ['0.654', '0.110', '0.080', '0.99217', '0.12490', '0.00025', '-0.12490',
    '0.99217', '-0.00029', '-0.00028', '0.00026', '1.00000']
  '002.7333': ['0.668', '0.109', '0.080', '0.99437', '0.10595', '0.00025', '-0.10595',
    '0.99437', '-0.00028', '-0.00028', '0.00025', '1.00000']
  '002.8000': ['0.679', '0.110', '0.080', '0.99635', '0.08536', '0.00025', '-0.08536',
    '0.99635', '-0.00027', '-0.00027', '0.00025', '1.00000']
  '002.8667': ['0.692', '0.109', '0.080', '0.99703', '0.07698', '0.00022', '-0.07698',
    '0.99703', '-0.00025', '-0.00024', '0.00023', '1.00000']
  '002.9333': ['0.708', '0.108', '0.080', '0.99787', '0.06524', '0.00021', '-0.06524',
    '0.99787', '-0.00022', '-0.00023', '0.00021', '1.00000']
  '003.0000': ['0.719', '0.107', '0.080', '0.99791', '0.06467', '0.00023', '-0.06467',
    '0.99791', '-0.00021', '-0.00024', '0.00020', '1.00000']
  '003.0667': ['0.736', '0.105', '0.080', '0.99833', '0.05774', '0.00024', '-0.05774',
    '0.99833', '-0.00021', '-0.00025', '0.00019', '1.00000']
  '003.1333': ['0.743', '0.105', '0.080', '0.99872', '0.05049', '0.00025', '-0.05049',
    '0.99872', '-0.00021', '-0.00026', '0.00019', '1.00000']
  '003.2000': ['0.756', '0.107', '0.080', '0.99923', '0.03913', '0.00025', '-0.03913',
    '0.99923', '-0.00023', '-0.00026', '0.00022', '1.00000']
  '003.2667': ['0.771', '0.106', '0.080', '0.99950', '0.03156', '0.00024', '-0.03156',
    '0.99950', '-0.00024', '-0.00025', '0.00023', '1.00000']
  '003.3333': ['0.780', '0.104', '0.080', '0.99959', '0.02856', '0.00025', '-0.02856',
    '0.99959', '-0.00023', '-0.00025', '0.00022', '1.00000']
  '003.4000': ['0.790', '0.102', '0.080', '0.99968', '0.02547', '0.00025', '-0.02547',
    '0.99968', '-0.00022', '-0.00026', '0.00021', '1.00000']
  '003.4667': ['0.802', '0.102', '0.080', '0.99978', '0.02095', '0.00025', '-0.02095',
    '0.99978', '-0.00021', '-0.00026', '0.00021', '1.00000']
  '003.5333': ['0.812', '0.104', '0.080', '0.99997', '0.00810', '0.00023', '-0.00810',
    '0.99997', '-0.00021', '-0.00023', '0.00021', '1.00000']
  '003.6000': ['0.826', '0.104', '0.080', '1.00000', '0.00180', '0.00023', '-0.00180',
    '1.00000', '-0.00022', '-0.00023', '0.00022', '1.00000']
  '003.6667': ['0.840', '0.104', '0.080', '0.99999', '-0.00379', '0.00024', '0.00379',
    '0.99999', '-0.00023', '-0.00023', '0.00023', '1.00000']
  '003.7333': ['0.853', '0.105', '0.080', '0.99998', '-0.00653', '0.00024', '0.00653',
    '0.99998', '-0.00022', '-0.00023', '0.00023', '1.00000']
  '003.8000': ['0.865', '0.107', '0.080', '0.99996', '-0.00928', '0.00023', '0.00928',
    '0.99996', '-0.00022', '-0.00023', '0.00022', '1.00000']
  '003.8667': ['0.880', '0.107', '0.080', '0.99999', '-0.00323', '0.00025', '0.00323',
    '0.99999', '-0.00020', '-0.00025', '0.00021', '1.00000']
  '003.9333': ['0.897', '0.104', '0.080', '0.99992', '0.01254', '0.00029', '-0.01254',
    '0.99992', '-0.00017', '-0.00029', '0.00017', '1.00000']
  '004.0000': ['0.911', '0.105', '0.080', '0.99990', '-0.01406', '0.00021', '0.01406',
    '0.99990', '-0.00016', '-0.00021', '0.00016', '1.00000']
  '004.0667': ['0.922', '0.105', '0.080', '0.99977', '-0.02155', '0.00021', '0.02155',
    '0.99977', '-0.00014', '-0.00021', '0.00015', '1.00000']
  '005.8000': ['1.214', '0.123', '0.080', '0.96705', '-0.25459', '-0.00046', '0.25459',
    '0.96705', '-0.00016', '0.00048', '0.00003', '1.00000']
  '005.8667': ['1.229', '0.131', '0.080', '0.96723', '-0.25389', '-0.00032', '0.25389',
    '0.96723', '-0.00014', '0.00035', '0.00006', '1.00000']
  '005.9333': ['1.242', '0.132', '0.080', '0.95895', '-0.28358', '-0.00044', '0.28358',
    '0.95895', '-0.00017', '0.00047', '0.00004', '1.00000']
  '006.0000': ['1.252', '0.135', '0.080', '0.96046', '-0.27843', '-0.00037', '0.27843',
    '0.96046', '-0.00014', '0.00040', '0.00004', '1.00000']
  '006.0667': ['1.262', '0.137', '0.080', '0.96046', '-0.27840', '-0.00041', '0.27840',
    '0.96046', '-0.00017', '0.00044', '0.00005', '1.00000']
  '006.1333': ['1.277', '0.141', '0.080', '0.95132', '-0.30821', '-0.00059', '0.30821',
    '0.95132', '-0.00019', '0.00062', '0.00000', '1.00000']
  '006.2000': ['1.287', '0.145', '0.080', '0.95655', '-0.29155', '-0.00043', '0.29155',
    '0.95655', '-0.00019', '0.00047', '0.00006', '1.00000']
  '006.2667': ['1.301', '0.151', '0.080', '0.95368', '-0.30083', '-0.00045', '0.30083',
    '0.95368', '-0.00021', '0.00049', '0.00006', '1.00000']
  '006.3333': ['1.309', '0.149', '0.080', '0.94504', '-0.32695', '-0.00055', '0.32695',
    '0.94504', '-0.00018', '0.00058', '-0.00001', '1.00000']
  '006.4000': ['1.326', '0.159', '0.080', '0.94172', '-0.33639', '-0.00051', '0.33639',
    '0.94172', '-0.00027', '0.00057', '0.00009', '1.00000']
  '006.4667': ['1.335', '0.161', '0.080', '0.94210', '-0.33534', '-0.00042', '0.33534',
    '0.94210', '-0.00025', '0.00048', '0.00009', '1.00000']
  '006.5333': ['1.348', '0.165', '0.080', '0.92890', '-0.37032', '-0.00053', '0.37032',
    '0.92890', '-0.00028', '0.00060', '0.00006', '1.00000']
  '006.6000': ['1.358', '0.170', '0.080', '0.92953', '-0.36873', '-0.00041', '0.36873',
    '0.92953', '-0.00028', '0.00048', '0.00010', '1.00000']
  '006.6667': ['1.369', '0.174', '0.080', '0.91868', '-0.39500', '-0.00041', '0.39500',
    '0.91868', '-0.00026', '0.00048', '0.00007', '1.00000']
  '006.7333': ['1.381', '0.180', '0.080', '0.90939', '-0.41595', '-0.00040', '0.41595',
    '0.90939', '-0.00026', '0.00047', '0.00007', '1.00000']
  '006.8000': ['1.393', '0.186', '0.080', '0.90234', '-0.43103', '-0.00038', '0.43103',
    '0.90234', '-0.00029', '0.00047', '0.00010', '1.00000']
  '006.8667': ['1.404', '0.192', '0.080', '0.89287', '-0.45032', '-0.00038', '0.45032',
    '0.89287', '-0.00027', '0.00047', '0.00007', '1.00000']
  '006.9333': ['1.417', '0.200', '0.080', '0.88110', '-0.47294', '-0.00039', '0.47294',
    '0.88110', '-0.00030', '0.00049', '0.00008', '1.00000']
  '007.0000': ['1.426', '0.204', '0.080', '0.86654', '-0.49911', '-0.00040', '0.49911',
    '0.86654', '-0.00028', '0.00049', '0.00005', '1.00000']
  '007.0667': ['1.436', '0.210', '0.080', '0.85284', '-0.52217', '-0.00038', '0.52217',
    '0.85284', '-0.00027', '0.00047', '0.00003', '1.00000']
  '007.1333': ['1.448', '0.218', '0.080', '0.84081', '-0.54134', '-0.00037', '0.54134',
    '0.84081', '-0.00028', '0.00047', '0.00003', '1.00000']
  '007.2000': ['1.459', '0.225', '0.080', '0.82732', '-0.56173', '-0.00037', '0.56173',
    '0.82732', '-0.00027', '0.00046', '0.00001', '1.00000']
  '007.2667': ['1.470', '0.233', '0.080', '0.81626', '-0.57768', '-0.00035', '0.57768',
    '0.81626', '-0.00031', '0.00047', '0.00005', '1.00000']
  '007.3333': ['1.480', '0.241', '0.080', '0.80016', '-0.59978', '-0.00033', '0.59978',
    '0.80016', '-0.00033', '0.00047', '0.00007', '1.00000']
  '007.4000': ['1.490', '0.249', '0.080', '0.78224', '-0.62298', '-0.00032', '0.62298',
    '0.78224', '-0.00033', '0.00046', '0.00006', '1.00000']
  '007.4667': ['1.500', '0.256', '0.080', '0.76606', '-0.64277', '-0.00032', '0.64277',
    '0.76606', '-0.00032', '0.00046', '0.00004', '1.00000']
  '007.5333': ['1.508', '0.264', '0.080', '0.75342', '-0.65754', '-0.00029', '0.65754',
    '0.75342', '-0.00030', '0.00042', '0.00003', '1.00000']
  '007.6000': ['1.517', '0.272', '0.080', '0.73639', '-0.67656', '-0.00030', '0.67656',
    '0.73639', '-0.00029', '0.00042', '0.00001', '1.00000']
  '007.6667': ['1.526', '0.281', '0.080', '0.71919', '-0.69481', '-0.00028', '0.69481',
    '0.71919', '-0.00032', '0.00043', '0.00003', '1.00000']
  '007.7333': ['1.536', '0.291', '0.080', '0.69937', '-0.71476', '-0.00027', '0.71476',
    '0.69937', '-0.00033', '0.00042', '0.00004', '1.00000']
  '007.8000': ['1.544', '0.299', '0.080', '0.68306', '-0.73036', '-0.00027', '0.73036',
    '0.68306', '-0.00033', '0.00042', '0.00003', '1.00000']
  '007.8667': ['1.553', '0.309', '0.080', '0.66320', '-0.74844', '-0.00026', '0.74844',
    '0.66320', '-0.00032', '0.00041', '0.00002', '1.00000']
  '007.9333': ['1.562', '0.319', '0.080', '0.65057', '-0.75944', '-0.00026', '0.75944',
    '0.65057', '-0.00030', '0.00039', '-0.00000', '1.00000']
  '008.0000': ['1.570', '0.329', '0.080', '0.63557', '-0.77204', '-0.00026', '0.77204',
    '0.63557', '-0.00030', '0.00040', '-0.00001', '1.00000']
  '008.0667': ['1.578', '0.340', '0.080', '0.61370', '-0.78954', '-0.00027', '0.78954',
    '0.61370', '-0.00029', '0.00040', '-0.00004', '1.00000']
  '008.1333': ['1.586', '0.351', '0.080', '0.58775', '-0.80904', '-0.00026', '0.80904',
    '0.58775', '-0.00032', '0.00041', '-0.00002', '1.00000']
  '008.2000': ['1.592', '0.360', '0.080', '0.55389', '-0.83259', '-0.00022', '0.83259',
    '0.55389', '-0.00027', '0.00035', '-0.00003', '1.00000']
  '008.2667': ['1.600', '0.372', '0.080', '0.52230', '-0.85276', '-0.00019', '0.85276',
    '0.52230', '-0.00028', '0.00034', '-0.00002', '1.00000']
  '008.3333': ['1.607', '0.384', '0.080', '0.49563', '-0.86854', '-0.00016', '0.86854',
    '0.49563', '-0.00030', '0.00034', '0.00001', '1.00000']
  '008.4000': ['1.614', '0.396', '0.080', '0.46940', '-0.88299', '-0.00017', '0.88299',
    '0.46940', '-0.00027', '0.00032', '-0.00002', '1.00000']
  '008.4667': ['1.618', '0.406', '0.080', '0.45058', '-0.89274', '-0.00010', '0.89274',
    '0.45058', '-0.00025', '0.00027', '0.00002', '1.00000']
  '008.5333': ['1.624', '0.418', '0.080', '0.42848', '-0.90355', '-0.00012', '0.90355',
    '0.42848', '-0.00027', '0.00029', '0.00001', '1.00000']
  '008.6000': ['1.631', '0.431', '0.080', '0.40106', '-0.91605', '-0.00018', '0.91605',
    '0.40106', '-0.00027', '0.00032', '-0.00005', '1.00000']
  '008.6667': ['1.635', '0.443', '0.080', '0.37557', '-0.92679', '-0.00012', '0.92679',
    '0.37557', '-0.00025', '0.00027', '-0.00002', '1.00000']
  '008.7333': ['1.639', '0.456', '0.080', '0.34547', '-0.93843', '-0.00010', '0.93843',
    '0.34547', '-0.00023', '0.00025', '-0.00002', '1.00000']
  '008.8000': ['1.644', '0.470', '0.080', '0.31197', '-0.95009', '-0.00012', '0.95009',
    '0.31197', '-0.00022', '0.00024', '-0.00004', '1.00000']
  '008.8667': ['1.647', '0.483', '0.080', '0.27848', '-0.96044', '-0.00007', '0.96044',
    '0.27848', '-0.00019', '0.00020', '-0.00002', '1.00000']
  '008.9333': ['1.650', '0.496', '0.080', '0.23632', '-0.97167', '-0.00004', '0.97167',
    '0.23632', '-0.00017', '0.00017', '0.00000', '1.00000']
  '009.0000': ['1.653', '0.510', '0.080', '0.19014', '-0.98176', '-0.00007', '0.98176',
    '0.19014', '-0.00016', '0.00017', '-0.00004', '1.00000']
  '009.0667': ['1.653', '0.523', '0.080', '0.14330', '-0.98968', '0.00003', '0.98968',
    '0.14330', '-0.00011', '0.00011', '0.00005', '1.00000']
  '009.1333': ['1.653', '0.537', '0.080', '0.09698', '-0.99529', '0.00016', '0.99529',
    '0.09698', '-0.00008', '0.00006', '0.00017', '1.00000']
  '009.2000': ['1.654', '0.551', '0.080', '0.05946', '-0.99823', '0.00019', '0.99823',
    '0.05946', '-0.00003', '0.00002', '0.00019', '1.00000']
  '009.2667': ['1.655', '0.565', '0.080', '0.02915', '-0.99957', '0.00015', '0.99957',
    '0.02915', '0.00001', '-0.00001', '0.00015', '1.00000']
  '009.3333': ['1.655', '0.576', '0.080', '0.01031', '-0.99995', '0.00011', '0.99995',
    '0.01031', '0.00009', '-0.00010', '0.00011', '1.00000']
  '009.4000': ['1.657', '0.592', '0.080', '0.00388', '-0.99999', '0.00011', '0.99999',
    '0.00388', '-0.00006', '0.00006', '0.00011', '1.00000']
  '009.4667': ['1.657', '0.604', '0.080', '-0.01575', '-0.99988', '0.00008', '0.99988',
    '-0.01575', '0.00008', '-0.00007', '0.00008', '1.00000']
  '009.5333': ['1.657', '0.615', '0.080', '-0.02885', '-0.99958', '0.00007', '0.99958',
    '-0.02885', '0.00020', '-0.00020', '0.00008', '1.00000']
  '009.6000': ['1.656', '0.629', '0.080', '-0.04554', '-0.99896', '0.00014', '0.99896',
    '-0.04554', '0.00022', '-0.00021', '0.00015', '1.00000']
  '009.6667': ['1.653', '0.643', '0.080', '-0.06489', '-0.99789', '0.00024', '0.99789',
    '-0.06489', '0.00028', '-0.00027', '0.00026', '1.00000']
  '009.7333': ['1.656', '0.656', '0.080', '-0.07259', '-0.99736', '0.00002', '0.99736',
    '-0.07259', '0.00041', '-0.00041', '0.00005', '1.00000']
  '009.8000': ['1.654', '0.671', '0.080', '-0.09502', '-0.99548', '0.00000', '0.99548',
    '-0.09502', '0.00034', '-0.00034', '0.00003', '1.00000']
  '009.8667': ['1.653', '0.685', '0.080', '-0.12246', '-0.99247', '-0.00006', '0.99247',
    '-0.12246', '0.00039', '-0.00039', '-0.00001', '1.00000']
  '009.9333': ['1.651', '0.700', '0.080', '-0.15594', '-0.98777', '-0.00010', '0.98777',
    '-0.15594', '0.00038', '-0.00039', '-0.00004', '1.00000']
  '010.0000': ['1.649', '0.714', '0.080', '-0.18616', '-0.98252', '-0.00015', '0.98252',
    '-0.18616', '0.00043', '-0.00045', '-0.00007', '1.00000']
  '010.0667': ['1.646', '0.729', '0.080', '-0.21084', '-0.97752', '-0.00017', '0.97752',
    '-0.21084', '0.00040', '-0.00043', '-0.00008', '1.00000']
  '010.1333': ['1.642', '0.744', '0.080', '-0.23822', '-0.97121', '-0.00010', '0.97121',
    '-0.23822', '0.00041', '-0.00042', '0.00000', '1.00000']
  '010.2000': ['1.641', '0.757', '0.080', '-0.25638', '-0.96658', '-0.00017', '0.96658',
    '-0.25638', '0.00046', '-0.00049', '-0.00005', '1.00000']
  '010.2667': ['1.637', '0.771', '0.080', '-0.27120', '-0.96252', '-0.00016', '0.96252',
    '-0.27120', '0.00046', '-0.00049', '-0.00003', '1.00000']
  '010.3333': ['1.633', '0.785', '0.080', '-0.28190', '-0.95945', '-0.00019', '0.95944',
    '-0.28190', '0.00047', '-0.00050', '-0.00005', '1.00000']
  '010.4000': ['1.629', '0.799', '0.080', '-0.29220', '-0.95636', '-0.00018', '0.95636',
    '-0.29220', '0.00049', '-0.00052', '-0.00003', '1.00000']
  '010.4667': ['1.625', '0.813', '0.080', '-0.29694', '-0.95490', '-0.00017', '0.95489',
    '-0.29694', '0.00048', '-0.00051', '-0.00002', '1.00000']
  '010.5333': ['1.621', '0.826', '0.080', '-0.30312', '-0.95295', '-0.00018', '0.95295',
    '-0.30312', '0.00051', '-0.00054', '-0.00002', '1.00000']
  '010.6000': ['1.616', '0.840', '0.080', '-0.30345', '-0.95285', '-0.00020', '0.95285',
    '-0.30345', '0.00051', '-0.00054', '-0.00003', '1.00000']
  '010.6667': ['1.612', '0.853', '0.080', '-0.30173', '-0.95339', '-0.00021', '0.95339',
    '-0.30173', '0.00051', '-0.00055', '-0.00004', '1.00000']
  '010.7333': ['1.608', '0.867', '0.080', '-0.30072', '-0.95371', '-0.00022', '0.95371',
    '-0.30072', '0.00048', '-0.00052', '-0.00006', '1.00000']
  '010.8000': ['1.604', '0.880', '0.080', '-0.30621', '-0.95196', '-0.00023', '0.95196',
    '-0.30621', '0.00048', '-0.00053', '-0.00007', '1.00000']
  '010.8667': ['1.599', '0.894', '0.080', '-0.33381', '-0.94264', '-0.00027', '0.94264',
    '-0.33381', '0.00046', '-0.00052', '-0.00011', '1.00000']
  '010.9333': ['1.596', '0.906', '0.080', '-0.36899', '-0.92943', '-0.00036', '0.92943',
    '-0.36899', '0.00043', '-0.00053', '-0.00017', '1.00000']
  '011.0000': ['1.591', '0.919', '0.080', '-0.39816', '-0.91732', '-0.00037', '0.91732',
    '-0.39816', '0.00040', '-0.00051', '-0.00018', '1.00000']
  '011.0667': ['1.585', '0.932', '0.080', '-0.43781', '-0.89907', '-0.00038', '0.89907',
    '-0.43781', '0.00040', '-0.00053', '-0.00017', '1.00000']
  '011.1333': ['1.579', '0.945', '0.080', '-0.46860', '-0.88341', '-0.00038', '0.88341',
    '-0.46860', '0.00038', '-0.00051', '-0.00016', '1.00000']
  '011.2000': ['1.571', '0.958', '0.080', '-0.49877', '-0.86673', '-0.00032', '0.86673',
    '-0.49877', '0.00037', '-0.00048', '-0.00009', '1.00000']
  '011.2667': ['1.564', '0.968', '0.080', '-0.53700', '-0.84358', '-0.00025', '0.84358',
    '-0.53700', '0.00042', '-0.00049', '0.00001', '1.00000']
  '011.3333': ['1.556', '0.977', '0.080', '-0.58177', '-0.81335', '-0.00024', '0.81335',
    '-0.58177', '0.00046', '-0.00051', '0.00008', '1.00000']
  '011.4000': ['1.549', '0.987', '0.080', '-0.62676', '-0.77921', '-0.00029', '0.77921',
    '-0.62676', '0.00046', '-0.00054', '0.00006', '1.00000']
  '011.4667': ['1.540', '0.997', '0.080', '-0.67466', '-0.73813', '-0.00031', '0.73813',
    '-0.67466', '0.00047', '-0.00055', '0.00009', '1.00000']
  '011.5333': ['1.531', '1.006', '0.080', '-0.71293', '-0.70124', '-0.00036', '0.70124',
    '-0.71293', '0.00045', '-0.00057', '0.00007', '1.00000']
  '011.6000': ['1.521', '1.016', '0.080', '-0.75511', '-0.65560', '-0.00037', '0.65560',
    '-0.75511', '0.00041', '-0.00055', '0.00007', '1.00000']
  '011.6667': ['1.511', '1.025', '0.080', '-0.78939', '-0.61389', '-0.00040', '0.61389',
    '-0.78939', '0.00040', '-0.00056', '0.00007', '1.00000']
  '011.7333': ['1.500', '1.032', '0.080', '-0.81941', '-0.57321', '-0.00044', '0.57321',
    '-0.81941', '0.00039', '-0.00058', '0.00007', '1.00000']
  '011.8000': ['1.487', '1.042', '0.080', '-0.84498', '-0.53479', '-0.00046', '0.53479',
    '-0.84498', '0.00034', '-0.00057', '0.00004', '1.00000']
  '011.8667': ['1.474', '1.052', '0.080', '-0.86682', '-0.49862', '-0.00047', '0.49861',
    '-0.86682', '0.00031', '-0.00056', '0.00003', '1.00000']
  '011.9333': ['1.463', '1.057', '0.080', '-0.88382', '-0.46782', '-0.00051', '0.46782',
    '-0.88382', '0.00033', '-0.00060', '0.00006', '1.00000']
  '012.0000': ['1.451', '1.063', '0.080', '-0.89457', '-0.44693', '-0.00049', '0.44693',
    '-0.89457', '0.00033', '-0.00058', '0.00007', '1.00000']
  '012.0667': ['1.439', '1.070', '0.080', '-0.91301', '-0.40793', '-0.00050', '0.40793',
    '-0.91301', '0.00031', '-0.00058', '0.00008', '1.00000']
  '012.1333': ['1.426', '1.076', '0.080', '-0.92633', '-0.37671', '-0.00051', '0.37671',
    '-0.92633', '0.00030', '-0.00059', '0.00009', '1.00000']
  '012.2000': ['1.414', '1.080', '0.080', '-0.94071', '-0.33920', '-0.00052', '0.33920',
    '-0.94071', '0.00030', '-0.00059', '0.00010', '1.00000']
  '012.2667': ['1.403', '1.082', '0.080', '-0.95162', '-0.30726', '-0.00054', '0.30726',
    '-0.95163', '0.00031', '-0.00061', '0.00013', '1.00000']
  '012.3333': ['1.389', '1.087', '0.080', '-0.96359', '-0.26738', '-0.00053', '0.26738',
    '-0.96359', '0.00029', '-0.00059', '0.00014', '1.00000']
  '012.4000': ['1.373', '1.094', '0.080', '-0.97639', '-0.21602', '-0.00054', '0.21602',
    '-0.97639', '0.00025', '-0.00058', '0.00013', '1.00000']
  '012.4667': ['1.362', '1.092', '0.080', '-0.98343', '-0.18128', '-0.00055', '0.18128',
    '-0.98343', '0.00027', '-0.00059', '0.00017', '1.00000']
  '012.5333': ['1.349', '1.093', '0.080', '-0.98983', '-0.14224', '-0.00058', '0.14224',
    '-0.98983', '0.00030', '-0.00061', '0.00021', '1.00000']
  '012.6000': ['1.352', '1.078', '0.080', '-0.99285', '-0.11934', '0.00008', '0.11934',
    '-0.99285', '0.00012', '0.00007', '0.00012', '1.00000']
  '012.6667': ['1.337', '1.079', '0.080', '-0.99746', '-0.07118', '0.00007', '0.07118',
    '-0.99746', '0.00011', '0.00006', '0.00011', '1.00000']
  '012.7333': ['1.322', '1.079', '0.080', '-0.99950', '-0.03169', '0.00006', '0.03169',
    '-0.99950', '0.00011', '0.00006', '0.00012', '1.00000']
  '012.8000': ['1.305', '1.080', '0.080', '-0.99995', '0.01008', '0.00004', '-0.01008',
    '-0.99995', '0.00013', '0.00004', '0.00013', '1.00000']
  '012.8667': ['1.291', '1.077', '0.080', '-0.99935', '0.03596', '0.00004', '-0.03596',
    '-0.99935', '0.00016', '0.00005', '0.00016', '1.00000']
  '012.9333': ['1.275', '1.077', '0.080', '-0.99844', '0.05587', '0.00001', '-0.05587',
    '-0.99844', '0.00017', '0.00002', '0.00017', '1.00000']
  '013.0000': ['1.260', '1.076', '0.080', '-0.99732', '0.07313', '0.00002', '-0.07313',
    '-0.99732', '0.00019', '0.00003', '0.00019', '1.00000']
  '013.0667': ['1.245', '1.074', '0.080', '-0.99647', '0.08391', '0.00000', '-0.08391',
    '-0.99647', '0.00020', '0.00002', '0.00020', '1.00000']
  '013.1333': ['1.229', '1.073', '0.080', '-0.99605', '0.08877', '0.00001', '-0.08877',
    '-0.99605', '0.00018', '0.00003', '0.00018', '1.00000']
  '013.2000': ['1.211', '1.073', '0.080', '-0.99525', '0.09739', '0.00003', '-0.09739',
    '-0.99525', '0.00015', '0.00005', '0.00015', '1.00000']
  '013.2667': ['1.198', '1.068', '0.080', '-0.99194', '0.12667', '-0.00003', '-0.12667',
    '-0.99194', '0.00025', '0.00000', '0.00025', '1.00000']
  '013.3333': ['1.179', '1.069', '0.080', '-0.99490', '0.10091', '0.00014', '-0.10091',
    '-0.99490', '-0.00000', '0.00014', '-0.00002', '1.00000']
  '013.4000': ['1.166', '1.066', '0.080', '-0.99457', '0.10403', '-0.00001', '-0.10403',
    '-0.99457', '0.00018', '0.00001', '0.00018', '1.00000']
  '013.4667': ['1.151', '1.063', '0.080', '-0.99291', '0.11883', '0.00002', '-0.11883',
    '-0.99291', '0.00019', '0.00004', '0.00018', '1.00000']
  '013.5333': ['1.159', '1.044', '0.080', '-0.99485', '0.10134', '0.00058', '-0.10134',
    '-0.99485', '0.00012', '0.00059', '0.00006', '1.00000']
  '013.6000': ['1.145', '1.042', '0.080', '-0.99491', '0.10072', '0.00056', '-0.10072',
    '-0.99491', '0.00016', '0.00057', '0.00010', '1.00000']
  '013.6667': ['1.132', '1.040', '0.080', '-0.99516', '0.09831', '0.00050', '-0.09831',
    '-0.99516', '0.00021', '0.00051', '0.00016', '1.00000']
  '013.7333': ['1.100', '1.050', '0.080', '-0.98902', '0.14775', '-0.00003', '-0.14775',
    '-0.98902', '0.00033', '0.00002', '0.00033', '1.00000']
  '013.8000': ['1.083', '1.051', '0.080', '-0.99279', '0.11985', '-0.00004', '-0.11985',
    '-0.99279', '0.00027', '-0.00001', '0.00027', '1.00000']
  '013.8667': ['1.068', '1.051', '0.080', '-0.99664', '0.08193', '-0.00003', '-0.08193',
    '-0.99664', '0.00023', '-0.00002', '0.00024', '1.00000']
  '013.9333': ['1.076', '1.038', '0.080', '-0.99923', '0.03927', '0.00042', '-0.03927',
    '-0.99923', '0.00021', '0.00043', '0.00020', '1.00000']
  '014.0000': ['1.062', '1.037', '0.080', '-0.99961', '0.02800', '0.00042', '-0.02800',
    '-0.99961', '0.00024', '0.00043', '0.00023', '1.00000']
  '014.0667': ['1.047', '1.037', '0.080', '-0.99963', '0.02724', '0.00043', '-0.02724',
    '-0.99963', '0.00025', '0.00043', '0.00023', '1.00000']
  '014.1333': ['1.032', '1.036', '0.080', '-0.99965', '0.02633', '0.00044', '-0.02633',
    '-0.99965', '0.00026', '0.00044', '0.00024', '1.00000']
  '014.2000': ['1.016', '1.037', '0.080', '-0.99980', '0.01986', '0.00043', '-0.01986',
    '-0.99980', '0.00024', '0.00043', '0.00023', '1.00000']
  '014.2667': ['1.002', '1.036', '0.080', '-0.99994', '0.01116', '0.00041', '-0.01116',
    '-0.99994', '0.00024', '0.00041', '0.00024', '1.00000']
  '014.3333': ['0.986', '1.035', '0.080', '-1.00000', '0.00063', '0.00039', '-0.00063',
    '-1.00000', '0.00030', '0.00039', '0.00030', '1.00000']
  '014.4000': ['0.971', '1.037', '0.080', '-0.99999', '0.00388', '0.00035', '-0.00388',
    '-0.99999', '0.00024', '0.00035', '0.00024', '1.00000']
  '014.4667': ['0.955', '1.036', '0.080', '-1.00000', '-0.00310', '0.00033', '0.00310',
    '-1.00000', '0.00025', '0.00033', '0.00025', '1.00000']
  '014.5333': ['0.939', '1.038', '0.080', '-0.99998', '-0.00651', '0.00037', '0.00651',
    '-0.99998', '0.00013', '0.00037', '0.00014', '1.00000']
  '014.6000': ['0.925', '1.036', '0.080', '-0.99989', '-0.01456', '0.00030', '0.01456',
    '-0.99989', '0.00029', '0.00030', '0.00029', '1.00000']
  '014.6667': ['0.912', '1.038', '0.080', '-0.99994', '-0.01097', '0.00012', '0.01097',
    '-0.99994', '0.00019', '0.00012', '0.00019', '1.00000']
  '014.7333': ['0.898', '1.039', '0.080', '-0.99988', '-0.01565', '0.00011', '0.01565',
    '-0.99988', '0.00018', '0.00011', '0.00018', '1.00000']
  '014.8000': ['0.881', '1.040', '0.080', '-0.99959', '-0.02861', '0.00023', '0.02861',
    '-0.99959', '0.00015', '0.00023', '0.00016', '1.00000']
  '014.8667': ['0.867', '1.041', '0.080', '-0.99935', '-0.03609', '0.00019', '0.03609',
    '-0.99935', '0.00014', '0.00019', '0.00015', '1.00000']
  '014.9333': ['0.860', '1.056', '0.080', '-0.99999', '-0.00387', '0.00021', '0.00387',
    '-0.99999', '0.00035', '0.00021', '0.00035', '1.00000']
  '015.0000': ['0.847', '1.056', '0.080', '-0.99997', '-0.00737', '0.00018', '0.00737',
    '-0.99997', '0.00038', '0.00017', '0.00038', '1.00000']
  '015.0667': ['0.834', '1.053', '0.080', '-0.99999', '-0.00536', '0.00013', '0.00536',
    '-0.99999', '0.00059', '0.00013', '0.00059', '1.00000']
  '015.1333': ['0.819', '1.054', '0.080', '-1.00000', '0.00185', '0.00010', '-0.00185',
    '-1.00000', '0.00050', '0.00010', '0.00049', '1.00000']
  '015.2000': ['0.804', '1.054', '0.080', '-0.99994', '0.01133', '0.00011', '-0.01133',
    '-0.99994', '0.00051', '0.00012', '0.00051', '1.00000']
  '015.2667': ['0.787', '1.055', '0.080', '-0.99984', '0.01781', '0.00021', '-0.01781',
    '-0.99984', '0.00044', '0.00021', '0.00044', '1.00000']
  '015.3333': ['0.774', '1.055', '0.080', '-0.99976', '0.02207', '0.00014', '-0.02207',
    '-0.99976', '0.00045', '0.00015', '0.00044', '1.00000']
  '015.4000': ['0.758', '1.054', '0.080', '-0.99957', '0.02919', '0.00001', '-0.02919',
    '-0.99957', '0.00041', '0.00003', '0.00041', '1.00000']
  '015.4667': ['0.740', '1.053', '0.080', '-0.99926', '0.03859', '0.00002', '-0.03859',
    '-0.99926', '0.00044', '0.00003', '0.00044', '1.00000']
  '015.5333': ['0.728', '1.053', '0.080', '-0.99887', '0.04748', '-0.00002', '-0.04748',
    '-0.99887', '0.00039', '-0.00001', '0.00039', '1.00000']
  '015.6000': ['0.712', '1.052', '0.080', '-0.99860', '0.05283', '-0.00008', '-0.05283',
    '-0.99860', '0.00040', '-0.00006', '0.00041', '1.00000']
  '015.6667': ['0.700', '1.053', '0.080', '-0.99831', '0.05808', '-0.00008', '-0.05808',
    '-0.99831', '0.00040', '-0.00006', '0.00040', '1.00000']
  '015.7333': ['0.687', '1.052', '0.080', '-0.99813', '0.06109', '-0.00009', '-0.06109',
    '-0.99813', '0.00039', '-0.00007', '0.00039', '1.00000']
  '015.8000': ['0.667', '1.050', '0.080', '-0.99768', '0.06801', '-0.00010', '-0.06801',
    '-0.99768', '0.00042', '-0.00007', '0.00043', '1.00000']
  '015.8667': ['0.655', '1.049', '0.080', '-0.99727', '0.07384', '-0.00012', '-0.07384',
    '-0.99727', '0.00043', '-0.00009', '0.00044', '1.00000']
  '015.9333': ['0.639', '1.048', '0.080', '-0.99705', '0.07682', '-0.00012', '-0.07682',
    '-0.99705', '0.00042', '-0.00009', '0.00043', '1.00000']
  '016.0000': ['0.624', '1.047', '0.080', '-0.99631', '0.08585', '-0.00014', '-0.08585',
    '-0.99631', '0.00043', '-0.00010', '0.00045', '1.00000']
  '016.0667': ['0.607', '1.044', '0.080', '-0.99592', '0.09019', '-0.00017', '-0.09019',
    '-0.99592', '0.00043', '-0.00013', '0.00045', '1.00000']
  '016.1333': ['0.595', '1.044', '0.080', '-0.99523', '0.09753', '-0.00019', '-0.09753',
    '-0.99523', '0.00043', '-0.00015', '0.00045', '1.00000']
  '016.2000': ['0.579', '1.043', '0.080', '-0.99441', '0.10557', '-0.00022', '-0.10557',
    '-0.99441', '0.00040', '-0.00018', '0.00042', '1.00000']
  '016.2667': ['0.563', '1.041', '0.080', '-0.99363', '0.11270', '-0.00023', '-0.11270',
    '-0.99363', '0.00042', '-0.00018', '0.00044', '1.00000']
  '016.3333': ['0.550', '1.039', '0.080', '-0.99249', '0.12233', '-0.00024', '-0.12233',
    '-0.99249', '0.00039', '-0.00020', '0.00042', '1.00000']
  '016.4000': ['0.530', '1.037', '0.080', '-0.99124', '0.13210', '-0.00025', '-0.13210',
    '-0.99124', '0.00039', '-0.00020', '0.00042', '1.00000']
  '016.4667': ['0.515', '1.035', '0.080', '-0.98950', '0.14454', '-0.00026', '-0.14454',
    '-0.98950', '0.00037', '-0.00020', '0.00040', '1.00000']
  '016.5333': ['0.497', '1.032', '0.080', '-0.98761', '0.15690', '-0.00027', '-0.15690',
    '-0.98761', '0.00038', '-0.00021', '0.00041', '1.00000']
  '016.6000': ['0.482', '1.030', '0.080', '-0.98569', '0.16858', '-0.00028', '-0.16858',
    '-0.98569', '0.00039', '-0.00021', '0.00043', '1.00000']
  '016.6667': ['0.467', '1.027', '0.080', '-0.98366', '0.18001', '-0.00029', '-0.18001',
    '-0.98366', '0.00038', '-0.00021', '0.00042', '1.00000']
  '016.7333': ['0.454', '1.025', '0.080', '-0.98206', '0.18858', '-0.00030', '-0.18858',
    '-0.98206', '0.00039', '-0.00022', '0.00044', '1.00000']
  '016.8000': ['0.438', '1.022', '0.080', '-0.97983', '0.19984', '-0.00031', '-0.19984',
    '-0.97983', '0.00038', '-0.00023', '0.00043', '1.00000']
  '016.8667': ['0.423', '1.019', '0.080', '-0.97731', '0.21183', '-0.00032', '-0.21183',
    '-0.97731', '0.00034', '-0.00024', '0.00040', '1.00000']
  '016.9333': ['0.409', '1.016', '0.080', '-0.97543', '0.22031', '-0.00031', '-0.22031',
    '-0.97543', '0.00032', '-0.00023', '0.00038', '1.00000']
  '017.0000': ['0.392', '1.012', '0.080', '-0.97084', '0.23974', '-0.00031', '-0.23974',
    '-0.97084', '0.00031', '-0.00023', '0.00037', '1.00000']
  '017.0667': ['0.379', '1.009', '0.080', '-0.96704', '0.25461', '-0.00031', '-0.25461',
    '-0.96704', '0.00028', '-0.00023', '0.00035', '1.00000']
  '017.1333': ['0.365', '1.005', '0.080', '-0.96257', '0.27104', '-0.00031', '-0.27104',
    '-0.96257', '0.00027', '-0.00022', '0.00034', '1.00000']
  '017.2000': ['0.354', '1.001', '0.080', '-0.95605', '0.29320', '-0.00032', '-0.29320',
    '-0.95605', '0.00030', '-0.00022', '0.00038', '1.00000']
  '017.2667': ['0.336', '0.994', '0.080', '-0.94355', '0.33122', '-0.00032', '-0.33122',
    '-0.94355', '0.00034', '-0.00019', '0.00043', '1.00000']
  '017.3333': ['0.325', '0.989', '0.080', '-0.92441', '0.38140', '-0.00035', '-0.38140',
    '-0.92441', '0.00034', '-0.00019', '0.00045', '1.00000']
  '017.4000': ['0.312', '0.983', '0.080', '-0.90003', '0.43584', '-0.00043', '-0.43584',
    '-0.90003', '0.00033', '-0.00024', '0.00048', '1.00000']
  '017.4667': ['0.298', '0.975', '0.080', '-0.86815', '0.49631', '-0.00044', '-0.49631',
    '-0.86815', '0.00033', '-0.00021', '0.00050', '1.00000']
  '017.5333': ['0.288', '0.969', '0.080', '-0.84921', '0.52806', '-0.00047', '-0.52806',
    '-0.84921', '0.00029', '-0.00025', '0.00049', '1.00000']
  '017.6000': ['0.273', '0.959', '0.080', '-0.81599', '0.57807', '-0.00048', '-0.57807',
    '-0.81599', '0.00027', '-0.00023', '0.00049', '1.00000']
  '017.6666': ['0.261', '0.951', '0.080', '-0.79225', '0.61020', '-0.00046', '-0.61020',
    '-0.79225', '0.00026', '-0.00021', '0.00049', '1.00000']
  '017.7333': ['0.259', '0.955', '0.080', '-0.78994', '0.61319', '-0.00025', '-0.61319',
    '-0.78994', '0.00067', '0.00022', '0.00068', '1.00000']
  '017.8000': ['0.253', '0.950', '0.080', '-0.77393', '0.63328', '-0.00026', '-0.63328',
    '-0.77393', '0.00066', '0.00022', '0.00068', '1.00000']
  '017.8666': ['0.243', '0.942', '0.080', '-0.75010', '0.66132', '-0.00027', '-0.66132',
    '-0.75010', '0.00065', '0.00023', '0.00067', '1.00000']
  '017.9333': ['0.217', '0.913', '0.080', '-0.69389', '0.72008', '-0.00048', '-0.72008',
    '-0.69389', '0.00016', '-0.00022', '0.00046', '1.00000']
  '018.0000': ['0.204', '0.900', '0.080', '-0.66252', '0.74904', '-0.00046', '-0.74904',
    '-0.66252', '0.00012', '-0.00021', '0.00043', '1.00000']
  '018.0666': ['0.193', '0.886', '0.080', '-0.61556', '0.78809', '-0.00049', '-0.78809',
    '-0.61556', '0.00012', '-0.00021', '0.00046', '1.00000']
  '018.1333': ['0.184', '0.872', '0.080', '-0.56985', '0.82175', '-0.00051', '-0.82175',
    '-0.56985', '0.00011', '-0.00020', '0.00048', '1.00000']
  '018.2000': ['0.173', '0.857', '0.080', '-0.52458', '0.85136', '-0.00050', '-0.85136',
    '-0.52458', '0.00009', '-0.00019', '0.00047', '1.00000']
  '018.2666': ['0.165', '0.845', '0.080', '-0.48852', '0.87255', '-0.00050', '-0.87255',
    '-0.48852', '0.00007', '-0.00018', '0.00047', '1.00000']
  '018.3333': ['0.172', '0.850', '0.080', '-0.46475', '0.88544', '-0.00042', '-0.88544',
    '-0.46475', '0.00046', '0.00021', '0.00059', '1.00000']
  '018.4000': ['0.168', '0.844', '0.080', '-0.44721', '0.89443', '-0.00042', '-0.89443',
    '-0.44721', '0.00047', '0.00023', '0.00059', '1.00000']
  '018.4666': ['0.161', '0.829', '0.080', '-0.40991', '0.91213', '-0.00047', '-0.91213',
    '-0.40991', '0.00042', '0.00019', '0.00060', '1.00000']
  '018.5333': ['0.153', '0.810', '0.080', '-0.35254', '0.93580', '-0.00052', '-0.93580',
    '-0.35254', '0.00037', '0.00017', '0.00062', '1.00000']
  '018.6000': ['0.150', '0.800', '0.080', '-0.32545', '0.94556', '-0.00054', '-0.94556',
    '-0.32545', '0.00035', '0.00015', '0.00063', '1.00000']
  '018.6666': ['0.145', '0.785', '0.080', '-0.29333', '0.95601', '-0.00055', '-0.95601',
    '-0.29333', '0.00032', '0.00014', '0.00062', '1.00000']
  '018.7333': ['0.141', '0.773', '0.080', '-0.26136', '0.96524', '-0.00053', '-0.96524',
    '-0.26136', '0.00027', '0.00012', '0.00058', '1.00000']
  '018.8000': ['0.138', '0.760', '0.080', '-0.22854', '0.97353', '-0.00053', '-0.97354',
    '-0.22854', '0.00022', '0.00010', '0.00057', '1.00000']
  '018.8666': ['0.134', '0.745', '0.080', '-0.19943', '0.97991', '-0.00048', '-0.97991',
    '-0.19943', '0.00020', '0.00010', '0.00051', '1.00000']
  '018.9333': ['0.132', '0.733', '0.080', '-0.17712', '0.98419', '-0.00053', '-0.98419',
    '-0.17712', '0.00012', '0.00002', '0.00054', '1.00000']
  '019.0000': ['0.131', '0.721', '0.080', '-0.15722', '0.98756', '-0.00060', '-0.98756',
    '-0.15722', '0.00011', '0.00002', '0.00061', '1.00000']
  '019.0666': ['0.129', '0.704', '0.080', '-0.13036', '0.99147', '-0.00060', '-0.99147',
    '-0.13036', '0.00004', '-0.00004', '0.00060', '1.00000']
  '019.1333': ['0.127', '0.691', '0.080', '-0.10601', '0.99436', '-0.00062', '-0.99436',
    '-0.10601', '-0.00006', '-0.00013', '0.00061', '1.00000']
  '019.2000': ['0.126', '0.679', '0.080', '-0.08264', '0.99658', '-0.00063', '-0.99658',
    '-0.08264', '-0.00014', '-0.00019', '0.00061', '1.00000']
  '019.2666': ['0.124', '0.664', '0.080', '-0.06341', '0.99799', '-0.00059', '-0.99799',
    '-0.06341', '-0.00013', '-0.00016', '0.00058', '1.00000']
  '019.3333': ['0.122', '0.649', '0.080', '-0.04276', '0.99909', '-0.00054', '-0.99909',
    '-0.04276', '-0.00019', '-0.00021', '0.00053', '1.00000']
  '019.4000': ['0.121', '0.633', '0.080', '-0.01417', '0.99990', '-0.00055', '-0.99990',
    '-0.01417', '-0.00024', '-0.00024', '0.00055', '1.00000']
  '019.4666': ['0.121', '0.617', '0.080', '0.01930', '0.99981', '-0.00050', '-0.99981',
