begin_time_stamp: 1588332362.799997
data_header:
  time_stamp: [x, y, z, R11, R12, R13, R21, R22, R23, R31, R32, R33]
trajectory_data:
  '000.0000': ['0.012', '0.000', '0.000', '0.99999', '0.00357', '0.00000', '-0.00357',
    '0.99999', '0.00000', '0.00000', '0.00000', '1.00000']
  '000.0667': ['0.023', '-0.000', '0.000', '0.99997', '-0.00751', '0.00000', '0.00751',
    '0.99997', '0.00000', '0.00000', '0.00000', '1.00000']
  '000.1333': ['0.035', '0.000', '0.000', '0.99992', '-0.01265', '0.00000', '0.01265',
    '0.99992', '0.00000', '0.00000', '0.00000', '1.00000']
  '000.2000': ['0.046', '0.000', '0.000', '0.99953', '-0.03053', '0.00000', '0.03053',
    '0.99953', '0.00000', '0.00000', '0.00000', '1.00000']
  '000.2667': ['0.058', '0.000', '0.000', '0.99839', '-0.05671', '0.00000', '0.05671',
    '0.99839', '0.00000', '0.00000', '0.00000', '1.00000']
  '000.3333': ['0.070', '0.001', '0.000', '0.99485', '-0.10136', '0.00000', '0.10136',
    '0.99485', '0.00000', '0.00000', '0.00000', '1.00000']
  '000.4000': ['0.081', '0.002', '0.000', '0.98859', '-0.15060', '0.00000', '0.15060',
    '0.98859', '0.00000', '0.00000', '0.00000', '1.00000']
  '000.4667': ['0.093', '0.003', '0.000', '0.97904', '-0.20368', '0.00000', '0.20368',
    '0.97904', '0.00000', '0.00000', '0.00000', '1.00000']
  '000.5333': ['0.104', '0.006', '0.000', '0.96343', '-0.26794', '0.00000', '0.26794',
    '0.96343', '0.00000', '0.00000', '0.00000', '1.00000']
  '000.6000': ['0.115', '0.008', '0.000', '0.94552', '-0.32556', '0.00000', '0.32556',
    '0.94552', '0.00000', '0.00000', '0.00000', '1.00000']
  '000.6667': ['0.126', '0.012', '0.000', '0.92800', '-0.37259', '0.00000', '0.37259',
    '0.92800', '0.00000', '0.00000', '0.00000', '1.00000']
  '000.7333': ['0.137', '0.016', '0.000', '0.90658', '-0.42204', '0.00000', '0.42204',
    '0.90658', '0.00000', '0.00000', '0.00000', '1.00000']
  '000.8000': ['0.148', '0.021', '0.000', '0.87813', '-0.47841', '0.00000', '0.47841',
    '0.87813', '0.00000', '0.00000', '0.00000', '1.00000']
  '000.8667': ['0.158', '0.026', '0.000', '0.85264', '-0.52251', '0.00000', '0.52251',
    '0.85264', '0.00000', '0.00000', '0.00000', '1.00000']
  '000.9333': ['0.168', '0.032', '0.000', '0.82723', '-0.56186', '0.00000', '0.56186',
    '0.82723', '0.00000', '0.00000', '0.00000', '1.00000']
  '001.0000': ['0.178', '0.039', '0.000', '0.80249', '-0.59666', '0.00000', '0.59666',
    '0.80249', '0.00000', '0.00000', '0.00000', '1.00000']
  '001.0667': ['0.187', '0.046', '0.000', '0.77640', '-0.63023', '0.00000', '0.63023',
    '0.77640', '0.00000', '0.00000', '0.00000', '1.00000']
  '001.1333': ['0.196', '0.053', '0.000', '0.74901', '-0.66256', '0.00000', '0.66256',
    '0.74901', '0.00000', '0.00000', '0.00000', '1.00000']
  '001.2000': ['0.205', '0.061', '0.000', '0.72229', '-0.69159', '0.00000', '0.69159',
    '0.72229', '0.00000', '0.00000', '0.00000', '1.00000']
  '001.2667': ['0.213', '0.069', '0.000', '0.69462', '-0.71937', '0.00000', '0.71937',
    '0.69462', '0.00000', '0.00000', '0.00000', '1.00000']
  '001.3333': ['0.221', '0.077', '0.000', '0.66589', '-0.74605', '0.00000', '0.74605',
    '0.66589', '0.00000', '0.00000', '0.00000', '1.00000']
  '001.4000': ['0.229', '0.086', '0.000', '0.63873', '-0.76943', '0.00000', '0.76943',
    '0.63873', '0.00000', '0.00000', '0.00000', '1.00000']
  '001.4667': ['0.236', '0.095', '0.000', '0.60693', '-0.79475', '0.00000', '0.79475',
    '0.60693', '0.00000', '0.00000', '0.00000', '1.00000']
  '001.5333': ['0.243', '0.104', '0.000', '0.57264', '-0.81981', '0.00000', '0.81981',
    '0.57264', '0.00000', '0.00000', '0.00000', '1.00000']
  '001.6000': ['0.250', '0.113', '0.000', '0.54063', '-0.84126', '0.00000', '0.84126',
    '0.54063', '0.00000', '0.00000', '0.00000', '1.00000']
  '001.6667': ['0.256', '0.123', '0.000', '0.51143', '-0.85933', '0.00000', '0.85933',
    '0.51143', '0.00000', '0.00000', '0.00000', '1.00000']
  '001.7333': ['0.262', '0.133', '0.000', '0.47369', '-0.88069', '0.00000', '0.88069',
    '0.47369', '0.00000', '0.00000', '0.00000', '1.00000']
  '001.8000': ['0.267', '0.143', '0.000', '0.43476', '-0.90055', '0.00000', '0.90055',
    '0.43476', '0.00000', '0.00000', '0.00000', '1.00000']
  '001.8667': ['0.273', '0.154', '0.000', '0.39476', '-0.91878', '0.00000', '0.91878',
    '0.39476', '0.00000', '0.00000', '0.00000', '1.00000']
  '001.9333': ['0.277', '0.164', '0.000', '0.36489', '-0.93105', '0.00000', '0.93105',
    '0.36489', '0.00000', '0.00000', '0.00000', '1.00000']
  '002.0000': ['0.281', '0.175', '0.000', '0.33595', '-0.94188', '0.00000', '0.94188',
    '0.33595', '0.00000', '0.00000', '0.00000', '1.00000']
  '002.0667': ['0.285', '0.186', '0.000', '0.30786', '-0.95143', '0.00000', '0.95143',
    '0.30786', '0.00000', '0.00000', '0.00000', '1.00000']
  '002.1333': ['0.289', '0.197', '0.000', '0.29085', '-0.95677', '0.00000', '0.95677',
    '0.29085', '0.00000', '0.00000', '0.00000', '1.00000']
  '002.2000': ['0.292', '0.208', '0.000', '0.26909', '-0.96312', '0.00000', '0.96312',
    '0.26909', '0.00000', '0.00000', '0.00000', '1.00000']
  '002.2667': ['0.295', '0.219', '0.000', '0.25700', '-0.96641', '0.00000', '0.96641',
    '0.25700', '0.00000', '0.00000', '0.00000', '1.00000']
  '002.3333': ['0.298', '0.231', '0.000', '0.25691', '-0.96644', '0.00000', '0.96644',
    '0.25691', '0.00000', '0.00000', '0.00000', '1.00000']
  '002.4000': ['0.301', '0.242', '0.000', '0.25632', '-0.96659', '0.00000', '0.96659',
    '0.25632', '0.00000', '0.00000', '0.00000', '1.00000']
  '002.4667': ['0.304', '0.253', '0.000', '0.24540', '-0.96942', '0.00000', '0.96942',
    '0.24540', '0.00000', '0.00000', '0.00000', '1.00000']
  '002.5333': ['0.307', '0.264', '0.000', '0.22935', '-0.97335', '0.00000', '0.97335',
    '0.22935', '0.00000', '0.00000', '0.00000', '1.00000']
  '002.6000': ['0.310', '0.276', '0.000', '0.22221', '-0.97500', '0.00000', '0.97500',
    '0.22221', '0.00000', '0.00000', '0.00000', '1.00000']
  '002.6667': ['0.312', '0.287', '0.000', '0.21365', '-0.97691', '0.00000', '0.97691',
    '0.21365', '0.00000', '0.00000', '0.00000', '1.00000']
  '002.7333': ['0.315', '0.298', '0.000', '0.20662', '-0.97842', '0.00000', '0.97842',
    '0.20662', '0.00000', '0.00000', '0.00000', '1.00000']
  '002.8000': ['0.317', '0.310', '0.000', '0.21062', '-0.97757', '0.00000', '0.97757',
    '0.21062', '0.00000', '0.00000', '0.00000', '1.00000']
  '002.8667': ['0.320', '0.321', '0.000', '0.21286', '-0.97708', '0.00000', '0.97708',
    '0.21286', '0.00000', '0.00000', '0.00000', '1.00000']
  '002.9333': ['0.322', '0.332', '0.000', '0.20237', '-0.97931', '0.00000', '0.97931',
    '0.20237', '0.00000', '0.00000', '0.00000', '1.00000']
  '003.0000': ['0.325', '0.344', '0.000', '0.19185', '-0.98142', '0.00000', '0.98142',
    '0.19185', '0.00000', '0.00000', '0.00000', '1.00000']
  '003.0667': ['0.327', '0.355', '0.000', '0.18076', '-0.98353', '0.00000', '0.98353',
    '0.18076', '0.00000', '0.00000', '0.00000', '1.00000']
  '003.1333': ['0.329', '0.367', '0.000', '0.16861', '-0.98568', '0.00000', '0.98568',
    '0.16861', '0.00000', '0.00000', '0.00000', '1.00000']
  '003.2000': ['0.331', '0.378', '0.000', '0.15607', '-0.98775', '0.00000', '0.98775',
    '0.15607', '0.00000', '0.00000', '0.00000', '1.00000']
  '003.2667': ['0.333', '0.389', '0.000', '0.14323', '-0.98969', '0.00000', '0.98969',
    '0.14323', '0.00000', '0.00000', '0.00000', '1.00000']
  '003.3333': ['0.334', '0.401', '0.000', '0.11902', '-0.99289', '0.00000', '0.99289',
    '0.11902', '0.00000', '0.00000', '0.00000', '1.00000']
  '003.4000': ['0.336', '0.412', '0.000', '0.08037', '-0.99677', '0.00000', '0.99677',
    '0.08037', '0.00000', '0.00000', '0.00000', '1.00000']
  '003.4667': ['0.337', '0.424', '0.000', '0.05697', '-0.99838', '0.00000', '0.99838',
    '0.05697', '0.00000', '0.00000', '0.00000', '1.00000']
  '003.5333': ['0.337', '0.436', '0.000', '0.04005', '-0.99920', '0.00000', '0.99920',
    '0.04005', '0.00000', '0.00000', '0.00000', '1.00000']
  '003.6000': ['0.338', '0.447', '0.000', '0.01154', '-0.99993', '0.00000', '0.99993',
    '0.01154', '0.00000', '0.00000', '0.00000', '1.00000']
  '003.6667': ['0.338', '0.459', '0.000', '-0.01137', '-0.99994', '0.00000', '0.99994',
    '-0.01137', '0.00000', '0.00000', '0.00000', '1.00000']
  '003.7333': ['0.338', '0.470', '0.000', '-0.03729', '-0.99930', '0.00000', '0.99930',
    '-0.03729', '0.00000', '0.00000', '0.00000', '1.00000']
  '003.8000': ['0.338', '0.482', '0.000', '-0.07922', '-0.99686', '0.00000', '0.99686',
    '-0.07922', '0.00000', '0.00000', '0.00000', '1.00000']
  '003.8667': ['0.337', '0.494', '0.000', '-0.11946', '-0.99284', '0.00000', '0.99284',
    '-0.11946', '0.00000', '0.00000', '0.00000', '1.00000']
  '003.9333': ['0.336', '0.505', '0.000', '-0.14279', '-0.98975', '0.00000', '0.98975',
    '-0.14279', '0.00000', '0.00000', '0.00000', '1.00000']
  '004.0000': ['0.334', '0.517', '0.000', '-0.16641', '-0.98606', '0.00000', '0.98606',
    '-0.16641', '0.00000', '0.00000', '0.00000', '1.00000']
  '004.0667': ['0.332', '0.528', '0.000', '-0.20889', '-0.97794', '0.00000', '0.97794',
    '-0.20889', '0.00000', '0.00000', '0.00000', '1.00000']
  '004.1333': ['0.330', '0.539', '0.000', '-0.25111', '-0.96796', '0.00000', '0.96796',
    '-0.25111', '0.00000', '0.00000', '0.00000', '1.00000']
  '004.2000': ['0.327', '0.551', '0.000', '-0.29617', '-0.95514', '0.00000', '0.95514',
    '-0.29617', '0.00000', '0.00000', '0.00000', '1.00000']
  '004.2667': ['0.323', '0.562', '0.000', '-0.34573', '-0.93833', '0.00000', '0.93833',
    '-0.34573', '0.00000', '0.00000', '0.00000', '1.00000']
  '004.3333': ['0.319', '0.573', '0.000', '-0.38553', '-0.92269', '0.00000', '0.92269',
    '-0.38553', '0.00000', '0.00000', '0.00000', '1.00000']
  '004.4000': ['0.315', '0.583', '0.000', '-0.42098', '-0.90707', '0.00000', '0.90707',
    '-0.42098', '0.00000', '0.00000', '0.00000', '1.00000']
  '004.4667': ['0.310', '0.594', '0.000', '-0.45610', '-0.88993', '0.00000', '0.88993',
    '-0.45610', '0.00000', '0.00000', '0.00000', '1.00000']
  '004.5333': ['0.304', '0.604', '0.000', '-0.49874', '-0.86675', '0.00000', '0.86675',
    '-0.49874', '0.00000', '0.00000', '0.00000', '1.00000']
  '004.6000': ['0.299', '0.614', '0.000', '-0.52816', '-0.84914', '0.00000', '0.84914',
    '-0.52816', '0.00000', '0.00000', '0.00000', '1.00000']
  '004.6667': ['0.292', '0.624', '0.000', '-0.57702', '-0.81673', '0.00000', '0.81673',
    '-0.57702', '0.00000', '0.00000', '0.00000', '1.00000']
  '004.7333': ['0.286', '0.633', '0.000', '-0.63271', '-0.77439', '0.00000', '0.77439',
    '-0.63271', '0.00000', '0.00000', '0.00000', '1.00000']
  '004.8000': ['0.279', '0.643', '0.000', '-0.68294', '-0.73047', '0.00000', '0.73047',
    '-0.68294', '0.00000', '0.00000', '0.00000', '1.00000']
  '004.8667': ['0.271', '0.652', '0.000', '-0.73013', '-0.68331', '0.00000', '0.68331',
    '-0.73013', '0.00000', '0.00000', '0.00000', '1.00000']
  '004.9333': ['0.264', '0.660', '0.000', '-0.77407', '-0.63310', '0.00000', '0.63310',
    '-0.77407', '0.00000', '0.00000', '0.00000', '1.00000']
  '005.0000': ['0.255', '0.668', '0.000', '-0.81456', '-0.58008', '0.00000', '0.58008',
    '-0.81456', '0.00000', '0.00000', '0.00000', '1.00000']
  '005.0667': ['0.246', '0.675', '0.000', '-0.85143', '-0.52448', '0.00000', '0.52448',
    '-0.85143', '0.00000', '0.00000', '0.00000', '1.00000']
  '005.1333': ['0.236', '0.681', '0.000', '-0.88383', '-0.46781', '0.00000', '0.46781',
    '-0.88383', '0.00000', '0.00000', '0.00000', '1.00000']
  '005.2000': ['0.226', '0.687', '0.000', '-0.91338', '-0.40712', '0.00000', '0.40712',
    '-0.91338', '0.00000', '0.00000', '0.00000', '1.00000']
  '005.2667': ['0.215', '0.692', '0.000', '-0.94134', '-0.33746', '0.00000', '0.33746',
    '-0.94134', '0.00000', '0.00000', '0.00000', '1.00000']
  '005.3333': ['0.205', '0.696', '0.000', '-0.96403', '-0.26580', '0.00000', '0.26580',
    '-0.96403', '0.00000', '0.00000', '0.00000', '1.00000']
  '005.4000': ['0.193', '0.699', '0.000', '-0.98047', '-0.19669', '0.00000', '0.19669',
    '-0.98047', '0.00000', '0.00000', '0.00000', '1.00000']
  '005.4667': ['0.182', '0.701', '0.000', '-0.99011', '-0.14029', '0.00000', '0.14029',
    '-0.99011', '0.00000', '0.00000', '0.00000', '1.00000']
  '005.5333': ['0.171', '0.703', '0.000', '-0.99596', '-0.08982', '0.00000', '0.08982',
    '-0.99596', '0.00000', '0.00000', '0.00000', '1.00000']
  '005.6000': ['0.159', '0.704', '0.000', '-0.99945', '-0.03309', '0.00000', '0.03309',
    '-0.99945', '0.00000', '0.00000', '0.00000', '1.00000']
  '005.6667': ['0.147', '0.704', '0.000', '-0.99999', '0.00432', '0.00000', '-0.00432',
    '-0.99999', '0.00000', '0.00000', '0.00000', '1.00000']
  '005.7333': ['0.136', '0.704', '0.000', '-0.99876', '0.04978', '0.00000', '-0.04978',
    '-0.99876', '0.00000', '0.00000', '0.00000', '1.00000']
  '005.8000': ['0.124', '0.704', '0.000', '-0.99511', '0.09875', '0.00000', '-0.09875',
    '-0.99511', '0.00000', '0.00000', '0.00000', '1.00000']
  '005.8667': ['0.113', '0.703', '0.000', '-0.99163', '0.12914', '0.00000', '-0.12914',
    '-0.99163', '0.00000', '0.00000', '0.00000', '1.00000']
  '005.9333': ['0.101', '0.701', '0.000', '-0.98633', '0.16476', '0.00000', '-0.16476',
    '-0.98633', '0.00000', '0.00000', '0.00000', '1.00000']
  '006.0000': ['0.090', '0.699', '0.000', '-0.98094', '0.19432', '0.00000', '-0.19432',
    '-0.98094', '0.00000', '0.00000', '0.00000', '1.00000']
  '006.0667': ['0.078', '0.697', '0.000', '-0.97629', '0.21647', '0.00000', '-0.21647',
    '-0.97629', '0.00000', '0.00000', '0.00000', '1.00000']
  '006.1333': ['0.067', '0.695', '0.000', '-0.96556', '0.26020', '0.00000', '-0.26020',
    '-0.96556', '0.00000', '0.00000', '0.00000', '1.00000']
  '006.2000': ['0.056', '0.692', '0.000', '-0.95279', '0.30364', '0.00000', '-0.30364',
    '-0.95279', '0.00000', '0.00000', '0.00000', '1.00000']
  '006.2667': ['0.045', '0.688', '0.000', '-0.93792', '0.34686', '0.00000', '-0.34686',
    '-0.93792', '0.00000', '0.00000', '0.00000', '1.00000']
  '006.3333': ['0.034', '0.684', '0.000', '-0.92095', '0.38968', '0.00000', '-0.38968',
    '-0.92095', '0.00000', '0.00000', '0.00000', '1.00000']
  '006.4000': ['0.023', '0.680', '0.000', '-0.90198', '0.43177', '0.00000', '-0.43177',
    '-0.90198', '0.00000', '0.00000', '0.00000', '1.00000']
  '006.4667': ['0.013', '0.675', '0.000', '-0.88083', '0.47343', '0.00000', '-0.47343',
    '-0.88083', '0.00000', '0.00000', '0.00000', '1.00000']
  '006.5333': ['0.002', '0.669', '0.000', '-0.85763', '0.51428', '0.00000', '-0.51428',
    '-0.85763', '0.00000', '0.00000', '0.00000', '1.00000']
  '006.6000': ['-0.008', '0.663', '0.000', '-0.83762', '0.54626', '0.00000', '-0.54626',
    '-0.83762', '0.00000', '0.00000', '0.00000', '1.00000']
  '006.6667': ['-0.017', '0.657', '0.000', '-0.81361', '0.58141', '0.00000', '-0.58141',
    '-0.81361', '0.00000', '0.00000', '0.00000', '1.00000']
  '006.7333': ['-0.027', '0.650', '0.000', '-0.78168', '0.62368', '0.00000', '-0.62368',
    '-0.78168', '0.00000', '0.00000', '0.00000', '1.00000']
  '006.8000': ['-0.036', '0.643', '0.000', '-0.73946', '0.67320', '0.00000', '-0.67320',
    '-0.73946', '0.00000', '0.00000', '0.00000', '1.00000']
  '006.8667': ['-0.044', '0.635', '0.000', '-0.68558', '0.72799', '0.00000', '-0.72799',
    '-0.68558', '0.00000', '0.00000', '0.00000', '1.00000']
  '006.9333': ['-0.052', '0.627', '0.000', '-0.62930', '0.77717', '0.00000', '-0.77717',
    '-0.62930', '0.00000', '0.00000', '0.00000', '1.00000']
  '007.0000': ['-0.059', '0.618', '0.000', '-0.57795', '0.81608', '0.00000', '-0.81608',
    '-0.57795', '0.00000', '0.00000', '0.00000', '1.00000']
  '007.0667': ['-0.066', '0.608', '0.000', '-0.52685', '0.84996', '0.00000', '-0.84996',
    '-0.52685', '0.00000', '0.00000', '0.00000', '1.00000']
  '007.1333': ['-0.072', '0.598', '0.000', '-0.47444', '0.88029', '0.00000', '-0.88029',
    '-0.47444', '0.00000', '0.00000', '0.00000', '1.00000']
  '007.2000': ['-0.078', '0.588', '0.000', '-0.42423', '0.90555', '0.00000', '-0.90555',
    '-0.42423', '0.00000', '0.00000', '0.00000', '1.00000']
  '007.2667': ['-0.083', '0.578', '0.000', '-0.37250', '0.92803', '0.00000', '-0.92803',
    '-0.37250', '0.00000', '0.00000', '0.00000', '1.00000']
  '007.3333': ['-0.087', '0.567', '0.000', '-0.31906', '0.94774', '0.00000', '-0.94774',
    '-0.31906', '0.00000', '0.00000', '0.00000', '1.00000']
  '007.4000': ['-0.091', '0.556', '0.000', '-0.26644', '0.96385', '0.00000', '-0.96385',
    '-0.26644', '0.00000', '0.00000', '0.00000', '1.00000']
  '007.4667': ['-0.094', '0.545', '0.000', '-0.21880', '0.97577', '0.00000', '-0.97577',
    '-0.21880', '0.00000', '0.00000', '0.00000', '1.00000']
  '007.5333': ['-0.097', '0.533', '0.000', '-0.16880', '0.98565', '0.00000', '-0.98565',
    '-0.16880', '0.00000', '0.00000', '0.00000', '1.00000']
  '007.6000': ['-0.098', '0.522', '0.000', '-0.09604', '0.99538', '0.00000', '-0.99538',
    '-0.09604', '0.00000', '0.00000', '0.00000', '1.00000']
  '007.6667': ['-0.099', '0.510', '0.000', '-0.02117', '0.99978', '0.00000', '-0.99978',
    '-0.02117', '0.00000', '0.00000', '0.00000', '1.00000']
  '007.7333': ['-0.100', '0.499', '0.000', '0.04623', '0.99893', '0.00000', '-0.99893',
    '0.04623', '0.00000', '0.00000', '0.00000', '1.00000']
  '007.8000': ['-0.099', '0.487', '0.000', '0.11274', '0.99362', '0.00000', '-0.99362',
    '0.11274', '0.00000', '0.00000', '0.00000', '1.00000']
  '007.8667': ['-0.098', '0.476', '0.000', '0.17684', '0.98424', '0.00000', '-0.98424',
    '0.17684', '0.00000', '0.00000', '0.00000', '1.00000']
  '007.9333': ['-0.096', '0.464', '0.000', '0.24000', '0.97077', '0.00000', '-0.97077',
    '0.24000', '0.00000', '0.00000', '0.00000', '1.00000']
  '008.0000': ['-0.093', '0.453', '0.000', '0.30738', '0.95159', '0.00000', '-0.95159',
    '0.30738', '0.00000', '0.00000', '0.00000', '1.00000']
  '008.0667': ['-0.089', '0.442', '0.000', '0.36239', '0.93203', '0.00000', '-0.93203',
    '0.36239', '0.00000', '0.00000', '0.00000', '1.00000']
  '008.1333': ['-0.085', '0.431', '0.000', '0.40240', '0.91546', '0.00000', '-0.91546',
    '0.40240', '0.00000', '0.00000', '0.00000', '1.00000']
  '008.2000': ['-0.080', '0.421', '0.000', '0.44980', '0.89313', '0.00000', '-0.89313',
    '0.44980', '0.00000', '0.00000', '0.00000', '1.00000']
  '008.2667': ['-0.075', '0.410', '0.000', '0.48411', '0.87501', '0.00000', '-0.87501',
    '0.48411', '0.00000', '0.00000', '0.00000', '1.00000']
  '008.3333': ['-0.069', '0.400', '0.000', '0.51240', '0.85875', '0.00000', '-0.85875',
    '0.51240', '0.00000', '0.00000', '0.00000', '1.00000']
  '008.4000': ['-0.064', '0.390', '0.000', '0.52814', '0.84916', '0.00000', '-0.84916',
    '0.52814', '0.00000', '0.00000', '0.00000', '1.00000']
  '008.4667': ['-0.057', '0.380', '0.000', '0.54219', '0.84026', '0.00000', '-0.84026',
    '0.54219', '0.00000', '0.00000', '0.00000', '1.00000']
  '008.5333': ['-0.051', '0.371', '0.000', '0.57536', '0.81790', '0.00000', '-0.81790',
    '0.57536', '0.00000', '0.00000', '0.00000', '1.00000']
  '008.6000': ['-0.044', '0.361', '0.000', '0.61251', '0.79046', '0.00000', '-0.79046',
    '0.61251', '0.00000', '0.00000', '0.00000', '1.00000']
  '008.6667': ['-0.037', '0.352', '0.000', '0.64560', '0.76367', '0.00000', '-0.76367',
    '0.64560', '0.00000', '0.00000', '0.00000', '1.00000']
  '008.7333': ['-0.030', '0.343', '0.000', '0.67851', '0.73459', '0.00000', '-0.73459',
    '0.67851', '0.00000', '0.00000', '0.00000', '1.00000']
  '008.8000': ['-0.022', '0.335', '0.000', '0.70663', '0.70758', '0.00000', '-0.70758',
    '0.70663', '0.00000', '0.00000', '0.00000', '1.00000']
  '008.8667': ['-0.014', '0.326', '0.000', '0.73378', '0.67939', '0.00000', '-0.67939',
    '0.73378', '0.00000', '0.00000', '0.00000', '1.00000']
  '008.9333': ['-0.005', '0.319', '0.000', '0.76492', '0.64413', '0.00000', '-0.64413',
    '0.76492', '0.00000', '0.00000', '0.00000', '1.00000']
  '009.0000': ['0.004', '0.311', '0.000', '0.78671', '0.61733', '0.00000', '-0.61733',
    '0.78671', '0.00000', '0.00000', '0.00000', '1.00000']
  '009.0667': ['0.013', '0.304', '0.000', '0.80531', '0.59285', '0.00000', '-0.59285',
    '0.80531', '0.00000', '0.00000', '0.00000', '1.00000']
  '009.1333': ['0.022', '0.297', '0.000', '0.81773', '0.57560', '0.00000', '-0.57560',
    '0.81773', '0.00000', '0.00000', '0.00000', '1.00000']
  '009.2000': ['0.032', '0.290', '0.000', '0.82999', '0.55777', '0.00000', '-0.55777',
    '0.82999', '0.00000', '0.00000', '0.00000', '1.00000']
  '009.2667': ['0.042', '0.284', '0.000', '0.84204', '0.53942', '0.00000', '-0.53942',
    '0.84204', '0.00000', '0.00000', '0.00000', '1.00000']
  '009.3333': ['0.051', '0.278', '0.000', '0.85378', '0.52064', '0.00000', '-0.52064',
    '0.85378', '0.00000', '0.00000', '0.00000', '1.00000']
  '009.4000': ['0.061', '0.272', '0.000', '0.86136', '0.50799', '0.00000', '-0.50799',
    '0.86136', '0.00000', '0.00000', '0.00000', '1.00000']
  '009.4667': ['0.071', '0.266', '0.000', '0.86937', '0.49417', '0.00000', '-0.49417',
    '0.86937', '0.00000', '0.00000', '0.00000', '1.00000']
  '009.5333': ['0.081', '0.260', '0.000', '0.87273', '0.48821', '0.00000', '-0.48821',
    '0.87273', '0.00000', '0.00000', '0.00000', '1.00000']
  '009.6000': ['0.091', '0.254', '0.000', '0.87489', '0.48432', '0.00000', '-0.48432',
    '0.87489', '0.00000', '0.00000', '0.00000', '1.00000']
  '009.6667': ['0.102', '0.249', '0.000', '0.87703', '0.48043', '0.00000', '-0.48043',
    '0.87703', '0.00000', '0.00000', '0.00000', '1.00000']
  '009.7333': ['0.112', '0.243', '0.000', '0.90935', '0.41603', '0.00000', '-0.41603',
    '0.90935', '0.00000', '0.00000', '0.00000', '1.00000']
  '009.8000': ['0.122', '0.238', '0.000', '0.93654', '0.35057', '0.00000', '-0.35057',
    '0.93654', '0.00000', '0.00000', '0.00000', '1.00000']
  '009.8667': ['0.133', '0.234', '0.000', '0.95527', '0.29573', '0.00000', '-0.29573',
    '0.95527', '0.00000', '0.00000', '0.00000', '1.00000']
  '009.9333': ['0.144', '0.231', '0.000', '0.97383', '0.22728', '0.00000', '-0.22728',
    '0.97383', '0.00000', '0.00000', '0.00000', '1.00000']
  '010.0000': ['0.155', '0.228', '0.000', '0.98749', '0.15770', '0.00000', '-0.15770',
    '0.98749', '0.00000', '0.00000', '0.00000', '1.00000']
  '010.0667': ['0.167', '0.226', '0.000', '0.99580', '0.09150', '0.00000', '-0.09150',
    '0.99580', '0.00000', '0.00000', '0.00000', '1.00000']
  '010.1333': ['0.178', '0.225', '0.000', '0.99936', '0.03574', '0.00000', '-0.03574',
    '0.99936', '0.00000', '0.00000', '0.00000', '1.00000']
  '010.2000': ['0.190', '0.224', '0.000', '0.99963', '-0.02710', '0.00000', '0.02710',
    '0.99963', '0.00000', '0.00000', '0.00000', '1.00000']
  '010.2667': ['0.202', '0.224', '0.000', '0.99560', '-0.09369', '0.00000', '0.09369',
    '0.99560', '0.00000', '0.00000', '0.00000', '1.00000']
  '010.3333': ['0.213', '0.225', '0.000', '0.98441', '-0.17591', '0.00000', '0.17591',
    '0.98441', '0.00000', '0.00000', '0.00000', '1.00000']
  '010.4000': ['0.225', '0.227', '0.000', '0.96453', '-0.26398', '0.00000', '0.26398',
    '0.96453', '0.00000', '0.00000', '0.00000', '1.00000']
  '010.4667': ['0.236', '0.229', '0.000', '0.93541', '-0.35357', '0.00000', '0.35357',
    '0.93541', '0.00000', '0.00000', '0.00000', '1.00000']
  '010.5333': ['0.247', '0.233', '0.000', '0.89798', '-0.44003', '0.00000', '0.44003',
    '0.89798', '0.00000', '0.00000', '0.00000', '1.00000']
  '010.6000': ['0.257', '0.238', '0.000', '0.85259', '-0.52258', '0.00000', '0.52258',
    '0.85259', '0.00000', '0.00000', '0.00000', '1.00000']
  '010.6667': ['0.267', '0.244', '0.000', '0.79963', '-0.60050', '0.00000', '0.60050',
    '0.79963', '0.00000', '0.00000', '0.00000', '1.00000']
  '010.7333': ['0.277', '0.251', '0.000', '0.74082', '-0.67170', '0.00000', '0.67170',
    '0.74082', '0.00000', '0.00000', '0.00000', '1.00000']
  '010.8000': ['0.286', '0.258', '0.000', '0.67837', '-0.73472', '0.00000', '0.73472',
    '0.67837', '0.00000', '0.00000', '0.00000', '1.00000']
  '010.8667': ['0.294', '0.266', '0.000', '0.61059', '-0.79195', '0.00000', '0.79195',
    '0.61059', '0.00000', '0.00000', '0.00000', '1.00000']
  '010.9333': ['0.302', '0.274', '0.000', '0.53787', '-0.84303', '0.00000', '0.84303',
    '0.53787', '0.00000', '0.00000', '0.00000', '1.00000']
  '011.0000': ['0.308', '0.284', '0.000', '0.46077', '-0.88752', '0.00000', '0.88752',
    '0.46077', '0.00000', '0.00000', '0.00000', '1.00000']
  '011.0667': ['0.314', '0.294', '0.000', '0.38686', '-0.92214', '0.00000', '0.92214',
    '0.38686', '0.00000', '0.00000', '0.00000', '1.00000']
  '011.1333': ['0.320', '0.304', '0.000', '0.31615', '-0.94871', '0.00000', '0.94871',
    '0.31615', '0.00000', '0.00000', '0.00000', '1.00000']
  '011.2000': ['0.324', '0.314', '0.000', '0.24363', '-0.96987', '0.00000', '0.96987',
    '0.24363', '0.00000', '0.00000', '0.00000', '1.00000']
  '011.2667': ['0.328', '0.325', '0.000', '0.17239', '-0.98503', '0.00000', '0.98503',
    '0.17239', '0.00000', '0.00000', '0.00000', '1.00000']
  '011.3333': ['0.330', '0.337', '0.000', '0.11074', '-0.99385', '0.00000', '0.99385',
    '0.11074', '0.00000', '0.00000', '0.00000', '1.00000']
  '011.4000': ['0.332', '0.348', '0.000', '0.04682', '-0.99890', '0.00000', '0.99890',
    '0.04682', '0.00000', '0.00000', '0.00000', '1.00000']
  '011.4667': ['0.333', '0.360', '0.000', '-0.02440', '-0.99970', '0.00000', '0.99970',
    '-0.02440', '0.00000', '0.00000', '0.00000', '1.00000']
  '011.5333': ['0.334', '0.371', '0.000', '-0.09550', '-0.99543', '0.00000', '0.99543',
    '-0.09550', '0.00000', '0.00000', '0.00000', '1.00000']
  '011.6000': ['0.333', '0.383', '0.000', '-0.15799', '-0.98744', '0.00000', '0.98744',
    '-0.15799', '0.00000', '0.00000', '0.00000', '1.00000']
  '011.6667': ['0.332', '0.394', '0.000', '-0.21528', '-0.97655', '0.00000', '0.97655',
    '-0.21528', '0.00000', '0.00000', '0.00000', '1.00000']
  '011.7333': ['0.331', '0.406', '0.000', '-0.27184', '-0.96234', '0.00000', '0.96234',
    '-0.27184', '0.00000', '0.00000', '0.00000', '1.00000']
  '011.8000': ['0.328', '0.417', '0.000', '-0.32822', '-0.94460', '0.00000', '0.94460',
    '-0.32822', '0.00000', '0.00000', '0.00000', '1.00000']
  '011.8667': ['0.325', '0.428', '0.000', '-0.39944', '-0.91676', '0.00000', '0.91676',
    '-0.39944', '0.00000', '0.00000', '0.00000', '1.00000']
  '011.9333': ['0.320', '0.439', '0.000', '-0.46505', '-0.88529', '0.00000', '0.88529',
    '-0.46505', '0.00000', '0.00000', '0.00000', '1.00000']
  '012.0000': ['0.315', '0.449', '0.000', '-0.52459', '-0.85136', '0.00000', '0.85136',
    '-0.52459', '0.00000', '0.00000', '0.00000', '1.00000']
  '012.0667': ['0.309', '0.459', '0.000', '-0.57272', '-0.81975', '0.00000', '0.81975',
    '-0.57272', '0.00000', '0.00000', '0.00000', '1.00000']
  '012.1333': ['0.302', '0.468', '0.000', '-0.60820', '-0.79378', '0.00000', '0.79378',
    '-0.60820', '0.00000', '0.00000', '0.00000', '1.00000']
  '012.2000': ['0.295', '0.477', '0.000', '-0.63508', '-0.77244', '0.00000', '0.77244',
    '-0.63508', '0.00000', '0.00000', '0.00000', '1.00000']
  '012.2667': ['0.287', '0.486', '0.000', '-0.64836', '-0.76134', '0.00000', '0.76134',
    '-0.64836', '0.00000', '0.00000', '0.00000', '1.00000']
  '012.3333': ['0.280', '0.495', '0.000', '-0.66042', '-0.75089', '0.00000', '0.75089',
    '-0.66042', '0.00000', '0.00000', '0.00000', '1.00000']
  '012.4000': ['0.272', '0.504', '0.000', '-0.66198', '-0.74953', '0.00000', '0.74953',
    '-0.66198', '0.00000', '0.00000', '0.00000', '1.00000']
  '012.4667': ['0.265', '0.513', '0.000', '-0.66383', '-0.74789', '0.00000', '0.74789',
    '-0.66383', '0.00000', '0.00000', '0.00000', '1.00000']
  '012.5333': ['0.257', '0.521', '0.000', '-0.66245', '-0.74911', '0.00000', '0.74911',
    '-0.66245', '0.00000', '0.00000', '0.00000', '1.00000']
  '012.6000': ['0.249', '0.530', '0.000', '-0.65385', '-0.75662', '0.00000', '0.75662',
    '-0.65385', '0.00000', '0.00000', '0.00000', '1.00000']
  '012.6667': ['0.242', '0.539', '0.000', '-0.65288', '-0.75746', '0.00000', '0.75746',
    '-0.65288', '0.00000', '0.00000', '0.00000', '1.00000']
  '012.7333': ['0.234', '0.548', '0.000', '-0.64612', '-0.76324', '0.00000', '0.76324',
    '-0.64612', '0.00000', '0.00000', '0.00000', '1.00000']
  '012.8000': ['0.226', '0.556', '0.000', '-0.63966', '-0.76866', '0.00000', '0.76866',
    '-0.63966', '0.00000', '0.00000', '0.00000', '1.00000']
  '012.8667': ['0.219', '0.565', '0.000', '-0.63354', '-0.77371', '0.00000', '0.77371',
    '-0.63354', '0.00000', '0.00000', '0.00000', '1.00000']
  '012.9333': ['0.212', '0.574', '0.000', '-0.62783', '-0.77835', '0.00000', '0.77835',
    '-0.62783', '0.00000', '0.00000', '0.00000', '1.00000']
  '013.0000': ['0.204', '0.583', '0.000', '-0.62246', '-0.78265', '0.00000', '0.78265',
    '-0.62246', '0.00000', '0.00000', '0.00000', '1.00000']
  '013.0667': ['0.197', '0.592', '0.000', '-0.61743', '-0.78662', '0.00000', '0.78662',
    '-0.61743', '0.00000', '0.00000', '0.00000', '1.00000']
  '013.1333': ['0.190', '0.602', '0.000', '-0.61263', '-0.79037', '0.00000', '0.79037',
    '-0.61263', '0.00000', '0.00000', '0.00000', '1.00000']
  '013.2000': ['0.183', '0.611', '0.000', '-0.60798', '-0.79395', '0.00000', '0.79395',
    '-0.60798', '0.00000', '0.00000', '0.00000', '1.00000']
  '013.2667': ['0.176', '0.620', '0.000', '-0.59720', '-0.80209', '0.00000', '0.80209',
    '-0.59720', '0.00000', '0.00000', '0.00000', '1.00000']
  '013.3333': ['0.169', '0.629', '0.000', '-0.59340', '-0.80491', '0.00000', '0.80491',
    '-0.59340', '0.00000', '0.00000', '0.00000', '1.00000']
  '013.4000': ['0.162', '0.639', '0.000', '-0.58517', '-0.81091', '0.00000', '0.81091',
    '-0.58517', '0.00000', '0.00000', '0.00000', '1.00000']
  '013.4667': ['0.155', '0.648', '0.000', '-0.58017', '-0.81450', '0.00000', '0.81450',
    '-0.58017', '0.00000', '0.00000', '0.00000', '1.00000']
  '013.5333': ['0.149', '0.657', '0.000', '-0.58177', '-0.81335', '0.00000', '0.81335',
    '-0.58177', '0.00000', '0.00000', '0.00000', '1.00000']
  '013.6000': ['0.142', '0.667', '0.000', '-0.57478', '-0.81830', '0.00000', '0.81830',
    '-0.57478', '0.00000', '0.00000', '0.00000', '1.00000']
  '013.6667': ['0.135', '0.676', '0.000', '-0.57703', '-0.81672', '0.00000', '0.81672',
    '-0.57703', '0.00000', '0.00000', '0.00000', '1.00000']
  '013.7333': ['0.128', '0.686', '0.000', '-0.57445', '-0.81854', '0.00000', '0.81854',
    '-0.57445', '0.00000', '0.00000', '0.00000', '1.00000']
  '013.8000': ['0.122', '0.695', '0.000', '-0.57713', '-0.81665', '0.00000', '0.81665',
    '-0.57713', '0.00000', '0.00000', '0.00000', '1.00000']
  '013.8667': ['0.115', '0.705', '0.000', '-0.57607', '-0.81740', '0.00000', '0.81740',
    '-0.57607', '0.00000', '0.00000', '0.00000', '1.00000']
  '013.9333': ['0.108', '0.714', '0.000', '-0.57244', '-0.81995', '0.00000', '0.81995',
    '-0.57244', '0.00000', '0.00000', '0.00000', '1.00000']
  '014.0000': ['0.102', '0.724', '0.000', '-0.56892', '-0.82239', '0.00000', '0.82239',
    '-0.56892', '0.00000', '0.00000', '0.00000', '1.00000']
  '014.0667': ['0.095', '0.733', '0.000', '-0.56552', '-0.82474', '0.00000', '0.82474',
    '-0.56552', '0.00000', '0.00000', '0.00000', '1.00000']
  '014.1333': ['0.089', '0.743', '0.000', '-0.55808', '-0.82979', '0.00000', '0.82979',
    '-0.55808', '0.00000', '0.00000', '0.00000', '1.00000']
  '014.2000': ['0.082', '0.753', '0.000', '-0.55493', '-0.83190', '0.00000', '0.83190',
    '-0.55493', '0.00000', '0.00000', '0.00000', '1.00000']
  '014.2667': ['0.076', '0.762', '0.000', '-0.55188', '-0.83392', '0.00000', '0.83392',
    '-0.55188', '0.00000', '0.00000', '0.00000', '1.00000']
  '014.3333': ['0.069', '0.772', '0.000', '-0.54488', '-0.83851', '0.00000', '0.83851',
    '-0.54488', '0.00000', '0.00000', '0.00000', '1.00000']
  '014.4000': ['0.063', '0.782', '0.000', '-0.53596', '-0.84424', '0.00000', '0.84424',
    '-0.53596', '0.00000', '0.00000', '0.00000', '1.00000']
  '014.4667': ['0.057', '0.792', '0.000', '-0.52621', '-0.85035', '0.00000', '0.85035',
    '-0.52621', '0.00000', '0.00000', '0.00000', '1.00000']
  '014.5333': ['0.051', '0.801', '0.000', '-0.51939', '-0.85454', '0.00000', '0.85454',
    '-0.51939', '0.00000', '0.00000', '0.00000', '1.00000']
  '014.6000': ['0.045', '0.811', '0.000', '-0.51336', '-0.85817', '0.00000', '0.85817',
    '-0.51336', '0.00000', '0.00000', '0.00000', '1.00000']
  '014.6667': ['0.039', '0.821', '0.000', '-0.49972', '-0.86619', '0.00000', '0.86619',
    '-0.49972', '0.00000', '0.00000', '0.00000', '1.00000']
  '014.7333': ['0.033', '0.831', '0.000', '-0.48595', '-0.87398', '0.00000', '0.87398',
    '-0.48595', '0.00000', '0.00000', '0.00000', '1.00000']
  '014.8000': ['0.027', '0.842', '0.000', '-0.46335', '-0.88618', '0.00000', '0.88618',
    '-0.46335', '0.00000', '0.00000', '0.00000', '1.00000']
  '014.8667': ['0.022', '0.852', '0.000', '-0.43212', '-0.90181', '0.00000', '0.90181',
    '-0.43212', '0.00000', '0.00000', '0.00000', '1.00000']
  '014.9333': ['0.017', '0.862', '0.000', '-0.40050', '-0.91630', '0.00000', '0.91630',
    '-0.40050', '0.00000', '0.00000', '0.00000', '1.00000']
  '015.0000': ['0.012', '0.873', '0.000', '-0.37167', '-0.92836', '0.00000', '0.92836',
    '-0.37167', '0.00000', '0.00000', '0.00000', '1.00000']
  '015.0667': ['0.008', '0.884', '0.000', '-0.34741', '-0.93771', '0.00000', '0.93771',
    '-0.34741', '0.00000', '0.00000', '0.00000', '1.00000']
  '015.1333': ['0.004', '0.895', '0.000', '-0.33223', '-0.94320', '0.00000', '0.94320',
    '-0.33223', '0.00000', '0.00000', '0.00000', '1.00000']
  '015.2000': ['0.000', '0.906', '0.000', '-0.32529', '-0.94561', '0.00000', '0.94561',
    '-0.32529', '0.00000', '0.00000', '0.00000', '1.00000']
  '015.2667': ['-0.004', '0.917', '0.000', '-0.32498', '-0.94572', '0.00000', '0.94572',
    '-0.32498', '0.00000', '0.00000', '0.00000', '1.00000']
  '015.3333': ['-0.008', '0.927', '0.000', '-0.31466', '-0.94921', '0.00000', '0.94921',
    '-0.31466', '0.00000', '0.00000', '0.00000', '1.00000']
  '015.4000': ['-0.011', '0.938', '0.000', '-0.30284', '-0.95304', '0.00000', '0.95304',
    '-0.30284', '0.00000', '0.00000', '0.00000', '1.00000']
  '015.4667': ['-0.015', '0.950', '0.000', '-0.30717', '-0.95165', '0.00000', '0.95165',
    '-0.30717', '0.00000', '0.00000', '0.00000', '1.00000']
  '015.5333': ['-0.018', '0.961', '0.000', '-0.33170', '-0.94339', '0.00000', '0.94339',
    '-0.33170', '0.00000', '0.00000', '0.00000', '1.00000']
  '015.6000': ['-0.022', '0.972', '0.000', '-0.35707', '-0.93408', '0.00000', '0.93408',
    '-0.35707', '0.00000', '0.00000', '0.00000', '1.00000']
  '015.6667': ['-0.026', '0.982', '0.000', '-0.37813', '-0.92575', '0.00000', '0.92575',
    '-0.37813', '0.00000', '0.00000', '0.00000', '1.00000']
  '015.7333': ['-0.031', '0.993', '0.000', '-0.40039', '-0.91635', '0.00000', '0.91635',
    '-0.40039', '0.00000', '0.00000', '0.00000', '1.00000']
  '015.8000': ['-0.035', '1.004', '0.000', '-0.42026', '-0.90740', '0.00000', '0.90740',
    '-0.42026', '0.00000', '0.00000', '0.00000', '1.00000']
  '015.8667': ['-0.040', '1.014', '0.000', '-0.45194', '-0.89205', '0.00000', '0.89205',
    '-0.45194', '0.00000', '0.00000', '0.00000', '1.00000']
  '015.9333': ['-0.045', '1.025', '0.000', '-0.48878', '-0.87240', '0.00000', '0.87240',
    '-0.48878', '0.00000', '0.00000', '0.00000', '1.00000']
  '016.0000': ['-0.051', '1.035', '0.000', '-0.52462', '-0.85134', '0.00000', '0.85134',
    '-0.52462', '0.00000', '0.00000', '0.00000', '1.00000']
  '016.0667': ['-0.057', '1.045', '0.000', '-0.55931', '-0.82896', '0.00000', '0.82896',
    '-0.55931', '0.00000', '0.00000', '0.00000', '1.00000']
  '016.1333': ['-0.063', '1.054', '0.000', '-0.59138', '-0.80640', '0.00000', '0.80640',
    '-0.59138', '0.00000', '0.00000', '0.00000', '1.00000']
  '016.2000': ['-0.070', '1.064', '0.000', '-0.61725', '-0.78677', '0.00000', '0.78677',
    '-0.61725', '0.00000', '0.00000', '0.00000', '1.00000']
  '016.2667': ['-0.078', '1.073', '0.000', '-0.63856', '-0.76957', '0.00000', '0.76957',
    '-0.63856', '0.00000', '0.00000', '0.00000', '1.00000']
  '016.3333': ['-0.085', '1.082', '0.000', '-0.66413', '-0.74761', '0.00000', '0.74761',
    '-0.66413', '0.00000', '0.00000', '0.00000', '1.00000']
  '016.4000': ['-0.093', '1.091', '0.000', '-0.69113', '-0.72273', '0.00000', '0.72273',
    '-0.69113', '0.00000', '0.00000', '0.00000', '1.00000']
  '016.4667': ['-0.101', '1.099', '0.000', '-0.72434', '-0.68944', '0.00000', '0.68944',
    '-0.72434', '0.00000', '0.00000', '0.00000', '1.00000']
  '016.5333': ['-0.109', '1.107', '0.000', '-0.77256', '-0.63494', '0.00000', '0.63494',
    '-0.77256', '0.00000', '0.00000', '0.00000', '1.00000']
  '016.6000': ['-0.118', '1.114', '0.000', '-0.82136', '-0.57041', '0.00000', '0.57041',
    '-0.82136', '0.00000', '0.00000', '0.00000', '1.00000']
  '016.6667': ['-0.128', '1.121', '0.000', '-0.86624', '-0.49962', '0.00000', '0.49962',
    '-0.86624', '0.00000', '0.00000', '0.00000', '1.00000']
  '016.7333': ['-0.138', '1.126', '0.000', '-0.90743', '-0.42021', '0.00000', '0.42021',
    '-0.90743', '0.00000', '0.00000', '0.00000', '1.00000']
  '016.8000': ['-0.148', '1.131', '0.000', '-0.93865', '-0.34488', '0.00000', '0.34488',
    '-0.93865', '0.00000', '0.00000', '0.00000', '1.00000']
  '016.8667': ['-0.159', '1.136', '0.000', '-0.96334', '-0.26830', '0.00000', '0.26830',
    '-0.96334', '0.00000', '0.00000', '0.00000', '1.00000']
  '016.9333': ['-0.170', '1.139', '0.000', '-0.98179', '-0.18998', '0.00000', '0.18998',
    '-0.98179', '0.00000', '0.00000', '0.00000', '1.00000']
  '017.0000': ['-0.181', '1.142', '0.000', '-0.99388', '-0.11043', '0.00000', '0.11043',
    '-0.99388', '0.00000', '0.00000', '0.00000', '1.00000']
  '017.0667': ['-0.193', '1.143', '0.000', '-0.99955', '-0.03016', '0.00000', '0.03016',
    '-0.99955', '0.00000', '0.00000', '0.00000', '1.00000']
  '017.1333': ['-0.204', '1.144', '0.000', '-0.99769', '0.06795', '0.00000', '-0.06795',
    '-0.99769', '0.00000', '0.00000', '0.00000', '1.00000']
  '017.2000': ['-0.216', '1.143', '0.000', '-0.98859', '0.15061', '0.00000', '-0.15061',
    '-0.98859', '0.00000', '0.00000', '0.00000', '1.00000']
  '017.2667': ['-0.227', '1.141', '0.000', '-0.97959', '0.20098', '0.00000', '-0.20098',
    '-0.97959', '0.00000', '0.00000', '0.00000', '1.00000']
  '017.3333': ['-0.239', '1.138', '0.000', '-0.97114', '0.23850', '0.00000', '-0.23850',
    '-0.97114', '0.00000', '0.00000', '0.00000', '1.00000']
  '017.4000': ['-0.250', '1.136', '0.000', '-0.96275', '0.27038', '0.00000', '-0.27038',
    '-0.96275', '0.00000', '0.00000', '0.00000', '1.00000']
  '017.4667': ['-0.261', '1.133', '0.000', '-0.95354', '0.30126', '0.00000', '-0.30126',
    '-0.95354', '0.00000', '0.00000', '0.00000', '1.00000']
  '017.5333': ['-0.272', '1.129', '0.000', '-0.94818', '0.31774', '0.00000', '-0.31774',
    '-0.94818', '0.00000', '0.00000', '0.00000', '1.00000']
  '017.6000': ['-0.283', '1.125', '0.000', '-0.92748', '0.37387', '0.00000', '-0.37387',
    '-0.92748', '0.00000', '0.00000', '0.00000', '1.00000']
  '017.6666': ['-0.294', '1.121', '0.000', '-0.89884', '0.43829', '0.00000', '-0.43829',
    '-0.89884', '0.00000', '0.00000', '0.00000', '1.00000']
  '017.7333': ['-0.304', '1.116', '0.000', '-0.87045', '0.49226', '0.00000', '-0.49226',
    '-0.87045', '0.00000', '0.00000', '0.00000', '1.00000']
  '017.8000': ['-0.314', '1.110', '0.000', '-0.83640', '0.54812', '0.00000', '-0.54812',
    '-0.83640', '0.00000', '0.00000', '0.00000', '1.00000']
  '017.8666': ['-0.324', '1.103', '0.000', '-0.80939', '0.58727', '0.00000', '-0.58727',
    '-0.80939', '0.00000', '0.00000', '0.00000', '1.00000']
  '017.9333': ['-0.333', '1.097', '0.000', '-0.78048', '0.62518', '0.00000', '-0.62518',
    '-0.78048', '0.00000', '0.00000', '0.00000', '1.00000']
