begin_time_stamp: 1588330258.1333292
data_header:
  time_stamp: [x, y, z, R11, R12, R13, R21, R22, R23, R31, R32, R33]
trajectory_data:
  '000.0000': ['0.425', '0.386', '0.080', '0.99149', '-0.13016', '0.00021', '0.13016',
    '0.99149', '-0.00047', '-0.00014', '0.00050', '1.00000']
  '000.0667': ['0.441', '0.387', '0.080', '0.99065', '-0.13643', '0.00020', '0.13643',
    '0.99065', '-0.00046', '-0.00014', '0.00048', '1.00000']
  '000.1333': ['0.452', '0.388', '0.080', '0.99095', '-0.13420', '0.00020', '0.13420',
    '0.99095', '-0.00044', '-0.00014', '0.00046', '1.00000']
  '000.2000': ['0.463', '0.390', '0.080', '0.99098', '-0.13398', '0.00020', '0.13398',
    '0.99098', '-0.00042', '-0.00014', '0.00044', '1.00000']
  '000.2667': ['0.477', '0.393', '0.080', '0.99122', '-0.13222', '0.00023', '0.13222',
    '0.99122', '-0.00042', '-0.00017', '0.00044', '1.00000']
  '000.3333': ['0.493', '0.394', '0.080', '0.99182', '-0.12768', '0.00022', '0.12768',
    '0.99182', '-0.00039', '-0.00017', '0.00041', '1.00000']
  '000.4000': ['0.503', '0.395', '0.080', '0.99084', '-0.13506', '0.00024', '0.13506',
    '0.99084', '-0.00039', '-0.00018', '0.00042', '1.00000']
  '000.4667': ['0.517', '0.398', '0.080', '0.98815', '-0.15347', '0.00027', '0.15347',
    '0.98815', '-0.00041', '-0.00020', '0.00044', '1.00000']
  '000.5333': ['0.526', '0.400', '0.080', '0.98676', '-0.16220', '0.00026', '0.16220',
    '0.98676', '-0.00040', '-0.00019', '0.00044', '1.00000']
  '000.6000': ['0.535', '0.401', '0.080', '0.98634', '-0.16475', '0.00027', '0.16475',
    '0.98634', '-0.00040', '-0.00020', '0.00044', '1.00000']
  '000.6667': ['0.545', '0.403', '0.080', '0.98591', '-0.16730', '0.00028', '0.16730',
    '0.98591', '-0.00040', '-0.00021', '0.00044', '1.00000']
  '000.7333': ['0.559', '0.402', '0.080', '0.98604', '-0.16648', '0.00028', '0.16648',
    '0.98604', '-0.00035', '-0.00022', '0.00039', '1.00000']
  '000.8000': ['0.564', '0.406', '0.080', '0.97025', '-0.24209', '0.00030', '0.24209',
    '0.97025', '-0.00036', '-0.00021', '0.00043', '1.00000']
  '000.8667': ['0.566', '0.408', '0.080', '0.94185', '-0.33603', '0.00031', '0.33603',
    '0.94185', '-0.00035', '-0.00017', '0.00044', '1.00000']
  '000.9333': ['0.575', '0.411', '0.080', '0.88714', '-0.46150', '0.00033', '0.46150',
    '0.88714', '-0.00035', '-0.00013', '0.00046', '1.00000']
  '001.0000': ['0.586', '0.416', '0.080', '0.84353', '-0.53708', '0.00034', '0.53708',
    '0.84353', '-0.00033', '-0.00011', '0.00046', '1.00000']
  '001.0667': ['0.590', '0.420', '0.080', '0.81998', '-0.57239', '0.00035', '0.57239',
    '0.81998', '-0.00032', '-0.00011', '0.00047', '1.00000']
  '001.1333': ['0.599', '0.428', '0.080', '0.78642', '-0.61770', '0.00035', '0.61770',
    '0.78642', '-0.00029', '-0.00010', '0.00044', '1.00000']
  '001.2000': ['0.614', '0.439', '0.080', '0.76686', '-0.64181', '0.00033', '0.64181',
    '0.76686', '-0.00026', '-0.00008', '0.00041', '1.00000']
  '001.2667': ['0.619', '0.445', '0.080', '0.75772', '-0.65258', '0.00033', '0.65258',
    '0.75772', '-0.00026', '-0.00008', '0.00041', '1.00000']
  '006.0000': ['0.726', '0.200', '0.080', '0.97162', '0.23654', '0.00019', '-0.23654',
    '0.97162', '-0.00011', '-0.00021', '0.00006', '1.00000']
  '006.0667': ['0.736', '0.198', '0.080', '0.97298', '0.23090', '0.00021', '-0.23090',
    '0.97298', '-0.00014', '-0.00024', '0.00009', '1.00000']
  '006.1333': ['0.746', '0.197', '0.080', '0.97212', '0.23450', '0.00021', '-0.23450',
    '0.97212', '-0.00018', '-0.00024', '0.00013', '1.00000']
  '006.2000': ['0.757', '0.194', '0.080', '0.97220', '0.23416', '0.00022', '-0.23416',
    '0.97220', '-0.00020', '-0.00026', '0.00015', '1.00000']
  '006.2667': ['0.767', '0.192', '0.080', '0.97223', '0.23403', '0.00023', '-0.23403',
    '0.97223', '-0.00024', '-0.00028', '0.00018', '1.00000']
  '006.3333': ['0.778', '0.190', '0.080', '0.96957', '0.24480', '0.00025', '-0.24480',
    '0.96957', '-0.00029', '-0.00031', '0.00022', '1.00000']
  '006.4000': ['0.790', '0.187', '0.080', '0.96898', '0.24715', '0.00027', '-0.24715',
    '0.96898', '-0.00032', '-0.00034', '0.00024', '1.00000']
  '006.4667': ['0.801', '0.184', '0.080', '0.96809', '0.25061', '0.00028', '-0.25061',
    '0.96809', '-0.00033', '-0.00036', '0.00025', '1.00000']
  '006.5333': ['0.813', '0.180', '0.080', '0.96657', '0.25641', '0.00031', '-0.25641',
    '0.96657', '-0.00034', '-0.00039', '0.00025', '1.00000']
  '006.6000': ['0.825', '0.177', '0.080', '0.96496', '0.26240', '0.00032', '-0.26240',
    '0.96496', '-0.00037', '-0.00040', '0.00027', '1.00000']
  '006.6667': ['0.837', '0.173', '0.080', '0.96492', '0.26255', '0.00032', '-0.26255',
    '0.96492', '-0.00040', '-0.00041', '0.00031', '1.00000']
  '006.7333': ['0.848', '0.170', '0.080', '0.96618', '0.25787', '0.00037', '-0.25787',
    '0.96618', '-0.00041', '-0.00046', '0.00030', '1.00000']
  '006.8000': ['0.861', '0.166', '0.080', '0.96702', '0.25470', '0.00040', '-0.25470',
    '0.96702', '-0.00041', '-0.00049', '0.00029', '1.00000']
  '006.8667': ['0.872', '0.164', '0.080', '0.96666', '0.25607', '0.00044', '-0.25607',
    '0.96666', '-0.00046', '-0.00054', '0.00033', '1.00000']
  '006.9333': ['0.884', '0.160', '0.080', '0.96729', '0.25369', '0.00048', '-0.25369',
    '0.96729', '-0.00041', '-0.00057', '0.00028', '1.00000']
  '007.0000': ['0.896', '0.156', '0.080', '0.96689', '0.25520', '0.00050', '-0.25520',
    '0.96689', '-0.00043', '-0.00059', '0.00029', '1.00000']
  '007.0667': ['0.909', '0.153', '0.080', '0.96659', '0.25633', '0.00050', '-0.25633',
    '0.96659', '-0.00045', '-0.00060', '0.00030', '1.00000']
  '007.1333': ['0.920', '0.148', '0.080', '0.96769', '0.25214', '0.00058', '-0.25214',
    '0.96769', '-0.00044', '-0.00067', '0.00027', '1.00000']
  '007.2000': ['0.933', '0.144', '0.080', '0.96715', '0.25420', '0.00060', '-0.25420',
    '0.96715', '-0.00042', '-0.00069', '0.00026', '1.00000']
  '007.2667': ['0.943', '0.141', '0.080', '0.96640', '0.25704', '0.00064', '-0.25704',
    '0.96640', '-0.00043', '-0.00073', '0.00025', '1.00000']
  '007.3333': ['0.955', '0.136', '0.080', '0.96749', '0.25290', '0.00069', '-0.25290',
    '0.96749', '-0.00039', '-0.00076', '0.00020', '1.00000']
  '007.4000': ['0.967', '0.132', '0.080', '0.96699', '0.25480', '0.00069', '-0.25480',
    '0.96699', '-0.00037', '-0.00076', '0.00018', '1.00000']
  '007.4667': ['0.977', '0.128', '0.080', '0.96760', '0.25247', '0.00073', '-0.25247',
    '0.96760', '-0.00036', '-0.00080', '0.00016', '1.00000']
  '007.5333': ['0.989', '0.123', '0.080', '0.96769', '0.25214', '0.00071', '-0.25214',
    '0.96769', '-0.00034', '-0.00078', '0.00015', '1.00000']
  '007.6000': ['1.000', '0.120', '0.080', '0.97104', '0.23891', '0.00071', '-0.23891',
    '0.97104', '-0.00031', '-0.00077', '0.00013', '1.00000']
  '007.6667': ['1.011', '0.116', '0.080', '0.97190', '0.23538', '0.00071', '-0.23538',
    '0.97190', '-0.00032', '-0.00076', '0.00014', '1.00000']
  '007.7333': ['1.022', '0.113', '0.080', '0.97335', '0.22932', '0.00071', '-0.22932',
    '0.97335', '-0.00027', '-0.00076', '0.00010', '1.00000']
  '007.8000': ['1.034', '0.109', '0.080', '0.97566', '0.21928', '0.00067', '-0.21928',
    '0.97566', '-0.00021', '-0.00070', '0.00006', '1.00000']
  '007.8667': ['1.044', '0.107', '0.080', '0.97740', '0.21138', '0.00068', '-0.21138',
    '0.97740', '-0.00027', '-0.00073', '0.00012', '1.00000']
  '007.9333': ['1.056', '0.103', '0.080', '0.97858', '0.20585', '0.00063', '-0.20585',
    '0.97858', '-0.00022', '-0.00066', '0.00009', '1.00000']
  '008.0000': ['1.066', '0.103', '0.080', '0.98026', '0.19771', '0.00061', '-0.19771',
    '0.98026', '-0.00034', '-0.00066', '0.00021', '1.00000']
  '008.0667': ['1.076', '0.123', '0.080', '0.97478', '0.22315', '0.00080', '-0.22315',
    '0.97478', '-0.00226', '-0.00128', '0.00203', '1.00000']
  '008.1333': ['1.091', '0.100', '0.080', '0.98176', '0.19013', '0.00044', '-0.19013',
    '0.98176', '-0.00036', '-0.00051', '0.00027', '1.00000']
  '008.2000': ['1.102', '0.097', '0.080', '0.98313', '0.18288', '0.00040', '-0.18288',
    '0.98313', '-0.00027', '-0.00045', '0.00020', '1.00000']
  '008.2667': ['1.112', '0.099', '0.080', '0.98336', '0.18165', '0.00038', '-0.18165',
    '0.98336', '-0.00050', '-0.00046', '0.00042', '1.00000']
  '008.3333': ['1.124', '0.099', '0.080', '0.98558', '0.16922', '0.00027', '-0.16922',
    '0.98558', '-0.00057', '-0.00037', '0.00051', '1.00000']
  '008.4000': ['1.133', '0.097', '0.080', '0.98767', '0.15657', '0.00035', '-0.15657',
    '0.98767', '-0.00055', '-0.00043', '0.00049', '1.00000']
  '008.4667': ['1.144', '0.097', '0.080', '0.98699', '0.16079', '0.00028', '-0.16079',
    '0.98699', '-0.00064', '-0.00038', '0.00059', '1.00000']
  '008.5333': ['1.153', '0.098', '0.080', '0.98808', '0.15392', '0.00044', '-0.15392',
    '0.98808', '-0.00081', '-0.00056', '0.00073', '1.00000']
  '008.6000': ['1.165', '0.104', '0.080', '0.98969', '0.14324', '0.00035', '-0.14324',
    '0.98969', '-0.00131', '-0.00054', '0.00125', '1.00000']
  '008.6667': ['1.178', '0.098', '0.080', '0.99195', '0.12664', '0.00023', '-0.12664',
    '0.99195', '-0.00092', '-0.00034', '0.00088', '1.00000']
  '008.7333': ['1.187', '0.107', '0.080', '0.99357', '0.11325', '0.00032', '-0.11325',
    '0.99356', '-0.00169', '-0.00051', '0.00165', '1.00000']
  '008.8000': ['1.151', '0.073', '0.080', '0.99674', '0.08068', '0.00065', '-0.08068',
    '0.99674', '-0.00011', '-0.00066', '0.00006', '1.00000']
  '008.8667': ['1.171', '0.082', '0.080', '0.99781', '0.06608', '0.00011', '-0.06608',
    '0.99781', '-0.00076', '-0.00016', '0.00075', '1.00000']
  '008.9333': ['1.178', '0.080', '0.080', '0.99844', '0.05586', '0.00018', '-0.05586',
    '0.99844', '-0.00068', '-0.00022', '0.00067', '1.00000']
  '009.0000': ['1.193', '0.082', '0.080', '0.99967', '0.02588', '0.00021', '-0.02588',
    '0.99966', '-0.00067', '-0.00023', '0.00067', '1.00000']
  '009.0667': ['1.206', '0.083', '0.080', '0.99997', '-0.00772', '0.00032', '0.00772',
    '0.99997', '-0.00061', '-0.00031', '0.00061', '1.00000']
  '009.1333': ['1.221', '0.085', '0.080', '0.99889', '-0.04720', '0.00036', '0.04720',
    '0.99889', '-0.00061', '-0.00033', '0.00063', '1.00000']
  '009.2000': ['1.235', '0.086', '0.080', '0.99448', '-0.10496', '0.00032', '0.10496',
    '0.99448', '-0.00057', '-0.00026', '0.00061', '1.00000']
  '009.2667': ['1.249', '0.088', '0.080', '0.98896', '-0.14821', '0.00030', '0.14821',
    '0.98896', '-0.00053', '-0.00022', '0.00057', '1.00000']
  '009.3333': ['1.260', '0.090', '0.080', '0.98452', '-0.17529', '0.00031', '0.17530',
    '0.98452', '-0.00048', '-0.00022', '0.00053', '1.00000']
  '009.4000': ['1.273', '0.095', '0.080', '0.98054', '-0.19630', '0.00026', '0.19630',
    '0.98054', '-0.00052', '-0.00015', '0.00056', '1.00000']
  '009.4667': ['1.285', '0.098', '0.080', '0.97575', '-0.21890', '0.00027', '0.21890',
    '0.97575', '-0.00050', '-0.00016', '0.00055', '1.00000']
  '009.5333': ['1.295', '0.100', '0.080', '0.97010', '-0.24269', '0.00022', '0.24269',
    '0.97010', '-0.00047', '-0.00011', '0.00051', '1.00000']
  '009.6000': ['1.306', '0.101', '0.080', '0.96553', '-0.26030', '0.00020', '0.26030',
    '0.96553', '-0.00042', '-0.00008', '0.00046', '1.00000']
  '009.6667': ['1.317', '0.105', '0.080', '0.96372', '-0.26690', '0.00021', '0.26690',
    '0.96372', '-0.00039', '-0.00009', '0.00043', '1.00000']
  '009.7333': ['1.328', '0.108', '0.080', '0.95575', '-0.29418', '0.00022', '0.29418',
    '0.95575', '-0.00041', '-0.00009', '0.00045', '1.00000']
  '009.8000': ['1.338', '0.112', '0.080', '0.94845', '-0.31692', '0.00020', '0.31692',
    '0.94845', '-0.00040', '-0.00007', '0.00044', '1.00000']
  '009.8667': ['1.347', '0.115', '0.080', '0.94063', '-0.33943', '0.00022', '0.33943',
    '0.94063', '-0.00037', '-0.00008', '0.00042', '1.00000']
  '009.9333': ['1.357', '0.118', '0.080', '0.92949', '-0.36885', '0.00022', '0.36885',
    '0.92949', '-0.00036', '-0.00007', '0.00042', '1.00000']
  '010.0000': ['1.366', '0.122', '0.080', '0.91681', '-0.39933', '0.00019', '0.39933',
    '0.91681', '-0.00035', '-0.00003', '0.00039', '1.00000']
  '010.0667': ['1.376', '0.127', '0.080', '0.90530', '-0.42478', '0.00019', '0.42478',
    '0.90530', '-0.00034', '-0.00003', '0.00039', '1.00000']
  '010.1333': ['1.387', '0.133', '0.080', '0.89511', '-0.44584', '0.00019', '0.44584',
    '0.89511', '-0.00033', '-0.00002', '0.00038', '1.00000']
  '010.2000': ['1.396', '0.138', '0.080', '0.88389', '-0.46769', '0.00021', '0.46769',
    '0.88389', '-0.00033', '-0.00003', '0.00039', '1.00000']
  '010.2667': ['1.406', '0.143', '0.080', '0.87018', '-0.49273', '0.00022', '0.49273',
    '0.87018', '-0.00033', '-0.00003', '0.00039', '1.00000']
  '010.3333': ['1.416', '0.149', '0.080', '0.85364', '-0.52086', '0.00020', '0.52086',
    '0.85364', '-0.00032', '-0.00000', '0.00038', '1.00000']
  '010.4000': ['1.425', '0.155', '0.080', '0.84009', '-0.54245', '0.00017', '0.54245',
    '0.84009', '-0.00031', '0.00003', '0.00036', '1.00000']
  '010.4667': ['1.435', '0.163', '0.080', '0.82964', '-0.55830', '0.00021', '0.55830',
    '0.82964', '-0.00033', '0.00001', '0.00039', '1.00000']
  '010.5333': ['1.444', '0.168', '0.080', '0.81663', '-0.57717', '0.00018', '0.57717',
    '0.81663', '-0.00031', '0.00003', '0.00036', '1.00000']
  '010.6000': ['1.453', '0.176', '0.080', '0.80323', '-0.59567', '0.00020', '0.59567',
    '0.80323', '-0.00033', '0.00004', '0.00039', '1.00000']
  '010.6667': ['1.461', '0.182', '0.080', '0.78730', '-0.61657', '0.00022', '0.61657',
    '0.78730', '-0.00032', '0.00003', '0.00039', '1.00000']
  '010.7333': ['1.469', '0.189', '0.080', '0.77274', '-0.63473', '0.00023', '0.63473',
    '0.77274', '-0.00033', '0.00003', '0.00041', '1.00000']
  '010.8000': ['1.477', '0.197', '0.080', '0.75635', '-0.65416', '0.00027', '0.65416',
    '0.75635', '-0.00034', '0.00001', '0.00043', '1.00000']
  '010.8667': ['1.486', '0.204', '0.080', '0.74354', '-0.66869', '0.00026', '0.66869',
    '0.74354', '-0.00032', '0.00002', '0.00041', '1.00000']
  '010.9333': ['1.494', '0.212', '0.080', '0.72996', '-0.68349', '0.00026', '0.68349',
    '0.72996', '-0.00032', '0.00003', '0.00041', '1.00000']
  '011.0000': ['1.502', '0.219', '0.080', '0.72019', '-0.69378', '0.00026', '0.69378',
    '0.72019', '-0.00030', '0.00002', '0.00040', '1.00000']
  '011.0667': ['1.508', '0.227', '0.080', '0.70326', '-0.71094', '0.00030', '0.71094',
    '0.70326', '-0.00033', '0.00002', '0.00045', '1.00000']
  '011.1333': ['1.516', '0.234', '0.080', '0.68869', '-0.72506', '0.00032', '0.72506',
    '0.68869', '-0.00032', '0.00001', '0.00045', '1.00000']
  '011.2000': ['1.523', '0.243', '0.080', '0.67609', '-0.73682', '0.00033', '0.73682',
    '0.67609', '-0.00031', '0.00000', '0.00045', '1.00000']
  '011.2667': ['1.531', '0.252', '0.080', '0.65942', '-0.75177', '0.00033', '0.75177',
    '0.65942', '-0.00031', '0.00001', '0.00045', '1.00000']
  '011.3333': ['1.539', '0.261', '0.080', '0.64406', '-0.76498', '0.00034', '0.76498',
    '0.64406', '-0.00029', '0.00001', '0.00045', '1.00000']
  '011.4000': ['1.546', '0.271', '0.080', '0.62515', '-0.78051', '0.00033', '0.78051',
    '0.62515', '-0.00028', '0.00001', '0.00044', '1.00000']
  '011.4667': ['1.554', '0.281', '0.080', '0.61391', '-0.78937', '0.00033', '0.78937',
    '0.61391', '-0.00027', '0.00001', '0.00042', '1.00000']
  '011.5333': ['1.562', '0.292', '0.080', '0.60587', '-0.79557', '0.00031', '0.79557',
    '0.60587', '-0.00026', '0.00002', '0.00040', '1.00000']
  '011.6000': ['1.569', '0.300', '0.080', '0.58411', '-0.81168', '0.00030', '0.81168',
    '0.58411', '-0.00024', '0.00002', '0.00038', '1.00000']
  '011.6667': ['1.577', '0.312', '0.080', '0.57149', '-0.82061', '0.00028', '0.82061',
    '0.57149', '-0.00025', '0.00005', '0.00038', '1.00000']
  '011.7333': ['1.584', '0.322', '0.080', '0.56175', '-0.82731', '0.00029', '0.82731',
    '0.56175', '-0.00025', '0.00004', '0.00038', '1.00000']
  '011.8000': ['1.591', '0.332', '0.080', '0.54999', '-0.83517', '0.00029', '0.83517',
    '0.54999', '-0.00026', '0.00006', '0.00038', '1.00000']
  '011.8667': ['1.590', '0.328', '0.080', '0.55559', '-0.83145', '-0.00003', '0.83145',
    '0.55559', '-0.00032', '0.00028', '0.00015', '1.00000']
  '011.9333': ['1.597', '0.338', '0.080', '0.53815', '-0.84285', '0.00001', '0.84285',
    '0.53815', '-0.00032', '0.00026', '0.00018', '1.00000']
  '012.0000': ['1.603', '0.347', '0.080', '0.51803', '-0.85536', '0.00004', '0.85536',
    '0.51803', '-0.00032', '0.00025', '0.00020', '1.00000']
  '012.0667': ['1.609', '0.358', '0.080', '0.49831', '-0.86700', '0.00003', '0.86700',
    '0.49831', '-0.00031', '0.00025', '0.00018', '1.00000']
  '012.1333': ['1.615', '0.369', '0.080', '0.47989', '-0.87733', '0.00007', '0.87733',
    '0.47989', '-0.00031', '0.00024', '0.00020', '1.00000']
  '012.2000': ['1.621', '0.380', '0.080', '0.45933', '-0.88827', '0.00007', '0.88827',
    '0.45933', '-0.00030', '0.00024', '0.00020', '1.00000']
  '012.2667': ['1.625', '0.391', '0.080', '0.43628', '-0.89981', '0.00008', '0.89981',
    '0.43628', '-0.00029', '0.00022', '0.00019', '1.00000']
  '012.3333': ['1.631', '0.402', '0.080', '0.41138', '-0.91147', '0.00006', '0.91147',
    '0.41138', '-0.00028', '0.00023', '0.00017', '1.00000']
  '012.4000': ['1.636', '0.414', '0.080', '0.38939', '-0.92107', '0.00010', '0.92107',
    '0.38939', '-0.00028', '0.00022', '0.00020', '1.00000']
  '012.4667': ['1.641', '0.426', '0.080', '0.36224', '-0.93208', '0.00009', '0.93208',
    '0.36224', '-0.00025', '0.00020', '0.00017', '1.00000']
  '012.6000': ['1.648', '0.450', '0.080', '0.29634', '-0.95508', '0.00013', '0.95508',
    '0.29634', '-0.00021', '0.00016', '0.00019', '1.00000']
  '012.7333': ['1.654', '0.475', '0.080', '0.21409', '-0.97681', '0.00012', '0.97681',
    '0.21409', '-0.00017', '0.00014', '0.00015', '1.00000']
  '012.8000': ['1.655', '0.488', '0.080', '0.17460', '-0.98464', '0.00022', '0.98464',
    '0.17460', '-0.00016', '0.00012', '0.00024', '1.00000']
  '012.9333': ['1.656', '0.511', '0.080', '0.10049', '-0.99494', '0.00043', '0.99494',
    '0.10049', '0.00001', '-0.00005', '0.00043', '1.00000']
  '013.0000': ['1.657', '0.523', '0.080', '0.06566', '-0.99784', '0.00042', '0.99784',
    '0.06566', '0.00006', '-0.00009', '0.00042', '1.00000']
  '013.0667': ['1.660', '0.536', '0.080', '0.03507', '-0.99938', '0.00029', '0.99939',
    '0.03507', '0.00002', '-0.00003', '0.00029', '1.00000']
  '013.2000': ['1.662', '0.561', '0.080', '-0.01072', '-0.99994', '0.00018', '0.99994',
    '-0.01072', '0.00011', '-0.00011', '0.00018', '1.00000']
  '013.3333': ['1.662', '0.585', '0.080', '-0.03681', '-0.99932', '0.00019', '0.99932',
    '-0.03681', '0.00018', '-0.00017', '0.00020', '1.00000']
  '013.4667': ['1.661', '0.611', '0.080', '-0.04784', '-0.99885', '0.00017', '0.99885',
    '-0.04784', '0.00020', '-0.00019', '0.00018', '1.00000']
  '013.6000': ['1.661', '0.636', '0.080', '-0.08963', '-0.99598', '0.00005', '0.99598',
    '-0.08963', '0.00032', '-0.00031', '0.00008', '1.00000']
  '013.6667': ['1.661', '0.648', '0.080', '-0.10884', '-0.99406', '-0.00002', '0.99406',
    '-0.10884', '0.00034', '-0.00034', '0.00002', '1.00000']
  '013.7333': ['1.658', '0.662', '0.080', '-0.12940', '-0.99159', '0.00006', '0.99159',
    '-0.12940', '0.00033', '-0.00032', '0.00010', '1.00000']
  '013.8667': ['1.656', '0.688', '0.080', '-0.17748', '-0.98412', '-0.00006', '0.98412',
    '-0.17748', '0.00042', '-0.00042', '0.00002', '1.00000']
  '014.0000': ['1.652', '0.715', '0.080', '-0.20835', '-0.97806', '-0.00009', '0.97806',
    '-0.20835', '0.00039', '-0.00040', '-0.00001', '1.00000']
  '014.1333': ['1.646', '0.740', '0.080', '-0.24195', '-0.97029', '-0.00007', '0.97029',
    '-0.24195', '0.00042', '-0.00042', '0.00004', '1.00000']
  '014.2667': ['1.639', '0.767', '0.080', '-0.27223', '-0.96223', '-0.00004', '0.96223',
    '-0.27223', '0.00043', '-0.00043', '0.00008', '1.00000']
  '014.3333': ['1.636', '0.779', '0.080', '-0.28070', '-0.95979', '-0.00007', '0.95979',
    '-0.28070', '0.00044', '-0.00045', '0.00005', '1.00000']
  '014.4000': ['1.632', '0.792', '0.080', '-0.29405', '-0.95579', '-0.00008', '0.95579',
    '-0.29405', '0.00046', '-0.00046', '0.00005', '1.00000']
  '014.4667': ['1.628', '0.805', '0.080', '-0.29817', '-0.95451', '-0.00008', '0.95451',
    '-0.29817', '0.00045', '-0.00045', '0.00006', '1.00000']
  '014.5333': ['1.624', '0.817', '0.080', '-0.29850', '-0.95441', '-0.00010', '0.95441',
    '-0.29850', '0.00046', '-0.00046', '0.00004', '1.00000']
  '014.6000': ['1.620', '0.828', '0.080', '-0.29688', '-0.95491', '-0.00012', '0.95491',
    '-0.29688', '0.00047', '-0.00048', '0.00002', '1.00000']
  '014.6667': ['1.615', '0.842', '0.080', '-0.30531', '-0.95225', '-0.00011', '0.95225',
    '-0.30531', '0.00045', '-0.00046', '0.00003', '1.00000']
  '014.8000': ['1.607', '0.867', '0.080', '-0.35040', '-0.93660', '-0.00014', '0.93660',
    '-0.35040', '0.00041', '-0.00043', '0.00001', '1.00000']
  '015.0667': ['1.590', '0.911', '0.080', '-0.45930', '-0.88828', '-0.00025', '0.88828',
    '-0.45930', '0.00038', '-0.00045', '-0.00005', '1.00000']
  '015.2667': ['1.571', '0.943', '0.080', '-0.56020', '-0.82836', '-0.00027', '0.82836',
    '-0.56020', '0.00035', '-0.00044', '-0.00003', '1.00000']
  '015.4000': ['1.555', '0.962', '0.080', '-0.63220', '-0.77481', '-0.00018', '0.77481',
    '-0.63220', '0.00042', '-0.00044', '0.00013', '1.00000']
  '015.6667': ['1.521', '0.993', '0.080', '-0.76015', '-0.64975', '-0.00020', '0.64975',
    '-0.76015', '0.00046', '-0.00045', '0.00022', '1.00000']
  '015.7333': ['1.513', '1.000', '0.080', '-0.78735', '-0.61651', '-0.00023', '0.61651',
    '-0.78735', '0.00048', '-0.00047', '0.00024', '1.00000']
  '015.8667': ['1.491', '1.017', '0.080', '-0.83306', '-0.55319', '-0.00030', '0.55319',
    '-0.83306', '0.00042', '-0.00048', '0.00019', '1.00000']
  '015.9333': ['1.480', '1.024', '0.080', '-0.84959', '-0.52745', '-0.00040', '0.52745',
    '-0.84959', '0.00046', '-0.00058', '0.00019', '1.00000']
  '016.0000': ['1.470', '1.030', '0.080', '-0.86627', '-0.49958', '-0.00034', '0.49958',
    '-0.86627', '0.00041', '-0.00050', '0.00018', '1.00000']
  '016.0667': ['1.458', '1.038', '0.080', '-0.87698', '-0.48053', '-0.00034', '0.48053',
    '-0.87698', '0.00039', '-0.00049', '0.00018', '1.00000']
  '016.1333': ['1.447', '1.045', '0.080', '-0.89033', '-0.45532', '-0.00036', '0.45532',
    '-0.89033', '0.00038', '-0.00049', '0.00018', '1.00000']
  '016.2000': ['1.436', '1.051', '0.080', '-0.90579', '-0.42373', '-0.00037', '0.42373',
    '-0.90579', '0.00038', '-0.00050', '0.00019', '1.00000']
  '016.2667': ['1.424', '1.056', '0.080', '-0.92141', '-0.38859', '-0.00037', '0.38859',
    '-0.92141', '0.00034', '-0.00048', '0.00017', '1.00000']
  '016.3333': ['1.414', '1.058', '0.080', '-0.93750', '-0.34799', '-0.00037', '0.34799',
    '-0.93750', '0.00039', '-0.00048', '0.00023', '1.00000']
  '016.4000': ['1.400', '1.065', '0.080', '-0.95061', '-0.31040', '-0.00037', '0.31040',
    '-0.95061', '0.00037', '-0.00047', '0.00024', '1.00000']
  '016.4667': ['1.386', '1.070', '0.080', '-0.96259', '-0.27097', '-0.00037', '0.27097',
    '-0.96259', '0.00035', '-0.00045', '0.00023', '1.00000']
  '016.5333': ['1.374', '1.072', '0.080', '-0.97209', '-0.23460', '-0.00038', '0.23460',
    '-0.97209', '0.00033', '-0.00045', '0.00024', '1.00000']
  '016.6000': ['1.363', '1.073', '0.080', '-0.97999', '-0.19905', '-0.00039', '0.19905',
    '-0.97999', '0.00034', '-0.00045', '0.00026', '1.00000']
  '016.6667': ['1.352', '1.073', '0.080', '-0.98585', '-0.16762', '-0.00041', '0.16762',
    '-0.98585', '0.00037', '-0.00046', '0.00029', '1.00000']
  '016.7333': ['1.355', '1.065', '0.080', '-0.98830', '-0.15251', '0.00017', '0.15251',
    '-0.98830', '0.00021', '0.00014', '0.00023', '1.00000']
  '016.8000': ['1.340', '1.068', '0.080', '-0.99283', '-0.11954', '0.00016', '0.11954',
    '-0.99283', '0.00019', '0.00014', '0.00021', '1.00000']
  '016.8667': ['1.326', '1.069', '0.080', '-0.99614', '-0.08773', '0.00015', '0.08773',
    '-0.99614', '0.00020', '0.00014', '0.00021', '1.00000']
  '016.9333': ['1.311', '1.072', '0.080', '-0.99834', '-0.05767', '0.00013', '0.05767',
    '-0.99834', '0.00020', '0.00012', '0.00021', '1.00000']
  '017.0000': ['1.298', '1.070', '0.080', '-0.99951', '-0.03131', '0.00014', '0.03131',
    '-0.99951', '0.00022', '0.00013', '0.00023', '1.00000']
  '017.0667': ['1.282', '1.072', '0.080', '-0.99991', '-0.01351', '0.00012', '0.01351',
    '-0.99991', '0.00021', '0.00012', '0.00022', '1.00000']
  '017.1333': ['1.268', '1.071', '0.080', '-0.99999', '-0.00501', '0.00007', '0.00501',
    '-0.99999', '0.00022', '0.00007', '0.00022', '1.00000']
  '017.2000': ['1.251', '1.073', '0.080', '-0.99998', '0.00611', '0.00006', '-0.00611',
    '-0.99998', '0.00020', '0.00006', '0.00020', '1.00000']
  '017.2667': ['1.234', '1.073', '0.080', '-0.99915', '0.04128', '0.00009', '-0.04128',
    '-0.99915', '0.00019', '0.00010', '0.00019', '1.00000']
  '017.3333': ['1.222', '1.070', '0.080', '-0.99889', '0.04701', '0.00006', '-0.04701',
    '-0.99889', '0.00021', '0.00007', '0.00020', '1.00000']
  '017.4000': ['1.205', '1.070', '0.080', '-0.99865', '0.05189', '0.00002', '-0.05189',
    '-0.99865', '0.00019', '0.00003', '0.00019', '1.00000']
  '017.4667': ['1.191', '1.068', '0.080', '-0.99671', '0.08105', '0.00006', '-0.08105',
    '-0.99671', '0.00019', '0.00008', '0.00019', '1.00000']
  '017.5333': ['1.168', '1.072', '0.080', '-0.99387', '0.11056', '0.00086', '-0.11056',
    '-0.99387', '-0.00041', '0.00081', '-0.00050', '1.00000']
  '017.6000': ['1.150', '1.075', '0.080', '-0.99389', '0.11033', '0.00130', '-0.11033',
    '-0.99389', '-0.00075', '0.00121', '-0.00089', '1.00000']
  '017.6666': ['1.145', '1.065', '0.080', '-0.99202', '0.12609', '0.00075', '-0.12609',
    '-0.99202', '-0.00029', '0.00071', '-0.00038', '1.00000']
  '017.7333': ['1.160', '1.052', '0.080', '-0.99524', '0.09750', '0.00056', '-0.09750',
    '-0.99524', '0.00015', '0.00057', '0.00010', '1.00000']
  '017.8000': ['1.147', '1.050', '0.080', '-0.99544', '0.09534', '0.00054', '-0.09534',
    '-0.99545', '0.00019', '0.00056', '0.00014', '1.00000']
  '017.8666': ['1.134', '1.049', '0.080', '-0.99573', '0.09231', '0.00052', '-0.09231',
    '-0.99573', '0.00022', '0.00054', '0.00017', '1.00000']
  '017.9333': ['1.123', '1.047', '0.080', '-0.99639', '0.08494', '0.00048', '-0.08494',
    '-0.99639', '0.00025', '0.00050', '0.00021', '1.00000']
  '018.0000': ['1.111', '1.047', '0.080', '-0.99654', '0.08311', '0.00043', '-0.08311',
    '-0.99654', '0.00024', '0.00044', '0.00020', '1.00000']
  '018.0666': ['1.098', '1.046', '0.080', '-0.99705', '0.07681', '0.00042', '-0.07681',
    '-0.99705', '0.00023', '0.00044', '0.00020', '1.00000']
  '018.1333': ['1.084', '1.045', '0.080', '-0.99792', '0.06453', '0.00044', '-0.06453',
    '-0.99792', '0.00026', '0.00046', '0.00023', '1.00000']
  '018.2000': ['1.070', '1.045', '0.080', '-0.99809', '0.06183', '0.00043', '-0.06183',
    '-0.99809', '0.00019', '0.00044', '0.00017', '1.00000']
  '018.2666': ['1.056', '1.044', '0.080', '-0.99878', '0.04934', '0.00043', '-0.04934',
    '-0.99878', '0.00023', '0.00044', '0.00021', '1.00000']
  '018.3333': ['1.044', '1.043', '0.080', '-0.99885', '0.04791', '0.00037', '-0.04791',
    '-0.99885', '0.00026', '0.00038', '0.00024', '1.00000']
  '018.4000': ['1.031', '1.042', '0.080', '-0.99889', '0.04705', '0.00034', '-0.04705',
    '-0.99889', '0.00027', '0.00035', '0.00025', '1.00000']
  '018.4666': ['1.016', '1.042', '0.080', '-0.99922', '0.03945', '0.00032', '-0.03945',
    '-0.99922', '0.00024', '0.00033', '0.00023', '1.00000']
  '018.5333': ['1.002', '1.041', '0.080', '-0.99930', '0.03743', '0.00032', '-0.03743',
    '-0.99930', '0.00026', '0.00033', '0.00024', '1.00000']
  '018.6000': ['0.987', '1.040', '0.080', '-0.99922', '0.03956', '0.00029', '-0.03956',
    '-0.99922', '0.00027', '0.00030', '0.00026', '1.00000']
  '018.6666': ['0.973', '1.041', '0.080', '-0.99880', '0.04888', '0.00026', '-0.04888',
    '-0.99880', '0.00024', '0.00027', '0.00023', '1.00000']
  '018.7333': ['0.959', '1.041', '0.080', '-0.99874', '0.05016', '0.00026', '-0.05016',
    '-0.99874', '0.00021', '0.00027', '0.00020', '1.00000']
  '018.8000': ['0.945', '1.041', '0.080', '-0.99892', '0.04649', '0.00022', '-0.04649',
    '-0.99892', '0.00021', '0.00023', '0.00020', '1.00000']
  '018.8666': ['0.931', '1.041', '0.080', '-0.99932', '0.03684', '0.00025', '-0.03684',
    '-0.99932', '0.00022', '0.00025', '0.00022', '1.00000']
  '018.9333': ['0.917', '1.042', '0.080', '-0.99946', '0.03281', '0.00022', '-0.03281',
    '-0.99946', '0.00018', '0.00023', '0.00017', '1.00000']
  '019.0000': ['0.906', '1.041', '0.080', '-0.99961', '0.02776', '0.00013', '-0.02776',
    '-0.99961', '0.00022', '0.00014', '0.00021', '1.00000']
  '019.0666': ['0.894', '1.039', '0.080', '-0.99957', '0.02917', '0.00003', '-0.02917',
    '-0.99957', '0.00029', '0.00004', '0.00029', '1.00000']
  '019.1333': ['0.880', '1.041', '0.080', '-0.99940', '0.03457', '0.00003', '-0.03457',
    '-0.99940', '0.00017', '0.00004', '0.00017', '1.00000']
  '019.2000': ['0.866', '1.039', '0.080', '-0.99935', '0.03607', '0.00010', '-0.03607',
    '-0.99935', '0.00026', '0.00011', '0.00026', '1.00000']
  '019.2666': ['0.853', '1.041', '0.080', '-0.99928', '0.03792', '0.00011', '-0.03792',
    '-0.99928', '0.00013', '0.00012', '0.00013', '1.00000']
  '019.3333': ['0.838', '1.039', '0.080', '-0.99923', '0.03923', '0.00013', '-0.03923',
    '-0.99923', '0.00024', '0.00014', '0.00024', '1.00000']
  '019.4000': ['0.823', '1.035', '0.080', '-0.99923', '0.03925', '0.00014', '-0.03925',
    '-0.99923', '0.00050', '0.00016', '0.00049', '1.00000']
  '019.4666': ['0.811', '1.037', '0.080', '-0.99918', '0.04054', '-0.00003', '-0.04054',
    '-0.99918', '0.00026', '-0.00002', '0.00026', '1.00000']
  '019.5333': ['0.797', '1.036', '0.080', '-0.99886', '0.04783', '-0.00004', '-0.04783',
    '-0.99886', '0.00027', '-0.00003', '0.00027', '1.00000']
  '019.6000': ['0.782', '1.037', '0.080', '-0.99852', '0.05446', '-0.00005', '-0.05446',
    '-0.99852', '0.00015', '-0.00004', '0.00016', '1.00000']
  '019.6666': ['0.768', '1.036', '0.080', '-0.99832', '0.05791', '-0.00005', '-0.05791',
    '-0.99832', '0.00022', '-0.00004', '0.00022', '1.00000']
  '019.7333': ['0.755', '1.036', '0.080', '-0.99821', '0.05977', '-0.00011', '-0.05977',
    '-0.99821', '0.00014', '-0.00010', '0.00014', '1.00000']
  '019.8000': ['0.741', '1.035', '0.080', '-0.99822', '0.05958', '-0.00012', '-0.05958',
    '-0.99822', '0.00016', '-0.00011', '0.00017', '1.00000']
  '019.8666': ['0.728', '1.035', '0.080', '-0.99820', '0.06005', '-0.00021', '-0.06005',
    '-0.99820', '0.00018', '-0.00019', '0.00019', '1.00000']
  '019.9333': ['0.714', '1.035', '0.080', '-0.99839', '0.05678', '-0.00020', '-0.05678',
    '-0.99839', '0.00016', '-0.00019', '0.00017', '1.00000']
  '020.0000': ['0.840', '1.204', '0.080', '-0.99433', '0.10638', '-0.00003', '-0.10638',
    '-0.99433', '0.00000', '-0.00003', '0.00000', '1.00000']
  '020.0666': ['0.820', '1.195', '0.080', '-0.99462', '0.10355', '-0.00003', '-0.10355',
    '-0.99462', '0.00000', '-0.00003', '0.00001', '1.00000']
  '020.1333': ['0.800', '1.186', '0.080', '-0.99498', '0.10010', '-0.00004', '-0.10010',
    '-0.99498', '0.00001', '-0.00004', '0.00001', '1.00000']
  '020.2000': ['0.786', '1.184', '0.080', '-0.99527', '0.09714', '-0.00005', '-0.09714',
    '-0.99527', '0.00001', '-0.00005', '0.00001', '1.00000']
  '020.2666': ['0.779', '1.190', '0.080', '-0.99608', '0.08847', '-0.00006', '-0.08847',
    '-0.99608', '0.00000', '-0.00006', '0.00001', '1.00000']
  '020.3333': ['0.772', '1.197', '0.080', '-0.99598', '0.08960', '-0.00007', '-0.08960',
    '-0.99598', '-0.00001', '-0.00007', '0.00000', '1.00000']
  '020.4000': ['0.745', '1.181', '0.080', '-0.99580', '0.09156', '-0.00007', '-0.09156',
    '-0.99580', '-0.00000', '-0.00007', '0.00000', '1.00000']
  '020.4666': ['0.729', '1.178', '0.080', '-0.99467', '0.10309', '-0.00008', '-0.10309',
    '-0.99467', '0.00000', '-0.00008', '0.00001', '1.00000']
  '020.5333': ['0.705', '1.166', '0.080', '-0.99330', '0.11552', '-0.00008', '-0.11552',
    '-0.99330', '0.00000', '-0.00008', '0.00001', '1.00000']
  '020.6000': ['0.686', '1.159', '0.080', '-0.99200', '0.12626', '-0.00009', '-0.12626',
    '-0.99200', '-0.00000', '-0.00009', '0.00001', '1.00000']
  '020.6666': ['0.670', '1.156', '0.080', '-0.99037', '0.13843', '-0.00010', '-0.13843',
    '-0.99037', '-0.00000', '-0.00010', '0.00001', '1.00000']
  '020.7333': ['0.651', '1.150', '0.080', '-0.98890', '0.14858', '-0.00010', '-0.14858',
    '-0.98890', '-0.00001', '-0.00010', '0.00001', '1.00000']
  '020.8000': ['0.634', '1.144', '0.080', '-0.98752', '0.15747', '-0.00011', '-0.15747',
    '-0.98752', '-0.00001', '-0.00011', '0.00001', '1.00000']
  '020.8666': ['0.618', '1.140', '0.080', '-0.98594', '0.16711', '-0.00011', '-0.16711',
    '-0.98594', '-0.00001', '-0.00011', '0.00001', '1.00000']
  '020.9333': ['0.599', '1.131', '0.080', '-0.98426', '0.17671', '-0.00012', '-0.17671',
    '-0.98426', '-0.00001', '-0.00012', '0.00002', '1.00000']
  '021.0000': ['0.583', '1.127', '0.080', '-0.98248', '0.18635', '-0.00012', '-0.18635',
    '-0.98248', '-0.00001', '-0.00012', '0.00002', '1.00000']
  '021.0666': ['0.564', '1.118', '0.080', '-0.98099', '0.19406', '-0.00013', '-0.19406',
    '-0.98099', '-0.00000', '-0.00013', '0.00002', '1.00000']
  '021.1333': ['0.548', '1.111', '0.080', '-0.97978', '0.20007', '-0.00014', '-0.20007',
    '-0.97978', '-0.00001', '-0.00014', '0.00002', '1.00000']
  '021.2000': ['0.530', '1.103', '0.080', '-0.97945', '0.20169', '-0.00015', '-0.20169',
    '-0.97945', '-0.00001', '-0.00015', '0.00002', '1.00000']
  '021.2666': ['0.513', '1.096', '0.080', '-0.97950', '0.20144', '-0.00016', '-0.20144',
    '-0.97950', '-0.00002', '-0.00016', '0.00002', '1.00000']
  '021.3333': ['0.496', '1.089', '0.080', '-0.97899', '0.20390', '-0.00017', '-0.20390',
    '-0.97899', '-0.00002', '-0.00017', '0.00002', '1.00000']
  '021.4000': ['0.477', '1.080', '0.080', '-0.97569', '0.21915', '-0.00018', '-0.21915',
    '-0.97569', '-0.00002', '-0.00018', '0.00002', '1.00000']
  '021.4666': ['0.469', '1.082', '0.080', '-0.97263', '0.23235', '-0.00017', '-0.23235',
    '-0.97263', '-0.00004', '-0.00017', '-0.00000', '1.00000']
  '021.5333': ['0.451', '1.074', '0.080', '-0.96881', '0.24782', '-0.00018', '-0.24782',
    '-0.96881', '-0.00006', '-0.00018', '-0.00001', '1.00000']
  '021.6000': ['0.435', '1.066', '0.080', '-0.95919', '0.28278', '-0.00019', '-0.28278',
    '-0.95919', '-0.00006', '-0.00019', '-0.00000', '1.00000']
  '021.6666': ['0.413', '1.052', '0.080', '-0.94808', '0.31804', '-0.00021', '-0.31804',
    '-0.94808', '-0.00007', '-0.00022', '-0.00000', '1.00000']
  '021.7333': ['0.396', '1.042', '0.080', '-0.93532', '0.35379', '-0.00021', '-0.35379',
    '-0.93532', '-0.00008', '-0.00023', '-0.00000', '1.00000']
  '021.8000': ['0.371', '1.024', '0.080', '-0.91809', '0.39636', '-0.00026', '-0.39636',
    '-0.91809', '-0.00009', '-0.00027', '0.00002', '1.00000']
  '021.8666': ['0.358', '1.015', '0.080', '-0.90095', '0.43392', '-0.00028', '-0.43392',
    '-0.90095', '-0.00006', '-0.00028', '0.00007', '1.00000']
  '021.9333': ['0.342', '1.004', '0.080', '-0.88545', '0.46473', '-0.00032', '-0.46473',
    '-0.88545', '-0.00004', '-0.00031', '0.00011', '1.00000']
  '022.0000': ['0.335', '0.999', '0.080', '-0.86604', '0.49997', '-0.00036', '-0.49997',
    '-0.86604', '-0.00002', '-0.00032', '0.00016', '1.00000']
  '022.0666': ['0.324', '0.991', '0.080', '-0.84623', '0.53282', '-0.00041', '-0.53282',
    '-0.84623', '-0.00003', '-0.00036', '0.00019', '1.00000']
  '022.1333': ['0.315', '0.984', '0.080', '-0.82606', '0.56358', '-0.00043', '-0.56358',
    '-0.82606', '-0.00005', '-0.00038', '0.00020', '1.00000']
  '022.2000': ['0.787', '1.534', '0.080', '-0.75339', '0.65758', '-0.00062', '-0.65758',
    '-0.75339', '-0.00041', '-0.00073', '0.00010', '1.00000']
  '022.2666': ['0.774', '1.521', '0.080', '-0.73090', '0.68248', '-0.00062', '-0.68248',
    '-0.73090', '-0.00042', '-0.00074', '0.00012', '1.00000']
  '022.3333': ['0.759', '1.505', '0.080', '-0.70937', '0.70483', '-0.00062', '-0.70483',
    '-0.70937', '-0.00043', '-0.00074', '0.00014', '1.00000']
  '022.4000': ['0.745', '1.487', '0.080', '-0.69320', '0.72074', '-0.00065', '-0.72074',
    '-0.69320', '-0.00044', '-0.00077', '0.00016', '1.00000']
  '022.4666': ['0.731', '1.472', '0.080', '-0.66396', '0.74776', '-0.00065', '-0.74776',
    '-0.66396', '-0.00044', '-0.00076', '0.00019', '1.00000']
  '022.5333': ['0.255', '0.943', '0.080', '-0.68593', '0.72767', '-0.00027', '-0.72767',
    '-0.68593', '-0.00015', '-0.00030', '0.00010', '1.00000']
  '022.6000': ['0.249', '0.936', '0.080', '-0.64860', '0.76113', '-0.00027', '-0.76113',
    '-0.64860', '-0.00014', '-0.00028', '0.00012', '1.00000']
  '022.6666': ['0.244', '0.928', '0.080', '-0.60983', '0.79253', '-0.00027', '-0.79253',
    '-0.60983', '-0.00013', '-0.00027', '0.00014', '1.00000']
  '022.7333': ['0.239', '0.920', '0.080', '-0.57002', '0.82163', '-0.00027', '-0.82163',
    '-0.57002', '-0.00013', '-0.00026', '0.00015', '1.00000']
  '022.8000': ['0.240', '0.918', '0.080', '-0.53866', '0.84253', '-0.00024', '-0.84253',
    '-0.53866', '-0.00012', '-0.00023', '0.00014', '1.00000']
  '022.8666': ['0.231', '0.902', '0.080', '-0.50949', '0.86047', '-0.00026', '-0.86047',
    '-0.50949', '-0.00013', '-0.00024', '0.00016', '1.00000']
  '022.9333': ['0.653', '1.351', '0.080', '-0.43076', '0.90246', '-0.00077', '-0.90246',
    '-0.43076', '-0.00047', '-0.00076', '0.00049', '1.00000']
  '023.0000': ['0.642', '1.334', '0.080', '-0.38320', '0.92366', '-0.00075', '-0.92366',
    '-0.38320', '-0.00049', '-0.00074', '0.00051', '1.00000']
  '023.0666': ['0.634', '1.312', '0.080', '-0.36923', '0.92934', '-0.00081', '-0.92934',
    '-0.36924', '-0.00046', '-0.00072', '0.00058', '1.00000']
  '023.1333': ['0.625', '1.294', '0.080', '-0.33453', '0.94238', '-0.00081', '-0.94238',
    '-0.33453', '-0.00046', '-0.00070', '0.00061', '1.00000']
  '023.2000': ['0.617', '1.276', '0.080', '-0.31347', '0.94960', '-0.00083', '-0.94960',
    '-0.31347', '-0.00046', '-0.00069', '0.00064', '1.00000']
  '023.2666': ['0.614', '1.263', '0.080', '-0.28633', '0.95813', '-0.00081', '-0.95813',
    '-0.28633', '-0.00047', '-0.00069', '0.00064', '1.00000']
  '023.3333': ['0.610', '1.247', '0.080', '-0.28032', '0.95991', '-0.00082', '-0.95991',
    '-0.28032', '-0.00045', '-0.00066', '0.00067', '1.00000']
  '023.4000': ['0.605', '1.233', '0.080', '-0.23750', '0.97139', '-0.00078', '-0.97139',
    '-0.23750', '-0.00046', '-0.00063', '0.00065', '1.00000']
  '023.4666': ['0.602', '1.216', '0.080', '-0.20352', '0.97907', '-0.00080', '-0.97907',
    '-0.20352', '-0.00044', '-0.00059', '0.00070', '1.00000']
  '023.5333': ['0.598', '1.204', '0.080', '-0.14761', '0.98905', '-0.00074', '-0.98905',
    '-0.14761', '-0.00048', '-0.00058', '0.00066', '1.00000']
  '023.6000': ['0.597', '1.194', '0.080', '-0.10822', '0.99413', '-0.00071', '-0.99413',
    '-0.10822', '-0.00049', '-0.00056', '0.00065', '1.00000']
  '023.6666': ['0.593', '1.184', '0.080', '-0.04172', '0.99913', '-0.00063', '-0.99913',
    '-0.04172', '-0.00059', '-0.00061', '0.00060', '1.00000']
  '023.7333': ['0.593', '1.171', '0.080', '-0.02150', '0.99977', '-0.00061', '-0.99977',
    '-0.02150', '-0.00055', '-0.00056', '0.00060', '1.00000']
  '023.8000': ['0.590', '1.162', '0.080', '0.02483', '0.99969', '-0.00056', '-0.99969',
    '0.02483', '-0.00061', '-0.00060', '0.00058', '1.00000']
  '023.8666': ['0.589', '1.156', '0.080', '0.08618', '0.99628', '-0.00055', '-0.99628',
    '0.08618', '-0.00074', '-0.00069', '0.00062', '1.00000']
  '023.9333': ['0.598', '1.141', '0.080', '0.04858', '0.99882', '-0.00059', '-0.99882',
