begin_time_stamp: 1588259647.5333304
data_header:
  time_stamp: [x, y, z, R11, R12, R13, R21, R22, R23, R31, R32, R33]
trajectory_data:
  '000.0000': ['0.832', '0.189', '0.080', '0.99316', '-0.11674', '0.00039', '0.11674',
    '0.99316', '-0.00035', '-0.00035', '0.00039', '1.00000']
  '000.0667': ['0.843', '0.190', '0.080', '0.99223', '-0.12440', '0.00042', '0.12440',
    '0.99223', '-0.00038', '-0.00037', '0.00043', '1.00000']
  '000.1333': ['0.855', '0.191', '0.080', '0.99091', '-0.13449', '0.00046', '0.13449',
    '0.99091', '-0.00040', '-0.00040', '0.00046', '1.00000']
  '000.2000': ['0.866', '0.192', '0.080', '0.98947', '-0.14473', '0.00047', '0.14473',
    '0.98947', '-0.00041', '-0.00041', '0.00047', '1.00000']
  '000.2667': ['0.877', '0.192', '0.080', '0.98681', '-0.16187', '0.00053', '0.16187',
    '0.98681', '-0.00038', '-0.00046', '0.00046', '1.00000']
  '000.3333': ['0.890', '0.191', '0.080', '0.98547', '-0.16984', '0.00049', '0.16984',
    '0.98547', '-0.00035', '-0.00042', '0.00043', '1.00000']
  '000.4000': ['0.901', '0.193', '0.080', '0.98488', '-0.17325', '0.00050', '0.17325',
    '0.98488', '-0.00039', '-0.00042', '0.00047', '1.00000']
  '000.4667': ['0.913', '0.193', '0.080', '0.98433', '-0.17634', '0.00052', '0.17634',
    '0.98433', '-0.00038', '-0.00045', '0.00047', '1.00000']
  '000.5333': ['0.923', '0.195', '0.080', '0.98258', '-0.18581', '0.00059', '0.18581',
    '0.98258', '-0.00039', '-0.00051', '0.00049', '1.00000']
  '000.6000': ['0.934', '0.196', '0.080', '0.98113', '-0.19333', '0.00060', '0.19333',
    '0.98113', '-0.00039', '-0.00051', '0.00050', '1.00000']
  '000.6667': ['0.946', '0.197', '0.080', '0.98004', '-0.19882', '0.00059', '0.19882',
    '0.98004', '-0.00038', '-0.00050', '0.00049', '1.00000']
  '000.7333': ['0.957', '0.197', '0.080', '0.97775', '-0.20979', '0.00064', '0.20979',
    '0.97775', '-0.00035', '-0.00055', '0.00048', '1.00000']
  '000.8000': ['0.968', '0.198', '0.080', '0.97684', '-0.21395', '0.00064', '0.21395',
    '0.97684', '-0.00036', '-0.00054', '0.00049', '1.00000']
  '000.8667': ['0.979', '0.199', '0.080', '0.97485', '-0.22284', '0.00068', '0.22284',
    '0.97485', '-0.00037', '-0.00058', '0.00051', '1.00000']
  '000.9333': ['0.991', '0.199', '0.080', '0.97204', '-0.23480', '0.00069', '0.23480',
    '0.97204', '-0.00032', '-0.00060', '0.00047', '1.00000']
  '001.0000': ['1.002', '0.200', '0.080', '0.97012', '-0.24263', '0.00072', '0.24263',
    '0.97012', '-0.00030', '-0.00063', '0.00047', '1.00000']
  '001.0667': ['1.013', '0.201', '0.080', '0.96804', '-0.25081', '0.00071', '0.25081',
    '0.96804', '-0.00029', '-0.00061', '0.00046', '1.00000']
  '001.1333': ['1.024', '0.202', '0.080', '0.96627', '-0.25753', '0.00069', '0.25753',
    '0.96627', '-0.00025', '-0.00060', '0.00042', '1.00000']
  '001.2000': ['1.034', '0.204', '0.080', '0.96403', '-0.26579', '0.00071', '0.26579',
    '0.96403', '-0.00028', '-0.00061', '0.00046', '1.00000']
  '001.2667': ['1.044', '0.206', '0.080', '0.95975', '-0.28086', '0.00070', '0.28086',
    '0.95975', '-0.00026', '-0.00060', '0.00045', '1.00000']
  '001.3333': ['1.054', '0.208', '0.080', '0.95661', '-0.29137', '0.00070', '0.29137',
    '0.95661', '-0.00024', '-0.00060', '0.00043', '1.00000']
  '001.4000': ['1.064', '0.210', '0.080', '0.95473', '-0.29747', '0.00073', '0.29747',
    '0.95473', '-0.00023', '-0.00062', '0.00044', '1.00000']
  '001.4667': ['1.074', '0.212', '0.080', '0.95380', '-0.30045', '0.00076', '0.30045',
    '0.95380', '-0.00023', '-0.00066', '0.00044', '1.00000']
  '001.5333': ['1.083', '0.216', '0.080', '0.95489', '-0.29697', '0.00075', '0.29697',
    '0.95489', '-0.00026', '-0.00064', '0.00047', '1.00000']
  '001.6000': ['1.092', '0.217', '0.080', '0.95556', '-0.29480', '0.00076', '0.29480',
    '0.95556', '-0.00026', '-0.00065', '0.00047', '1.00000']
  '001.6667': ['1.102', '0.220', '0.080', '0.95766', '-0.28791', '0.00073', '0.28791',
    '0.95766', '-0.00026', '-0.00062', '0.00046', '1.00000']
  '001.7333': ['1.112', '0.221', '0.080', '0.95871', '-0.28439', '0.00078', '0.28439',
    '0.95871', '-0.00025', '-0.00067', '0.00046', '1.00000']
  '001.8000': ['1.121', '0.224', '0.080', '0.96073', '-0.27747', '0.00080', '0.27747',
    '0.96073', '-0.00026', '-0.00069', '0.00047', '1.00000']
  '001.8667': ['1.130', '0.228', '0.080', '0.96310', '-0.26916', '0.00078', '0.26916',
    '0.96310', '-0.00032', '-0.00067', '0.00052', '1.00000']
  '001.9333': ['1.140', '0.230', '0.080', '0.96454', '-0.26392', '0.00083', '0.26392',
    '0.96454', '-0.00032', '-0.00072', '0.00053', '1.00000']
  '002.0000': ['1.149', '0.233', '0.080', '0.96615', '-0.25797', '0.00085', '0.25797',
    '0.96615', '-0.00032', '-0.00074', '0.00053', '1.00000']
  '002.0667': ['1.160', '0.238', '0.080', '0.96996', '-0.24327', '0.00086', '0.24327',
    '0.96996', '-0.00034', '-0.00075', '0.00054', '1.00000']
  '002.1333': ['1.171', '0.241', '0.080', '0.97317', '-0.23009', '0.00085', '0.23009',
    '0.97317', '-0.00041', '-0.00073', '0.00059', '1.00000']
  '002.2000': ['1.180', '0.242', '0.080', '0.97357', '-0.22840', '0.00088', '0.22840',
    '0.97357', '-0.00038', '-0.00077', '0.00057', '1.00000']
  '002.2667': ['1.191', '0.246', '0.080', '0.97252', '-0.23280', '0.00094', '0.23280',
    '0.97252', '-0.00045', '-0.00081', '0.00066', '1.00000']
  '002.3333': ['1.201', '0.251', '0.080', '0.97266', '-0.23222', '0.00096', '0.23222',
    '0.97266', '-0.00047', '-0.00083', '0.00068', '1.00000']
  '002.4000': ['1.212', '0.254', '0.080', '0.97250', '-0.23292', '0.00103', '0.23292',
    '0.97250', '-0.00049', '-0.00088', '0.00072', '1.00000']
  '002.4667': ['1.223', '0.257', '0.080', '0.97021', '-0.24226', '0.00111', '0.24226',
    '0.97021', '-0.00052', '-0.00095', '0.00077', '1.00000']
  '002.5333': ['1.235', '0.260', '0.080', '0.96847', '-0.24912', '0.00117', '0.24912',
    '0.96847', '-0.00056', '-0.00100', '0.00084', '1.00000']
  '002.6000': ['1.247', '0.265', '0.080', '0.96514', '-0.26172', '0.00123', '0.26172',
    '0.96514', '-0.00050', '-0.00105', '0.00081', '1.00000']
  '002.6667': ['1.258', '0.270', '0.080', '0.96398', '-0.26597', '0.00132', '0.26597',
    '0.96398', '-0.00039', '-0.00117', '0.00072', '1.00000']
  '002.7333': ['1.270', '0.275', '0.080', '0.96593', '-0.25879', '0.00133', '0.25879',
    '0.96593', '-0.00041', '-0.00118', '0.00074', '1.00000']
  '002.8000': ['1.282', '0.280', '0.080', '0.96606', '-0.25832', '0.00134', '0.25832',
    '0.96606', '-0.00050', '-0.00117', '0.00083', '1.00000']
  '002.8667': ['1.292', '0.282', '0.080', '0.96759', '-0.25251', '0.00139', '0.25251',
    '0.96759', '-0.00044', '-0.00123', '0.00078', '1.00000']
  '002.9333': ['1.303', '0.287', '0.080', '0.96828', '-0.24985', '0.00138', '0.24985',
    '0.96828', '-0.00052', '-0.00120', '0.00085', '1.00000']
  '003.0000': ['1.292', '0.282', '0.080', '0.97715', '-0.21255', '0.00045', '0.21255',
    '0.97715', '-0.00043', '-0.00035', '0.00052', '1.00000']
  '003.0667': ['1.300', '0.284', '0.080', '0.98203', '-0.18872', '0.00043', '0.18872',
    '0.98203', '-0.00045', '-0.00033', '0.00052', '1.00000']
  '003.1333': ['1.311', '0.287', '0.080', '0.98378', '-0.17939', '0.00036', '0.17939',
    '0.98378', '-0.00047', '-0.00026', '0.00053', '1.00000']
  '003.2000': ['1.321', '0.289', '0.080', '0.98525', '-0.17114', '0.00029', '0.17114',
    '0.98525', '-0.00046', '-0.00021', '0.00050', '1.00000']
  '003.2667': ['1.329', '0.290', '0.080', '0.98725', '-0.15916', '0.00036', '0.15916',
    '0.98725', '-0.00043', '-0.00029', '0.00048', '1.00000']
  '003.3333': ['1.338', '0.291', '0.080', '0.98901', '-0.14783', '0.00036', '0.14783',
    '0.98901', '-0.00043', '-0.00030', '0.00048', '1.00000']
  '003.4000': ['1.351', '0.293', '0.080', '0.98692', '-0.16123', '0.00027', '0.16123',
    '0.98692', '-0.00044', '-0.00020', '0.00047', '1.00000']
  '003.4667': ['1.358', '0.293', '0.080', '0.98998', '-0.14119', '0.00036', '0.14119',
    '0.98998', '-0.00040', '-0.00030', '0.00045', '1.00000']
  '003.5333': ['1.367', '0.293', '0.080', '0.98990', '-0.14173', '0.00038', '0.14173',
    '0.98990', '-0.00038', '-0.00033', '0.00043', '1.00000']
  '003.6000': ['1.379', '0.295', '0.080', '0.99236', '-0.12336', '0.00035', '0.12336',
    '0.99236', '-0.00040', '-0.00030', '0.00044', '1.00000']
  '003.6667': ['1.388', '0.296', '0.080', '0.99283', '-0.11952', '0.00027', '0.11952',
    '0.99283', '-0.00035', '-0.00022', '0.00038', '1.00000']
  '003.7333': ['1.401', '0.300', '0.080', '0.99405', '-0.10895', '0.00026', '0.10895',
    '0.99405', '-0.00039', '-0.00022', '0.00042', '1.00000']
  '003.8000': ['1.411', '0.301', '0.080', '0.99483', '-0.10151', '0.00023', '0.10151',
    '0.99483', '-0.00036', '-0.00019', '0.00038', '1.00000']
  '003.8667': ['1.420', '0.300', '0.080', '0.99499', '-0.09995', '0.00023', '0.09995',
    '0.99499', '-0.00033', '-0.00020', '0.00035', '1.00000']
  '003.9333': ['1.432', '0.302', '0.080', '0.99554', '-0.09438', '0.00025', '0.09438',
    '0.99554', '-0.00033', '-0.00021', '0.00035', '1.00000']
  '004.0000': ['1.430', '0.289', '0.080', '0.99803', '-0.06270', '-0.00035', '0.06270',
    '0.99803', '-0.00031', '0.00037', '0.00028', '1.00000']
  '004.0667': ['1.441', '0.289', '0.080', '0.99876', '-0.04976', '-0.00031', '0.04976',
    '0.99876', '-0.00031', '0.00033', '0.00029', '1.00000']
  '004.1333': ['1.452', '0.289', '0.080', '0.99867', '-0.05155', '-0.00028', '0.05155',
    '0.99867', '-0.00031', '0.00029', '0.00030', '1.00000']
  '004.2000': ['1.475', '0.304', '0.080', '0.99768', '-0.06811', '0.00021', '0.06811',
    '0.99768', '-0.00031', '-0.00018', '0.00033', '1.00000']
  '004.2667': ['1.475', '0.289', '0.080', '0.99937', '-0.03536', '-0.00031', '0.03536',
    '0.99937', '-0.00029', '0.00032', '0.00028', '1.00000']
  '004.3333': ['1.486', '0.289', '0.080', '0.99977', '-0.02164', '-0.00029', '0.02164',
    '0.99977', '-0.00032', '0.00029', '0.00031', '1.00000']
  '004.4000': ['1.496', '0.287', '0.080', '0.99998', '-0.00646', '-0.00024', '0.00646',
    '0.99998', '-0.00028', '0.00024', '0.00028', '1.00000']
  '004.4667': ['1.508', '0.287', '0.080', '0.99999', '0.00359', '-0.00026', '-0.00359',
    '0.99999', '-0.00029', '0.00025', '0.00029', '1.00000']
  '004.5333': ['1.521', '0.287', '0.080', '0.99976', '0.02184', '-0.00028', '-0.02184',
    '0.99976', '-0.00029', '0.00028', '0.00030', '1.00000']
  '004.6000': ['1.531', '0.285', '0.080', '0.99863', '0.05236', '-0.00024', '-0.05236',
    '0.99863', '-0.00030', '0.00023', '0.00031', '1.00000']
  '004.6667': ['1.543', '0.283', '0.080', '0.99695', '0.07798', '-0.00023', '-0.07798',
    '0.99695', '-0.00027', '0.00021', '0.00029', '1.00000']
  '004.7333': ['1.555', '0.281', '0.080', '0.99413', '0.10816', '-0.00018', '-0.10816',
    '0.99413', '-0.00028', '0.00014', '0.00030', '1.00000']
  '004.8000': ['1.565', '0.277', '0.080', '0.99111', '0.13306', '-0.00014', '-0.13306',
    '0.99111', '-0.00022', '0.00011', '0.00024', '1.00000']
  '004.8667': ['1.578', '0.277', '0.080', '0.98706', '0.16034', '-0.00014', '-0.16034',
    '0.98706', '-0.00025', '0.00010', '0.00027', '1.00000']
  '004.9333': ['1.590', '0.273', '0.080', '0.98231', '0.18724', '-0.00013', '-0.18724',
    '0.98231', '-0.00022', '0.00009', '0.00024', '1.00000']
  '005.0000': ['1.602', '0.271', '0.080', '0.98023', '0.19788', '-0.00012', '-0.19788',
    '0.98023', '-0.00020', '0.00008', '0.00022', '1.00000']
  '005.0667': ['1.614', '0.268', '0.080', '0.97717', '0.21245', '-0.00009', '-0.21245',
    '0.97717', '-0.00021', '0.00004', '0.00023', '1.00000']
  '005.1333': ['1.626', '0.266', '0.080', '0.97462', '0.22388', '-0.00008', '-0.22388',
    '0.97462', '-0.00023', '0.00003', '0.00025', '1.00000']
  '005.2000': ['1.637', '0.261', '0.080', '0.97262', '0.23240', '-0.00003', '-0.23240',
    '0.97262', '-0.00019', '-0.00002', '0.00019', '1.00000']
  '005.2667': ['1.650', '0.257', '0.080', '0.96981', '0.24387', '-0.00005', '-0.24387',
    '0.96981', '-0.00022', '-0.00001', '0.00023', '1.00000']
  '005.3333': ['1.662', '0.254', '0.080', '0.96528', '0.26122', '-0.00004', '-0.26122',
    '0.96528', '-0.00023', '-0.00002', '0.00023', '1.00000']
  '005.4000': ['1.675', '0.250', '0.080', '0.96113', '0.27611', '-0.00005', '-0.27611',
    '0.96113', '-0.00022', '-0.00001', '0.00022', '1.00000']
  '005.4667': ['1.687', '0.245', '0.080', '0.95389', '0.30014', '0.00001', '-0.30014',
    '0.95389', '-0.00022', '-0.00007', '0.00020', '1.00000']
  '005.5333': ['1.699', '0.248', '0.080', '0.94329', '0.33197', '0.00002', '-0.33197',
    '0.94329', '-0.00023', '-0.00009', '0.00021', '1.00000']
  '005.6000': ['1.708', '0.244', '0.080', '0.91696', '0.39899', '0.00001', '-0.39899',
    '0.91696', '-0.00008', '-0.00004', '0.00007', '1.00000']
  '005.6667': ['1.716', '0.241', '0.080', '0.88889', '0.45812', '0.00005', '-0.45812',
    '0.88889', '-0.00002', '-0.00006', '-0.00000', '1.00000']
  '005.7333': ['1.725', '0.232', '0.080', '0.85666', '0.51589', '0.00011', '-0.51589',
    '0.85666', '0.00001', '-0.00009', '-0.00006', '1.00000']
  '005.8000': ['1.735', '0.219', '0.080', '0.82285', '0.56826', '0.00021', '-0.56826',
    '0.82285', '-0.00014', '-0.00026', '-0.00001', '1.00000']
  '005.8667': ['1.751', '0.217', '0.080', '0.81930', '0.57336', '0.00023', '-0.57336',
    '0.81930', '-0.00024', '-0.00032', '0.00007', '1.00000']
  '005.9333': ['1.765', '0.217', '0.080', '0.84295', '0.53799', '0.00026', '-0.53799',
    '0.84295', '-0.00016', '-0.00031', '-0.00001', '1.00000']
  '006.0000': ['1.774', '0.217', '0.080', '0.87275', '0.48817', '0.00037', '-0.48817',
    '0.87275', '-0.00010', '-0.00037', '-0.00010', '1.00000']
  '006.0667': ['1.783', '0.213', '0.080', '0.88459', '0.46638', '0.00038', '-0.46638',
    '0.88459', '-0.00005', '-0.00036', '-0.00013', '1.00000']
  '006.1333': ['1.790', '0.211', '0.080', '0.89792', '0.44017', '0.00039', '-0.44017',
    '0.89792', '-0.00003', '-0.00036', '-0.00014', '1.00000']
  '006.2000': ['1.798', '0.207', '0.080', '0.91542', '0.40251', '0.00039', '-0.40251',
    '0.91542', '-0.00004', '-0.00037', '-0.00013', '1.00000']
  '006.2667': ['1.807', '0.199', '0.080', '0.93063', '0.36596', '0.00037', '-0.36596',
    '0.93063', '-0.00010', '-0.00038', '-0.00004', '1.00000']
  '006.3333': ['1.816', '0.191', '0.080', '0.93865', '0.34488', '0.00042', '-0.34488',
    '0.93865', '-0.00033', '-0.00051', '0.00016', '1.00000']
  '006.4000': ['1.827', '0.189', '0.080', '0.94349', '0.33140', '0.00040', '-0.33140',
    '0.94349', '-0.00033', '-0.00049', '0.00017', '1.00000']
  '006.4667': ['1.835', '0.187', '0.080', '0.93766', '0.34756', '0.00037', '-0.34756',
    '0.93766', '-0.00033', '-0.00047', '0.00018', '1.00000']
  '006.5333': ['1.842', '0.187', '0.080', '0.92553', '0.37867', '0.00034', '-0.37867',
    '0.92553', '-0.00036', '-0.00045', '0.00020', '1.00000']
  '006.6000': ['1.847', '0.184', '0.080', '0.90974', '0.41518', '0.00029', '-0.41518',
    '0.90974', '-0.00037', '-0.00042', '0.00022', '1.00000']
  '006.6667': ['1.851', '0.182', '0.080', '0.88801', '0.45983', '0.00028', '-0.45983',
    '0.88801', '-0.00038', '-0.00042', '0.00021', '1.00000']
  '006.7333': ['1.856', '0.178', '0.080', '0.86478', '0.50215', '0.00024', '-0.50215',
    '0.86478', '-0.00037', '-0.00039', '0.00021', '1.00000']
  '006.8000': ['1.860', '0.176', '0.080', '0.83989', '0.54275', '0.00018', '-0.54275',
    '0.83989', '-0.00037', '-0.00035', '0.00021', '1.00000']
  '006.8667': ['1.864', '0.174', '0.080', '0.80934', '0.58734', '0.00005', '-0.58734',
    '0.80934', '-0.00032', '-0.00023', '0.00022', '1.00000']
  '006.9333': ['1.866', '0.172', '0.080', '0.76663', '0.64209', '-0.00005', '-0.64209',
    '0.76663', '-0.00025', '-0.00012', '0.00022', '1.00000']
  '007.0000': ['1.867', '0.173', '0.080', '0.72006', '0.69392', '-0.00011', '-0.69392',
    '0.72006', '-0.00022', '-0.00007', '0.00023', '1.00000']
  '007.0667': ['1.870', '0.168', '0.080', '0.68376', '0.72971', '-0.00012', '-0.72971',
    '0.68376', '-0.00023', '-0.00008', '0.00024', '1.00000']
  '007.1333': ['1.875', '0.163', '0.080', '0.64489', '0.76428', '-0.00014', '-0.76428',
    '0.64489', '-0.00022', '-0.00008', '0.00025', '1.00000']
  '007.2000': ['1.879', '0.158', '0.080', '0.58631', '0.81009', '-0.00017', '-0.81009',
    '0.58631', '-0.00022', '-0.00008', '0.00027', '1.00000']
  '007.2667': ['1.882', '0.152', '0.080', '0.50648', '0.86225', '-0.00018', '-0.86225',
    '0.50648', '-0.00023', '-0.00010', '0.00027', '1.00000']
  '007.3333': ['1.886', '0.147', '0.080', '0.42722', '0.90415', '-0.00027', '-0.90415',
    '0.42722', '-0.00024', '-0.00010', '0.00035', '1.00000']
  '007.4000': ['1.888', '0.137', '0.080', '0.33499', '0.94222', '-0.00033', '-0.94222',
    '0.33499', '-0.00019', '-0.00007', '0.00037', '1.00000']
  '007.4667': ['1.886', '0.134', '0.080', '0.27603', '0.96115', '-0.00047', '-0.96115',
    '0.27603', '-0.00016', '-0.00003', '0.00050', '1.00000']
  '007.5333': ['1.886', '0.134', '0.080', '0.23657', '0.97161', '-0.00051', '-0.97162',
    '0.23657', '-0.00014', '-0.00001', '0.00053', '1.00000']
  '007.6000': ['1.886', '0.133', '0.080', '0.24195', '0.97029', '-0.00046', '-0.97029',
    '0.24195', '-0.00013', '-0.00001', '0.00048', '1.00000']
  '007.6667': ['1.886', '0.134', '0.080', '0.25117', '0.96794', '-0.00047', '-0.96794',
    '0.25117', '-0.00015', '-0.00002', '0.00049', '1.00000']
  '007.7333': ['1.886', '0.134', '0.080', '0.25186', '0.96776', '-0.00047', '-0.96776',
    '0.25186', '-0.00015', '-0.00002', '0.00049', '1.00000']
  '007.8000': ['1.886', '0.134', '0.080', '0.25245', '0.96761', '-0.00047', '-0.96761',
    '0.25245', '-0.00014', '-0.00002', '0.00049', '1.00000']
  '007.8667': ['1.886', '0.134', '0.080', '0.25161', '0.96783', '-0.00047', '-0.96783',
    '0.25161', '-0.00015', '-0.00002', '0.00049', '1.00000']
  '007.9333': ['1.886', '0.134', '0.080', '0.25281', '0.96751', '-0.00047', '-0.96751',
    '0.25281', '-0.00014', '-0.00002', '0.00049', '1.00000']
  '008.0000': ['1.886', '0.134', '0.080', '0.25374', '0.96727', '-0.00047', '-0.96727',
    '0.25374', '-0.00015', '-0.00002', '0.00049', '1.00000']
  '008.0667': ['1.886', '0.134', '0.080', '0.25109', '0.96796', '-0.00046', '-0.96796',
    '0.25109', '-0.00015', '-0.00003', '0.00048', '1.00000']
  '008.1333': ['1.886', '0.134', '0.080', '0.25285', '0.96750', '-0.00048', '-0.96750',
    '0.25285', '-0.00015', '-0.00002', '0.00050', '1.00000']
  '008.2000': ['1.886', '0.134', '0.080', '0.25167', '0.96781', '-0.00047', '-0.96781',
    '0.25167', '-0.00015', '-0.00003', '0.00049', '1.00000']
  '008.2667': ['1.886', '0.133', '0.080', '0.25271', '0.96754', '-0.00047', '-0.96754',
    '0.25271', '-0.00014', '-0.00002', '0.00049', '1.00000']
  '008.3333': ['1.886', '0.134', '0.080', '0.25145', '0.96787', '-0.00047', '-0.96787',
    '0.25145', '-0.00014', '-0.00002', '0.00049', '1.00000']
  '008.4000': ['1.886', '0.134', '0.080', '0.24979', '0.96830', '-0.00046', '-0.96830',
    '0.24979', '-0.00015', '-0.00003', '0.00049', '1.00000']
  '008.4667': ['1.886', '0.134', '0.080', '0.25118', '0.96794', '-0.00046', '-0.96794',
    '0.25118', '-0.00014', '-0.00002', '0.00048', '1.00000']
  '008.5333': ['1.886', '0.134', '0.080', '0.25294', '0.96748', '-0.00047', '-0.96748',
    '0.25294', '-0.00015', '-0.00003', '0.00049', '1.00000']
  '008.6000': ['1.886', '0.134', '0.080', '0.25161', '0.96783', '-0.00046', '-0.96783',
    '0.25161', '-0.00015', '-0.00002', '0.00048', '1.00000']
  '008.6667': ['1.886', '0.134', '0.080', '0.25252', '0.96759', '-0.00047', '-0.96759',
    '0.25252', '-0.00015', '-0.00002', '0.00050', '1.00000']
  '008.7333': ['1.886', '0.134', '0.080', '0.25288', '0.96750', '-0.00048', '-0.96750',
    '0.25288', '-0.00015', '-0.00003', '0.00050', '1.00000']
  '008.8000': ['1.886', '0.134', '0.080', '0.25209', '0.96770', '-0.00047', '-0.96770',
    '0.25209', '-0.00014', '-0.00002', '0.00049', '1.00000']
  '008.8667': ['1.886', '0.134', '0.080', '0.25306', '0.96745', '-0.00047', '-0.96745',
    '0.25306', '-0.00015', '-0.00002', '0.00050', '1.00000']
  '008.9333': ['1.886', '0.134', '0.080', '0.25043', '0.96813', '-0.00046', '-0.96813',
    '0.25043', '-0.00015', '-0.00003', '0.00048', '1.00000']
  '009.0000': ['1.886', '0.134', '0.080', '0.25270', '0.96754', '-0.00048', '-0.96754',
    '0.25270', '-0.00015', '-0.00002', '0.00050', '1.00000']
  '009.0667': ['1.886', '0.134', '0.080', '0.25153', '0.96785', '-0.00047', '-0.96785',
    '0.25153', '-0.00015', '-0.00002', '0.00049', '1.00000']
  '009.1333': ['1.886', '0.134', '0.080', '0.25197', '0.96774', '-0.00047', '-0.96774',
    '0.25197', '-0.00015', '-0.00003', '0.00049', '1.00000']
  '009.2000': ['1.886', '0.134', '0.080', '0.25304', '0.96746', '-0.00047', '-0.96746',
    '0.25304', '-0.00015', '-0.00002', '0.00050', '1.00000']
  '009.2667': ['1.886', '0.134', '0.080', '0.25230', '0.96765', '-0.00047', '-0.96765',
    '0.25230', '-0.00015', '-0.00002', '0.00049', '1.00000']
  '009.3333': ['1.886', '0.134', '0.080', '0.25208', '0.96771', '-0.00046', '-0.96771',
    '0.25208', '-0.00015', '-0.00003', '0.00049', '1.00000']
  '009.4000': ['1.886', '0.134', '0.080', '0.25183', '0.96777', '-0.00046', '-0.96777',
    '0.25183', '-0.00015', '-0.00003', '0.00048', '1.00000']
  '009.4667': ['1.886', '0.134', '0.080', '0.25327', '0.96740', '-0.00047', '-0.96740',
    '0.25327', '-0.00015', '-0.00002', '0.00050', '1.00000']
  '009.5333': ['1.886', '0.134', '0.080', '0.25215', '0.96769', '-0.00047', '-0.96769',
    '0.25215', '-0.00015', '-0.00003', '0.00049', '1.00000']
  '009.6000': ['1.886', '0.135', '0.080', '0.25002', '0.96824', '-0.00046', '-0.96824',
    '0.25002', '-0.00015', '-0.00003', '0.00048', '1.00000']
  '009.6667': ['1.886', '0.134', '0.080', '0.25290', '0.96749', '-0.00047', '-0.96749',
    '0.25290', '-0.00015', '-0.00003', '0.00050', '1.00000']
  '009.7333': ['1.886', '0.134', '0.080', '0.25136', '0.96789', '-0.00046', '-0.96789',
    '0.25136', '-0.00015', '-0.00003', '0.00049', '1.00000']
  '009.8000': ['1.886', '0.134', '0.080', '0.25266', '0.96756', '-0.00047', '-0.96756',
    '0.25266', '-0.00015', '-0.00002', '0.00049', '1.00000']
  '009.8667': ['1.886', '0.134', '0.080', '0.25045', '0.96813', '-0.00046', '-0.96813',
    '0.25045', '-0.00015', '-0.00003', '0.00049', '1.00000']
  '009.9333': ['1.886', '0.134', '0.080', '0.25074', '0.96805', '-0.00047', '-0.96805',
    '0.25074', '-0.00015', '-0.00003', '0.00049', '1.00000']
  '010.0000': ['1.886', '0.134', '0.080', '0.25335', '0.96737', '-0.00047', '-0.96738',
    '0.25335', '-0.00015', '-0.00002', '0.00049', '1.00000']
  '010.0667': ['1.886', '0.134', '0.080', '0.25261', '0.96757', '-0.00047', '-0.96757',
    '0.25261', '-0.00015', '-0.00002', '0.00050', '1.00000']
  '010.1333': ['1.886', '0.134', '0.080', '0.25325', '0.96740', '-0.00047', '-0.96740',
    '0.25325', '-0.00015', '-0.00003', '0.00050', '1.00000']
  '010.2000': ['1.886', '0.134', '0.080', '0.25226', '0.96766', '-0.00046', '-0.96766',
    '0.25226', '-0.00014', '-0.00002', '0.00049', '1.00000']
  '010.2667': ['1.886', '0.134', '0.080', '0.25338', '0.96737', '-0.00047', '-0.96737',
    '0.25338', '-0.00015', '-0.00003', '0.00050', '1.00000']
  '010.3333': ['1.886', '0.134', '0.080', '0.25033', '0.96816', '-0.00047', '-0.96816',
    '0.25033', '-0.00015', '-0.00003', '0.00049', '1.00000']
  '010.4000': ['1.886', '0.134', '0.080', '0.25477', '0.96700', '-0.00047', '-0.96700',
    '0.25477', '-0.00015', '-0.00002', '0.00049', '1.00000']
  '010.4667': ['1.886', '0.135', '0.080', '0.25021', '0.96819', '-0.00046', '-0.96819',
    '0.25021', '-0.00015', '-0.00003', '0.00048', '1.00000']
  '010.5333': ['1.886', '0.134', '0.080', '0.25235', '0.96764', '-0.00047', '-0.96764',
    '0.25235', '-0.00015', '-0.00002', '0.00049', '1.00000']
  '010.6000': ['1.886', '0.134', '0.080', '0.25068', '0.96807', '-0.00047', '-0.96807',
    '0.25068', '-0.00015', '-0.00003', '0.00049', '1.00000']
  '010.6667': ['1.886', '0.134', '0.080', '0.25056', '0.96810', '-0.00047', '-0.96810',
    '0.25056', '-0.00015', '-0.00003', '0.00049', '1.00000']
  '010.7333': ['1.886', '0.134', '0.080', '0.25175', '0.96779', '-0.00047', '-0.96779',
    '0.25175', '-0.00015', '-0.00003', '0.00049', '1.00000']
  '010.8000': ['1.886', '0.134', '0.080', '0.25292', '0.96749', '-0.00047', '-0.96749',
    '0.25292', '-0.00015', '-0.00003', '0.00050', '1.00000']
  '010.8667': ['1.886', '0.134', '0.080', '0.25036', '0.96815', '-0.00046', '-0.96815',
    '0.25036', '-0.00015', '-0.00003', '0.00049', '1.00000']
  '010.9333': ['1.886', '0.134', '0.080', '0.25122', '0.96793', '-0.00046', '-0.96793',
    '0.25122', '-0.00015', '-0.00003', '0.00049', '1.00000']
  '011.0000': ['1.886', '0.135', '0.080', '0.24995', '0.96826', '-0.00046', '-0.96826',
    '0.24995', '-0.00015', '-0.00003', '0.00048', '1.00000']
  '011.0667': ['1.886', '0.135', '0.080', '0.25084', '0.96803', '-0.00046', '-0.96803',
    '0.25084', '-0.00015', '-0.00003', '0.00049', '1.00000']
  '011.1333': ['1.886', '0.134', '0.080', '0.25325', '0.96740', '-0.00048', '-0.96740',
    '0.25325', '-0.00016', '-0.00003', '0.00050', '1.00000']
  '011.2000': ['1.886', '0.134', '0.080', '0.25350', '0.96734', '-0.00048', '-0.96734',
    '0.25350', '-0.00015', '-0.00002', '0.00050', '1.00000']
  '011.2667': ['1.886', '0.134', '0.080', '0.25395', '0.96722', '-0.00047', '-0.96722',
    '0.25395', '-0.00015', '-0.00003', '0.00049', '1.00000']
  '011.3333': ['1.886', '0.134', '0.080', '0.25381', '0.96726', '-0.00047', '-0.96726',
    '0.25381', '-0.00015', '-0.00003', '0.00049', '1.00000']
  '011.4000': ['1.886', '0.134', '0.080', '0.25050', '0.96812', '-0.00046', '-0.96812',
    '0.25050', '-0.00015', '-0.00003', '0.00048', '1.00000']
  '011.4667': ['1.886', '0.134', '0.080', '0.25362', '0.96730', '-0.00047', '-0.96730',
    '0.25362', '-0.00015', '-0.00003', '0.00049', '1.00000']
  '011.5333': ['1.886', '0.134', '0.080', '0.25290', '0.96749', '-0.00047', '-0.96749',
    '0.25290', '-0.00015', '-0.00002', '0.00049', '1.00000']
  '011.6000': ['1.886', '0.134', '0.080', '0.25357', '0.96732', '-0.00047', '-0.96732',
    '0.25357', '-0.00015', '-0.00003', '0.00050', '1.00000']
  '011.6667': ['1.886', '0.134', '0.080', '0.25089', '0.96801', '-0.00046', '-0.96802',
    '0.25089', '-0.00015', '-0.00003', '0.00049', '1.00000']
  '011.7333': ['1.886', '0.134', '0.080', '0.25276', '0.96753', '-0.00047', '-0.96753',
    '0.25276', '-0.00014', '-0.00002', '0.00049', '1.00000']
  '011.8000': ['1.886', '0.134', '0.080', '0.25373', '0.96728', '-0.00048', '-0.96728',
    '0.25373', '-0.00016', '-0.00003', '0.00050', '1.00000']
  '011.8667': ['1.886', '0.134', '0.080', '0.24894', '0.96852', '-0.00045', '-0.96852',
    '0.24894', '-0.00014', '-0.00002', '0.00047', '1.00000']
  '011.9333': ['1.886', '0.135', '0.080', '0.25056', '0.96810', '-0.00046', '-0.96810',
    '0.25056', '-0.00015', '-0.00003', '0.00049', '1.00000']
  '012.0000': ['1.886', '0.134', '0.080', '0.25279', '0.96752', '-0.00047', '-0.96752',
    '0.25279', '-0.00014', '-0.00002', '0.00049', '1.00000']
  '012.0667': ['1.886', '0.134', '0.080', '0.25199', '0.96773', '-0.00047', '-0.96773',
    '0.25199', '-0.00015', '-0.00003', '0.00049', '1.00000']
  '012.1333': ['1.886', '0.134', '0.080', '0.25327', '0.96740', '-0.00047', '-0.96740',
    '0.25327', '-0.00015', '-0.00003', '0.00049', '1.00000']
  '012.2000': ['1.886', '0.135', '0.080', '0.25061', '0.96809', '-0.00046', '-0.96809',
    '0.25061', '-0.00015', '-0.00003', '0.00048', '1.00000']
  '012.2667': ['1.886', '0.135', '0.080', '0.25124', '0.96792', '-0.00047', '-0.96792',
    '0.25124', '-0.00015', '-0.00003', '0.00049', '1.00000']
  '012.3333': ['1.886', '0.135', '0.080', '0.25150', '0.96786', '-0.00046', '-0.96786',
    '0.25150', '-0.00015', '-0.00003', '0.00048', '1.00000']
  '012.4000': ['1.886', '0.134', '0.080', '0.25282', '0.96751', '-0.00047', '-0.96751',
    '0.25282', '-0.00015', '-0.00003', '0.00050', '1.00000']
  '012.4667': ['1.886', '0.135', '0.080', '0.25104', '0.96798', '-0.00046', '-0.96798',
    '0.25104', '-0.00016', '-0.00004', '0.00049', '1.00000']
  '012.5333': ['1.886', '0.135', '0.080', '0.25015', '0.96821', '-0.00046', '-0.96821',
    '0.25015', '-0.00016', '-0.00004', '0.00048', '1.00000']
  '012.6000': ['1.886', '0.134', '0.080', '0.25371', '0.96728', '-0.00048', '-0.96728',
    '0.25371', '-0.00016', '-0.00003', '0.00050', '1.00000']
  '012.6667': ['1.886', '0.134', '0.080', '0.25222', '0.96767', '-0.00047', '-0.96767',
    '0.25222', '-0.00015', '-0.00003', '0.00049', '1.00000']
  '012.7333': ['1.886', '0.134', '0.080', '0.25327', '0.96740', '-0.00047', '-0.96740',
    '0.25327', '-0.00015', '-0.00002', '0.00050', '1.00000']
  '012.8000': ['1.886', '0.134', '0.080', '0.25324', '0.96740', '-0.00047', '-0.96740',
    '0.25324', '-0.00015', '-0.00003', '0.00050', '1.00000']
  '012.8667': ['1.886', '0.134', '0.080', '0.25389', '0.96723', '-0.00048', '-0.96723',
    '0.25389', '-0.00016', '-0.00003', '0.00050', '1.00000']
  '012.9333': ['1.886', '0.134', '0.080', '0.25095', '0.96800', '-0.00046', '-0.96800',
    '0.25095', '-0.00015', '-0.00003', '0.00049', '1.00000']
  '013.0000': ['1.886', '0.134', '0.080', '0.25310', '0.96744', '-0.00047', '-0.96744',
    '0.25310', '-0.00015', '-0.00002', '0.00049', '1.00000']
  '013.0667': ['1.886', '0.134', '0.080', '0.25262', '0.96757', '-0.00047', '-0.96757',
    '0.25262', '-0.00015', '-0.00002', '0.00049', '1.00000']
  '013.1333': ['1.885', '0.133', '0.080', '0.24693', '0.96903', '-0.00044', '-0.96903',
    '0.24693', '-0.00013', '-0.00002', '0.00046', '1.00000']
  '013.2000': ['1.885', '0.132', '0.080', '0.24571', '0.96934', '-0.00044', '-0.96934',
    '0.24571', '-0.00013', '-0.00002', '0.00046', '1.00000']
  '013.2667': ['1.885', '0.132', '0.080', '0.25097', '0.96799', '-0.00046', '-0.96799',
    '0.25097', '-0.00013', '-0.00001', '0.00048', '1.00000']
  '013.3333': ['1.885', '0.132', '0.080', '0.25312', '0.96743', '-0.00047', '-0.96743',
    '0.25312', '-0.00013', '-0.00001', '0.00049', '1.00000']
  '013.4000': ['1.885', '0.133', '0.080', '0.25298', '0.96747', '-0.00049', '-0.96747',
    '0.25298', '-0.00015', '-0.00002', '0.00051', '1.00000']
  '013.4667': ['1.885', '0.134', '0.080', '0.24735', '0.96892', '-0.00046', '-0.96893',
    '0.24735', '-0.00014', '-0.00002', '0.00048', '1.00000']
  '013.5333': ['1.885', '0.133', '0.080', '0.25217', '0.96768', '-0.00047', '-0.96768',
    '0.25217', '-0.00012', '-0.00000', '0.00049', '1.00000']
  '015.8667': ['1.311', '1.020', '0.080', '-0.99912', '0.04186', '-0.00033', '-0.04186',
    '-0.99912', '0.00018', '-0.00032', '0.00020', '1.00000']
  '015.9333': ['1.317', '1.014', '0.080', '-0.99952', '0.03089', '-0.00039', '-0.03089',
    '-0.99952', '0.00023', '-0.00038', '0.00024', '1.00000']
  '016.0000': ['1.319', '1.013', '0.080', '-0.99959', '0.02871', '-0.00041', '-0.02871',
    '-0.99959', '0.00025', '-0.00040', '0.00026', '1.00000']
  '016.0667': ['1.319', '1.012', '0.080', '-0.99953', '0.03061', '-0.00041', '-0.03061',
    '-0.99953', '0.00025', '-0.00040', '0.00027', '1.00000']
  '016.1333': ['1.318', '1.014', '0.080', '-0.99953', '0.03068', '-0.00039', '-0.03068',
    '-0.99953', '0.00024', '-0.00038', '0.00026', '1.00000']
  '016.2000': ['1.317', '1.015', '0.080', '-0.99954', '0.03042', '-0.00039', '-0.03042',
    '-0.99954', '0.00023', '-0.00038', '0.00025', '1.00000']
  '016.2667': ['1.319', '1.013', '0.080', '-0.99958', '0.02896', '-0.00040', '-0.02896',
    '-0.99958', '0.00025', '-0.00040', '0.00026', '1.00000']
  '016.3333': ['1.319', '1.013', '0.080', '-0.99954', '0.03047', '-0.00040', '-0.03047',
    '-0.99954', '0.00025', '-0.00039', '0.00027', '1.00000']
  '016.4000': ['1.319', '1.013', '0.080', '-0.99955', '0.03003', '-0.00040', '-0.03003',
    '-0.99955', '0.00025', '-0.00039', '0.00026', '1.00000']
  '016.4667': ['1.316', '1.016', '0.080', '-0.99953', '0.03063', '-0.00038', '-0.03063',
    '-0.99953', '0.00022', '-0.00037', '0.00023', '1.00000']
  '016.5333': ['1.318', '1.014', '0.080', '-0.99949', '0.03184', '-0.00039', '-0.03184',
    '-0.99949', '0.00024', '-0.00038', '0.00025', '1.00000']
  '016.6000': ['1.319', '1.013', '0.080', '-0.99955', '0.03007', '-0.00040', '-0.03007',
    '-0.99955', '0.00024', '-0.00039', '0.00025', '1.00000']
  '016.6667': ['1.317', '1.015', '0.080', '-0.99962', '0.02756', '-0.00040', '-0.02756',
    '-0.99962', '0.00023', '-0.00040', '0.00024', '1.00000']
  '016.7333': ['1.317', '1.014', '0.080', '-0.99959', '0.02846', '-0.00039', '-0.02846',
    '-0.99959', '0.00024', '-0.00038', '0.00026', '1.00000']
  '016.8000': ['1.318', '1.014', '0.080', '-0.99953', '0.03078', '-0.00039', '-0.03078',
    '-0.99953', '0.00024', '-0.00039', '0.00025', '1.00000']
  '016.8667': ['1.317', '1.014', '0.080', '-0.99957', '0.02922', '-0.00040', '-0.02922',
    '-0.99957', '0.00024', '-0.00040', '0.00025', '1.00000']
  '016.9333': ['1.318', '1.014', '0.080', '-0.99950', '0.03153', '-0.00039', '-0.03153',
    '-0.99950', '0.00024', '-0.00039', '0.00025', '1.00000']
  '017.0000': ['1.318', '1.014', '0.080', '-0.99953', '0.03052', '-0.00039', '-0.03052',
    '-0.99953', '0.00025', '-0.00039', '0.00026', '1.00000']
  '017.0667': ['1.316', '1.016', '0.080', '-0.99951', '0.03125', '-0.00039', '-0.03125',
    '-0.99951', '0.00023', '-0.00038', '0.00024', '1.00000']
  '017.1333': ['1.319', '1.013', '0.080', '-0.99964', '0.02696', '-0.00040', '-0.02696',
    '-0.99964', '0.00025', '-0.00040', '0.00026', '1.00000']
  '017.2000': ['1.317', '1.014', '0.080', '-0.99958', '0.02892', '-0.00040', '-0.02892',
    '-0.99958', '0.00024', '-0.00039', '0.00025', '1.00000']
  '017.2667': ['1.318', '1.014', '0.080', '-0.99952', '0.03109', '-0.00039', '-0.03109',
    '-0.99952', '0.00025', '-0.00039', '0.00026', '1.00000']
  '017.3333': ['1.317', '1.015', '0.080', '-0.99963', '0.02734', '-0.00040', '-0.02734',
    '-0.99963', '0.00024', '-0.00039', '0.00025', '1.00000']
  '017.4000': ['1.317', '1.015', '0.080', '-0.99949', '0.03179', '-0.00039', '-0.03179',
    '-0.99949', '0.00023', '-0.00038', '0.00024', '1.00000']
  '017.4667': ['1.316', '1.015', '0.080', '-0.99945', '0.03323', '-0.00038', '-0.03323',
    '-0.99945', '0.00024', '-0.00037', '0.00025', '1.00000']
  '017.5333': ['1.318', '1.014', '0.080', '-0.99965', '0.02636', '-0.00040', '-0.02636',
    '-0.99965', '0.00025', '-0.00039', '0.00026', '1.00000']
  '017.6000': ['1.317', '1.014', '0.080', '-0.99960', '0.02818', '-0.00039', '-0.02818',
    '-0.99960', '0.00024', '-0.00039', '0.00025', '1.00000']
  '017.6666': ['1.316', '1.015', '0.080', '-0.99954', '0.03045', '-0.00039', '-0.03045',
    '-0.99954', '0.00023', '-0.00038', '0.00024', '1.00000']
  '017.7333': ['1.319', '1.013', '0.080', '-0.99956', '0.02961', '-0.00040', '-0.02961',
    '-0.99956', '0.00025', '-0.00039', '0.00026', '1.00000']
  '017.8000': ['1.317', '1.014', '0.080', '-0.99956', '0.02977', '-0.00039', '-0.02977',
    '-0.99956', '0.00024', '-0.00039', '0.00025', '1.00000']
  '017.8666': ['1.317', '1.014', '0.080', '-0.99953', '0.03054', '-0.00040', '-0.03054',
    '-0.99953', '0.00024', '-0.00039', '0.00025', '1.00000']
  '017.9333': ['1.319', '1.013', '0.080', '-0.99958', '0.02888', '-0.00040', '-0.02888',
    '-0.99958', '0.00025', '-0.00039', '0.00026', '1.00000']
  '018.0000': ['1.317', '1.014', '0.080', '-0.99952', '0.03111', '-0.00039', '-0.03111',
    '-0.99952', '0.00024', '-0.00038', '0.00025', '1.00000']
  '018.0666': ['1.316', '1.016', '0.080', '-0.99962', '0.02759', '-0.00039', '-0.02759',
    '-0.99962', '0.00023', '-0.00038', '0.00024', '1.00000']
  '018.1333': ['1.316', '1.015', '0.080', '-0.99955', '0.03004', '-0.00039', '-0.03004',
    '-0.99955', '0.00024', '-0.00038', '0.00025', '1.00000']
  '018.2000': ['1.318', '1.014', '0.080', '-0.99954', '0.03023', '-0.00040', '-0.03023',
    '-0.99954', '0.00024', '-0.00039', '0.00025', '1.00000']
  '018.2666': ['1.318', '1.014', '0.080', '-0.99955', '0.02991', '-0.00040', '-0.02991',
    '-0.99955', '0.00024', '-0.00039', '0.00025', '1.00000']
  '018.3333': ['1.317', '1.014', '0.080', '-0.99947', '0.03263', '-0.00038', '-0.03263',
    '-0.99947', '0.00024', '-0.00038', '0.00025', '1.00000']
  '018.4000': ['1.318', '1.014', '0.080', '-0.99959', '0.02876', '-0.00040', '-0.02876',
    '-0.99959', '0.00024', '-0.00039', '0.00025', '1.00000']
  '018.4666': ['1.319', '1.013', '0.080', '-0.99954', '0.03043', '-0.00039', '-0.03043',
    '-0.99954', '0.00025', '-0.00039', '0.00026', '1.00000']
  '018.5333': ['1.317', '1.014', '0.080', '-0.99946', '0.03276', '-0.00039', '-0.03277',
    '-0.99946', '0.00024', '-0.00038', '0.00026', '1.00000']
  '018.6000': ['1.317', '1.015', '0.080', '-0.99949', '0.03178', '-0.00038', '-0.03178',
    '-0.99949', '0.00024', '-0.00038', '0.00025', '1.00000']
  '018.6666': ['1.316', '1.016', '0.080', '-0.99959', '0.02852', '-0.00038', '-0.02852',
    '-0.99959', '0.00022', '-0.00038', '0.00023', '1.00000']
  '018.7333': ['1.317', '1.014', '0.080', '-0.99961', '0.02780', '-0.00039', '-0.02780',
    '-0.99961', '0.00024', '-0.00039', '0.00025', '1.00000']
  '018.8000': ['1.317', '1.014', '0.080', '-0.99961', '0.02788', '-0.00040', '-0.02788',
    '-0.99961', '0.00024', '-0.00039', '0.00025', '1.00000']
  '018.8666': ['1.317', '1.015', '0.080', '-0.99957', '0.02926', '-0.00040', '-0.02926',
    '-0.99957', '0.00024', '-0.00039', '0.00025', '1.00000']
  '018.9333': ['1.317', '1.015', '0.080', '-0.99956', '0.02977', '-0.00039', '-0.02977',
    '-0.99956', '0.00024', '-0.00039', '0.00025', '1.00000']
  '019.0000': ['1.318', '1.013', '0.080', '-0.99958', '0.02910', '-0.00040', '-0.02910',
    '-0.99958', '0.00025', '-0.00039', '0.00026', '1.00000']
  '019.0666': ['1.317', '1.015', '0.080', '-0.99950', '0.03155', '-0.00038', '-0.03155',
    '-0.99950', '0.00024', '-0.00038', '0.00025', '1.00000']
  '019.1333': ['1.317', '1.014', '0.080', '-0.99948', '0.03209', '-0.00039', '-0.03209',
    '-0.99948', '0.00024', '-0.00038', '0.00025', '1.00000']
  '019.2000': ['1.316', '1.015', '0.080', '-0.99955', '0.02990', '-0.00038', '-0.02990',
    '-0.99955', '0.00023', '-0.00037', '0.00024', '1.00000']
  '019.2666': ['1.318', '1.014', '0.080', '-0.99964', '0.02670', '-0.00040', '-0.02670',
    '-0.99964', '0.00024', '-0.00039', '0.00025', '1.00000']
  '019.3333': ['1.319', '1.013', '0.080', '-0.99958', '0.02912', '-0.00040', '-0.02912',
    '-0.99958', '0.00025', '-0.00039', '0.00026', '1.00000']
  '019.4000': ['1.319', '1.013', '0.080', '-0.99956', '0.02961', '-0.00039', '-0.02961',
    '-0.99956', '0.00025', '-0.00039', '0.00026', '1.00000']
  '019.4666': ['1.317', '1.014', '0.080', '-0.99959', '0.02872', '-0.00040', '-0.02872',
    '-0.99959', '0.00024', '-0.00039', '0.00025', '1.00000']
  '019.5333': ['1.318', '1.014', '0.080', '-0.99961', '0.02774', '-0.00040', '-0.02774',
    '-0.99962', '0.00025', '-0.00039', '0.00026', '1.00000']
  '019.6000': ['1.317', '1.015', '0.080', '-0.99962', '0.02762', '-0.00040', '-0.02762',
    '-0.99962', '0.00024', '-0.00039', '0.00025', '1.00000']
  '019.6666': ['1.317', '1.014', '0.080', '-0.99955', '0.02986', '-0.00040', '-0.02986',
    '-0.99955', '0.00024', '-0.00039', '0.00025', '1.00000']
  '019.7333': ['1.317', '1.015', '0.080', '-0.99957', '0.02940', '-0.00039', '-0.02941',
    '-0.99957', '0.00023', '-0.00039', '0.00024', '1.00000']
  '019.8000': ['1.316', '1.015', '0.080', '-0.99953', '0.03075', '-0.00038', '-0.03075',
    '-0.99953', '0.00023', '-0.00037', '0.00024', '1.00000']
  '019.8666': ['1.319', '1.012', '0.080', '-0.99965', '0.02664', '-0.00040', '-0.02664',
    '-0.99965', '0.00026', '-0.00039', '0.00027', '1.00000']
  '019.9333': ['1.310', '1.015', '0.080', '-0.99957', '0.02934', '-0.00042', '-0.02934',
    '-0.99957', '0.00024', '-0.00041', '0.00025', '1.00000']
  '020.0000': ['1.301', '1.016', '0.080', '-0.99956', '0.02959', '-0.00042', '-0.02959',
    '-0.99956', '0.00021', '-0.00042', '0.00022', '1.00000']
  '020.0666': ['1.288', '1.016', '0.080', '-0.99949', '0.03197', '-0.00045', '-0.03197',
